0.009988	0
0.0093184	1
0.011701	1
0.0052159	1
0.0054301	1
0.012839	1
0.013744	1
0.0057734	1
0.0038714	1
0.0074825	1
0.0075796	1
0.010337	1
0.010163	1
0.0096462	1
0.0037399	1
0.011465	1
0.010974	1
0.013238	1
0.0059181	1
0.010923	1
0.0056476	1
0.005262	1
0.0050345	1
0.012552	1
0.013227	1
0.019355	1
0.016501	1
0.01406	1
0.0022692	1
0.0045065	1
0.0050386	1
0.010667	1
0.011184	1
0.011741	1
0.0091849	1
0.0087997	1
0.0071666	1
0.0067365	1
0.0169	1
0.018642	1
0.01645	1
0.0065139	1
0.0042632	1
0.0010451	1
0.011559	1
0.0099867	1
0.016038	1
0.013425	1
0.014206	1
0.0044528	1
0.013241	1
0.012334	1
0.01135	1
0.0093469	1
0.012905	1
0.01604	1
0.0034993	1
0.0048343	1
0.011185	1
0.0091075	1
0.0087577	1
0.012256	1
0.010521	1
0.012291	1
0.009268	1
0.014169	1
0.014173	1
0.010965	1
0.013116	1
0.014515	1
0.0020909	1
0.0033651	1
0.0033501	1
0.011527	1
0.017162	1
0.01727	1
0.0072416	1
0.003312	1
0.0065092	1
0.0041888	1
0.0049761	1
0.0068639	1
0.017869	1
0.02052	1
0.021949	1
0.0070804	1
0.0072147	1
0.0041474	1
0.0045368	1
0.004695	1
0.004672	1
0.012704	1
0.018948	1
0.018785	1
0.024059	1
0.0068306	1
0.0061051	1
0.0069435	1
0.010885	1
0.01179	1
0.0073447	1
0.0070305	1
0.0046182	1
0.014774	1
0.013601	1
0.018646	1
0.020714	1
0.0256	1
0.0083863	1
0.0094579	1
0.0033918	1
0.0063017	1
0.0086348	1
0.0072719	1
0.021336	1
0.016378	1
0.015088	1
0.0048011	1
0.008002	1
0.008024	1
0.003103	1
0.011765	1
0.013261	1
0.025102	1
0.03058	1
0.03066	1
0.012543	1
0.016132	1
0.016343	1
0.011459	1
0.0040353	1
0.0036882	1
0.0041037	1
0.024558	1
0.020096	1
0.02062	1
0.0053669	1
0.017163	1
0.01713	1
0.013185	1
0.011539	1
0.026104	1
0.016825	1
0.0087222	1
0.0083691	1
0.0086105	1
0.01256	1
0.012764	0
0.011217	1
0.0091627	0
0.0080186	1
0.008607	1
0.0085745	1
0.009477	1
0.013894	1
0.013984	1
0.019753	1
0.012897	1
0.023836	1
0.014238	1
0.012515	1
0.011714	1
0.012389	1
0.0060009	1
0.0062396	1
0.00615	1
0.0051595	1
0.010565	1
0.024398	1
0.030817	0
0.029191	0
0.021298	1
0.0061488	0
0.0095102	1
0.0036929	1
0.0066377	1
0.0047786	1
0.0076103	1
0.0071081	1
0.0075157	1
0.022933	1
0.022371	1
0.013753	1
0.007648	1
0.0088393	1
0.012157	1
0.0088625	1
0.01117	1
0.0075575	1
0.0083742	1
0.0077963	1
0.01761	1
0.017935	1
0.013239	1
0.022148	1
0.015829	1
0.022201	1
0.020764	1
0.0085824	1
0.01077	1
0.03905	1
0.038741	1
0.032337	1
0.018833	1
0.019813	1
0.015985	1
0.010075	1
0.01903	1
0.01904	1
0.0123	1
0.013509	1
0.023789	1
0.023709	1
0.015911	1
0.0011948	1
0.002828	1
0.007779	1
0.0089813	1
0.0082241	1
0.0036304	1
0.0044418	1
0.0061494	1
0.0051452	1
0.0067239	1
0.0073434	1
0.0076954	1
0.0077298	1
0.0068119	1
0.014334	1
0.012535	1
0.017212	1
0.005192	1
0.014455	1
0.010772	1
0.0089486	1
0.0081773	1
0.019444	1
0.019213	1
0.021512	1
0.011116	1
0.016153	1
0.011104	1
0.010026	1
0.0069549	1
0.0068357	1
0.0065785	1
0.015861	1
0.012673	1
0.016603	1
0.018222	1
0.011473	1
0.016864	1
0.0099616	1
0.0098348	1
0.0099507	1
0.010566	1
0.011587	1
0.0082609	1
0.018206	1
0.018074	1
0.012174	1
0.010086	1
0.0099854	1
0.0080192	1
0.0043941	1
0.0050961	1
0.012751	1
0.012577	1
0.0096168	1
0.0043147	1
0.0062528	1
0.010463	1
0.010163	1
0.0095352	1
0.0044871	1
0.0049578	1
0.0085144	1
0.015807	1
0.017943	1
0.015562	1
0.0157	1
0.0098231	1
0.012723	1
0.0025104	1
0.014181	1
0.013638	1
0.010594	1
0.010041	1
0.0022842	1
0.015355	1
0.016305	1
0.016038	1
0.0032613	1
0.0034616	1
0.011518	1
0.011827	1
0.01262	1
0.013503	1
0.011898	1
0.0069465	1
0.0074697	1
0.006945	1
0.0067458	1
0.010119	1
0.011054	1
0.011764	1
0.0041606	1
0.012306	1
0.011816	1
0.0077067	1
0.0017222	1
0.0081897	1
0.015808	1
0.021154	1
0.02014	1
0.015502	1
0.007363	1
0.0048245	1
0.015655	1
0.014167	1
0.01407	1
0.0030515	1
0.0076452	1
0.009568	1
0.0097564	1
0.0091938	1
0.0060886	1
0.0039308	1
0.0035792	1
0.0032625	1
0.0086492	1
0.010599	1
0.01143	1
0.012364	1
0.0060975	1
0.0073269	1
0.0048088	1
0.0071286	1
0.014548	1
0.011276	1
0.0111	1
0.0064875	1
0.0041575	1
0.001398	1
0.0053509	1
0.0068475	1
0.0069395	1
0.0074788	1
0.011961	1
0.012872	1
0.012799	1
0.0076075	1
0.0048401	1
0.0074826	1
0.010835	1
0.010768	1
0.0094637	1
0.024639	1
0.022421	1
0.027027	1
0.0058778	1
0.0067304	1
0.0087631	1
0.015993	1
0.016022	1
0.014736	1
0.013688	1
0.014859	1
0.01579	1
0.004996	1
0.0094606	1
0.022122	1
0.021614	1
0.020855	1
0.017582	1
0.016256	1
0.015914	1
0.0061211	1
0.0050791	1
0.0031016	1
0.0031726	1
0.0081075	1
0.0090681	1
0.0086136	1
0.0084132	1
0.0083802	1
0.0053715	1
0.0087258	1
0.0073561	1
0.010519	1
0.006054	1
0.0089183	1
0.0081052	1
0.010939	1
0.0041896	1
0.0012207	1
0.0088824	1
0.0094529	1
0.011959	1
0.011463	1
0.012905	1
0.011857	1
0.0092361	1
0.0061186	1
0.003225	1
0.0098141	1
0.011743	1
0.011124	1
0.0085423	1
0.0097476	1
0.001853	1
0.0026461	1
0.011402	1
0.013162	1
0.014685	1
0.025124	1
0.019233	1
0.018954	1
0.010823	1
0.012744	1
0.0082121	1
0.0076835	1
0.032076	1
0.031997	1
0.027722	1
0.0021422	1
0.0028201	1
0.0056123	1
0.0059705	1
0.017348	1
0.014079	1
0.017335	1
0.0099154	1
0.012321	1
0.0089563	1
0.008729	1
0.004401	1
0.0043959	1
0.0031103	1
0.011422	1
0.028747	1
0.028422	1
0.023154	1
0.0089419	1
0.014508	1
0.013148	1
0.011042	1
0.0060633	1
0.0069431	1
0.0068331	1
0.02213	1
0.017916	1
0.014165	1
0.0048801	1
0.011277	1
0.011889	1
0.0097747	1
0.0040413	1
0.0071798	1
0.0051874	1
0.008388	1
0.011979	1
0.013118	1
0.020419	1
0.020798	1
0.019535	1
0.0087816	1
0.01279	1
0.022376	1
0.016143	1
0.038391	1
0.038377	1
0.039652	1
0.020946	1
0.011283	1
0.0037183	1
0.0052045	1
0.0043445	1
0.0089598	1
0.0077708	1
0.0099121	1
0.012229	1
0.024205	1
0.016701	1
0.018553	1
0.0020686	1
0.0083594	1
0.0091718	1
0.017948	1
0.019447	1
0.018123	1
0.00098546	1
0.0010442	1
0.001695	1
0.0058866	1
0.0059616	1
0.0053826	1
0.0024272	1
0.0036443	1
0.010383	1
0.0098079	1
0.0050147	1
0.015614	1
0.015885	1
0.03004	1
0.025644	1
0.025586	1
0.016537	1
0.0063132	1
0.013175	1
0.0086627	1
0.0083194	1
0.0060021	1
0.0056104	1
0.0063659	1
0.0059089	1
0.0099884	1
0.010128	1
0.016664	1
0.0067263	1
0.0059814	1
0.006794	1
0.0030068	1
0.0086979	1
0.0099571	1
0.0099055	1
0.0084029	1
0.0099092	1
0.011107	1
0.0051618	1
0.0048615	1
0.0065638	1
0.0072026	1
0.0066679	1
0.0078521	1
0.011131	1
0.020577	1
0.020985	1
0.0069157	1
0.0073471	1
0.019916	1
0.016658	1
0.030663	1
0.035145	1
0.036089	1
0.002577	1
0.011538	1
0.011021	1
0.0079226	1
0.0075656	1
0.0085023	1
0.0082961	1
0.019638	1
0.016951	1
0.028394	1
0.023508	1
0.035381	1
0.034118	1
0.018713	1
0.014864	1
0.011762	1
0.005044	1
0.015409	1
0.026728	1
0.018407	1
0.020321	1
0.0011376	1
0.0092492	1
0.013915	1
0.014902	1
0.011739	1
0.013063	1
0.011541	1
0.0064995	1
0.00987	1
0.0063276	1
0.0048913	1
0.016434	1
0.014941	1
0.017658	1
0.0071898	1
0.0037454	1
0.012562	1
0.011358	1
0.010194	1
0.0036321	1
0.0031976	1
0.015242	1
0.01459	1
0.013776	1
0.0041406	1
0.0018125	1
0.0035509	1
0.0085706	1
0.0084538	1
0.010126	1
0.0056291	1
0.020124	1
0.014698	1
0.016222	1
0.0054551	1
0.0087245	1
0.0092073	1
0.0086879	1
0.011734	1
0.018643	1
0.013921	1
0.014763	1
0.0061528	1
0.011398	1
0.013589	1
0.0049371	1
0.0047954	1
0.011869	1
0.013047	1
0.013038	1
0.0096049	1
0.010839	1
0.009276	1
0.012146	1
0.011077	1
0.014489	1
0.016984	1
0.0019658	1
0.0029765	1
0.0061053	1
0.0083166	1
0.008399	1
0.014527	1
0.014685	1
0.0095106	1
0.0033131	1
0.007357	1
0.0070321	1
0.0045281	1
0.0086859	1
0.012534	1
0.017157	1
0.017946	1
0.021642	1
0.013048	1
0.020462	1
0.020587	1
0.0068067	1
0.0062732	1
0.0011188	1
0.0023374	1
0.0079945	1
0.0065769	1
0.0064245	1
0.0093484	1
0.009111	1
0.011577	1
0.0084712	1
0.010478	1
0.0029619	1
0.0039232	1
0.0096987	1
0.0095647	1
0.0088134	1
0.0085572	1
0.0076776	1
0.008404	1
0.0054464	1
0.011826	1
0.013053	1
0.014726	1
0.0030379	1
0.012879	1
0.017601	1
0.017072	1
0.0098675	1
0.0092164	1
0.013508	1
0.0096548	1
0.011292	1
0.013601	1
0.0055858	1
0.0058205	1
0.0019284	1
0.0088714	1
0.0072091	1
0.0054006	1
0.0087113	1
0.008222	1
0.012615	1
0.015759	1
0.015545	1
0.015719	1
0.009769	1
0.010188	1
0.0092378	1
0.008157	1
0.0089227	1
0.01817	1
0.010889	1
0.011675	1
0.0065579	1
0.0061329	1
0.006999	1
0.011346	1
0.01283	1
0.013048	1
0.012216	1
0.0071332	1
0.0080816	1
0.015301	1
0.014657	1
0.0079439	1
0.0079742	1
0.0071798	1
0.0072736	1
0.0068776	1
0.0068743	1
0.019681	1
0.019952	1
0.021074	1
0.0050779	1
0.010286	1
0.011136	1
0.0090075	1
0.0089644	1
0.006874	1
0.027106	1
0.025208	1
0.018362	1
0.0054849	1
0.0033624	1
0.0031297	1
0.0028546	1
0.0057992	1
0.0061315	1
0.0087743	1
0.0092632	1
0.015482	1
0.011677	1
0.011751	1
0.0093379	1
0.0097196	1
0.009312	1
0.010163	1
0.0096691	1
0.0024748	1
0.00878	1
0.011113	1
0.010973	1
0.0033862	1
0.0051566	1
0.0067032	1
0.013925	1
0.013142	1
0.0066454	1
0.0007427	1
0.0052254	1
0.0052617	1
0.0048947	1
0.012944	1
0.013412	1
0.013516	1
0.0065306	1
0.0075089	1
0.0084339	1
0.0086317	1
0.012041	1
0.0062342	1
0.0065183	1
0.0053064	1
0.0061883	1
0.0071605	1
0.0090741	1
0.0084413	1
0.0035724	1
0.0054263	1
0.01045	1
0.011177	1
0.0089956	1
0.010148	1
0.0074274	1
0.0085007	1
0.0073446	1
0.0073026	1
0.01111	1
0.0088083	1
0.005543	1
0.010042	1
0.010309	1
0.0034952	1
0.0052149	1
0.0067592	1
0.0063568	1
0.0038105	1
0.0039269	1
0.0035926	1
0.0023342	1
0.0025696	1
0.0030027	1
0.0016392	1
0.0087761	1
0.0085005	1
0.0087046	1
0.0069662	1
0.0052808	1
0.0067162	1
0.0039325	1
0.0048215	1
0.0050351	1
0.0059126	1
0.0061094	1
0.0078382	1
0.0077469	1
0.0088353	1
0.01278	1
0.01683	1
0.0081035	1
0.011013	1
0.014865	1
0.015104	1
0.012965	1
0.0072277	1
0.0086976	1
0.014942	1
0.0093841	1
0.0095072	1
0.0052863	1
0.010152	1
0.01063	1
0.0052508	1
0.0048033	1
0.0026456	1
0.0052743	1
0.0072786	1
0.0078218	1
0.0059779	1
0.0052327	1
0.009361	1
0.0097752	1
0.0030823	1
0.0030116	1
0.0030419	1
0.0012842	1
0.005888	1
0.0076804	1
0.0017965	1
0.0061759	1
0.0050201	1
0.013523	1
0.01317	1
0.013917	1
0.0019171	1
0.014015	1
0.015521	1
0.019154	1
0.0098474	1
0.010804	1
0.0032364	1
0.0021925	1
0.0050551	1
0.0056592	1
0.0086663	1
0.0040376	1
0.0013474	1
0.0064939	1
0.0076869	1
0.007499	1
0.0066101	1
0.007009	1
0.0074427	1
0.0017523	1
0.0036048	1
0.0040927	1
0.015329	1
0.015535	1
0.0065264	1
0.0046896	1
0.0072021	1
0.0086864	1
0.0028807	1
0.0026368	1
0.0024587	1
0.014877	1
0.015935	1
0.014175	1
0.010576	1
0.010011	1
0.0034872	1
0.005276	1
0.0041821	1
0.0053454	1
0.01107	1
0.013156	1
0.0059325	1
0.006724	1
0.0013154	1
0.0041988	1
0.0079072	1
0.016513	1
0.016811	1
0.016027	1
0.020817	1
0.021466	1
0.043201	1
0.048426	1
0.041145	1
0.025009	1
0.010232	0
0.012553	0
0.0096345	0
0.015969	1
0.011169	1
0.0077476	1
0.016476	1
0.016536	1
0.033133	1
0.035358	1
0.017333	1
0.018166	1
0.011788	1
0.015414	1
0.015823	1
0.017445	1
0.013579	1
0.012773	1
0.010107	1
0.0047785	1
0.0047964	1
0.017765	1
0.016357	1
0.056272	1
0.05052	1
0.063135	1
0.021186	1
0.024185	1
0.0045039	1
0.009665	1
0.012732	1
0.0024047	1
0.0008198	1
0.00606	1
0.025538	1
0.024994	1
0.020323	1
0.0034001	1
0.013795	1
0.017999	1
0.0054131	1
0.0079675	1
0.0030933	1
0.0032757	1
0.0010235	1
0.01154	1
0.018774	1
0.018958	1
0.012101	1
0.018057	1
0.019165	1
0.01623	1
0.0083938	1
0.014313	0
0.012701	1
0.011302	1
0.012599	1
0.0093015	1
0.0089719	1
0.0087672	1
0.0058497	1
0.012766	1
0.012757	1
0.011317	1
0.010278	1
0.014712	1
0.0056247	1
0.0071961	1
0.014723	1
0.019373	1
0.019709	1
0.013715	1
0.0089419	1
0.010624	1
0.0068976	1
0.014676	1
0.013657	1
0.015213	1
0.0084724	1
0.015345	1
0.02186	1
0.022381	1
0.02414	1
0.020875	1
0.023186	1
0.01381	1
0.017833	0
0.015706	0
0.019365	1
0.018054	1
0.010307	1
0.0072542	1
0.024725	1
0.024212	1
0.015645	1
0.01991	1
0.025054	1
0.0084414	1
0.01755	1
0.0099157	1
0.0074833	1
0.0070481	1
0.02779	1
0.022066	1
0.014577	1
0.0092179	1
0.0059534	1
0.0053292	1
0.017026	1
0.04485	1
0.038223	1
0.058159	1
0.024066	1
0.026283	1
0.010219	1
0.0069864	1
0.008803	1
0.015179	1
0.016219	1
0.003368	1
0.0037348	1
0.014054	1
0.018421	1
0.02364	1
0.029264	1
0.03851	1
0.048382	1
0.049712	1
0.036035	1
0.049291	1
0.025554	1
0.074635	1
0.063091	1
0.063259	1
0.010406	1
0.043346	1
0.041625	1
0.048227	1
0.066389	1
0.073093	1
0.019862	1
0.03912	1
0.032367	1
0.022272	1
0.037126	1
0.019598	1
0.021259	1
0.0022791	1
0.013355	1
0.020207	1
0.054673	1
0.044474	1
0.060235	1
0.030327	1
0.030279	1
0.017995	1
0.016948	1
0.025843	1
0.027107	1
0.020691	1
0.027249	1
0.024876	1
0.031317	1
0.013967	1
0.013633	1
0.0083934	1
0.035923	1
0.041303	1
0.039243	1
0.032346	1
0.028865	1
0.021043	1
0.043272	1
0.065243	1
0.033811	1
0.026651	1
0.023298	1
0.0044211	1
0.019762	1
0.030144	1
0.032997	1
0.020391	1
0.016398	1
0.0083387	1
0.018118	1
0.046829	1
0.047216	1
0.036247	1
0.02004	1
0.0066284	1
0.021287	1
0.017817	1
0.015477	0
0.012349	1
0.012408	1
0.014684	0
0.024508	1
0.011212	1
0.010195	1
0.016549	1
0.022697	1
0.017953	1
0.018004	1
0.011869	1
0.0074726	1
0.021323	1
0.024703	1
0.024955	1
0.0052295	1
0.0062393	1
0.012828	1
0.011919	1
0.011721	1
0.010302	1
0.0088371	1
0.033462	1
0.025034	1
0.01424	1
0.005925	1
0.012748	1
0.0077163	1
0.0053592	1
0.0068402	1
0.0094905	1
0.0089755	1
0.0081482	1
0.013864	1
0.01376	1
0.011216	1
0.0032215	1
0.0064953	1
0.0066341	1
0.032217	1
0.03046	1
0.033974	1
0.018263	1
0.016772	1
0.027706	1
0.01414	1
0.012177	1
0.011936	1
0.010726	1
0.0042875	1
0.018744	1
0.019038	1
0.01857	1
0.013096	1
0.011172	1
0.011705	1
0.0133	1
0.015239	1
0.0061879	1
0.0059573	1
0.015698	1
0.020243	1
0.019975	1
0.0091454	1
0.038488	1
0.039172	1
0.046986	1
0.046491	1
0.051001	1
0.047278	1
0.03761	1
0.028845	1
0.020031	1
0.027424	1
0.026922	1
0.030855	1
0.0224	1
0.030695	1
0.020136	1
0.021536	1
0.039295	1
0.035444	1
0.028566	1
0.02949	1
0.031114	1
0.024848	1
0.018485	1
0.012743	1
0.010428	1
0.010783	1
0.021398	1
0.018338	1
0.01715	1
0.0062261	1
0.013892	1
0.016265	1
0.015757	1
0.035491	1
0.040244	1
0.035708	1
0.022456	1
0.033046	1
0.019511	1
0.020285	1
0.0050402	1
0.0055682	1
0.0080365	1
0.010115	1
0.01054	1
0.017529	1
0.0077471	1
0.0068541	1
0.0042164	1
0.0051918	1
0.0068329	1
0.016319	1
0.016154	1
0.0099811	1
0.012082	1
0.011019	1
0.0086199	1
0.020576	1
0.018739	1
0.014388	1
0.0071335	1
0.0080776	1
0.014035	1
0.0063718	1
0.01491	1
0.011356	1
0.0099578	1
0.0084764	1
0.0072872	1
0.0091116	1
0.0085395	1
0.010942	1
0.010381	1
0.011105	1
0.0057595	1
0.0052295	1
0.0055004	1
0.0049737	1
0.0015856	1
0.011226	1
0.011103	1
0.010437	1
0.015106	1
0.014525	1
0.014384	1
0.01366	1
0.0016791	1
0.0049266	1
0.0058385	1
0.0061858	1
0.0065276	1
0.0020646	1
0.005544	1
0.0035448	1
0.0068403	1
0.0053225	1
0.0047373	1
0.0015684	1
0.0011957	1
0.019152	1
0.019899	1
0.019739	1
0.0049309	1
0.0051634	1
0.0053453	1
0.0018686	1
0.01657	1
0.017911	1
0.023064	1
0.010045	1
0.01011	1
0.006092	1
0.0035812	1
0.0056847	1
0.0074407	1
0.011058	1
0.013916	1
0.013735	1
0.0052945	1
0.0023882	1
0.0025273	1
0.0089933	1
0.0089843	1
0.0082217	1
0.0025455	1
0.004249	1
0.0045285	1
0.013921	1
0.010738	1
0.012507	1
0.0024441	1
0.0021149	1
0.0023931	1
0.00059073	1
0.0048493	1
0.0065581	1
0.0068478	1
0.010195	1
0.014	1
0.013933	1
0.0083879	1
0.0047688	1
0.0064035	1
0.0065195	1
0.0012321	1
0.0006663	1
0.0042346	1
0.0040911	1
0.007143	1
0.0061923	1
0.012978	1
0.016874	1
0.017635	1
0.019175	1
0.0014902	1
0.0013626	1
0.0043694	1
0.0053678	1
0.0049505	1
0.0039532	1
0.0028542	1
0.0035396	1
0.00092418	1
0.0023867	1
0.0065304	1
0.0070369	1
0.0062185	1
0.0026323	1
0.0038274	1
0.0042574	1
0.0034562	1
0.0082552	1
0.0081119	1
0.0080958	1
0.0071089	1
0.0071916	1
0.0046419	1
0.0046235	1
0.0061504	1
0.012202	1
0.011638	1
0.011704	1
0.0049198	1
0.0038221	1
0.0052556	1
0.0053293	1
0.0072735	1
0.0029178	1
0.0016565	1
0.0053961	1
0.010889	1
0.011093	1
0.0079694	1
0.0021441	1
0.0059992	1
0.0062841	1
0.0082213	1
0.0019205	1
0.0010473	1
0.00079511	1
0.0047606	1
0.0072506	1
0.0092341	1
0.0089166	1
0.0065304	1
0.0037853	1
0.0048966	1
0.0083208	1
0.008756	1
0.0036996	1
0.0039796	1
0.0022571	1
0.0012239	1
0.0039088	1
0.0062824	1
0.0075042	1
0.0032618	1
0.0030801	1
0.0038539	1
0.0030953	1
0.0028572	1
0.0080041	1
0.0087937	1
0.0095475	1
0.012664	1
0.0069597	1
0.010982	1
0.004145	1
0.0043914	1
0.016022	1
0.016083	1
0.011852	1
0.0051525	1
0.0067352	1
0.0065396	1
0.0041898	1
0.0083537	1
0.0075661	1
0.0086855	1
0.0064766	1
0.0064455	1
0.0045519	1
0.0016646	1
0.0040896	1
0.0054892	1
0.0030527	1
0.0052334	1
0.0069163	1
0.0054163	1
0.0054491	1
0.0059718	1
0.0027311	1
0.0040312	1
0.0031097	1
0.0011219	1
0.0020266	1
0.0035883	1
0.0054288	1
0.0053575	1
0.0038484	1
0.0017416	1
0.001952	1
0.0060139	1
0.0057998	1
0.0047598	1
0.0037822	1
0.0039669	1
0.00075758	1
0.00142	1
0.0035595	1
0.0054495	1
0.0048864	1
0.0061121	1
0.010153	1
0.010154	1
0.0069336	1
0.004295	1
0.0034636	1
0.0040801	1
0.0052622	1
0.0056166	1
0.0049211	1
0.0041977	1
0.0061475	1
0.0037812	1
0.0034752	1
0.0042566	1
0.0034105	1
0.0075863	1
0.0051373	1
0.0047809	1
0.0027915	1
0.0081453	1
0.0079917	1
0.0078683	1
0.0048144	1
0.0051613	1
0.0064267	1
0.0056827	1
0.0062634	1
0.00099094	1
0.0037057	1
0.0069087	1
0.011141	1
0.0056984	1
0.0069421	1
0.0032842	1
0.003536	1
0.0037202	1
0.0029017	1
0.0047608	1
0.0047911	1
0.0030526	1
0.0017464	1
0.005458	1
0.0048065	1
0.0078154	1
0.0072011	1
0.0071325	1
0.0012153	1
0.0016948	1
0.0021464	1
0.0010719	1
0.00076148	1
0.0019545	1
0.0024184	1
0.0028147	1
0.0025744	1
0.0052522	1
0.0068177	1
0.0022703	1
0.0026181	1
0.0072001	1
0.0076443	1
0.0036861	1
0.0031317	1
0.001104	1
0.0019077	1
0.0094665	1
0.010828	1
0.010093	1
0.002547	1
0.0034648	1
0.0033363	1
0.0064824	1
0.0086725	1
0.0025776	1
0.0037396	1
0.0041034	1
0.0023889	1
0.0081752	1
0.0079371	1
0.0062381	1
0.0070977	1
0.0071435	1
0.0074589	1
0.0072678	1
0.005761	1
0.0060805	1
0.0054497	1
0.010129	1
0.0071495	1
0.0069932	1
0.0053515	1
0.0039521	1
0.010236	1
0.0097336	1
0.0066571	1
0.00062971	1
0.0032218	1
0.0040486	1
0.0056572	1
0.0056159	1
0.0097859	1
0.0078993	1
0.013927	1
0.0083889	1
0.011121	1
0.0055417	1
0.0056655	1
0.005402	1
0.0042054	1
0.0035052	1
0.0012565	1
0.0031422	1
0.0056557	1
0.0088558	1
0.0031288	1
0.0072889	1
0.0053845	1
0.002805	1
0.0028116	1
0.0095777	1
0.015733	1
0.01607	1
0.0072934	1
0.0033611	1
0.0033742	1
0.0023401	1
0.0017489	1
0.0016963	1
0.0045721	1
0.011312	1
0.01176	1
0.0097283	1
0.0078428	1
0.0015877	1
0.0027087	1
0.0037148	1
0.00086497	1
0.003169	1
0.0040637	1
0.0021299	1
0.002659	1
0.00222	1
0.0016611	1
0.0033314	1
0.0023935	1
0.0032018	1
0.0029821	1
0.003331	1
0.0028538	1
0.0019976	1
0.0027108	1
0.0032443	1
0.0032749	1
0.00034115	1
0.0019792	1
0.0059566	1
0.0053226	1
0.0053988	1
0.0006639	1
0.00062116	1
0.002481	1
0.0019936	1
0.0052512	1
0.0057824	1
0.0059534	1
0.0021396	1
0.0043648	1
0.0031395	1
0.0017186	1
0.0016225	1
0.0052269	1
0.0053249	1
0.0012039	1
0.0013493	1
0.0013252	1
0.004403	1
0.0051106	1
0.0053576	1
0.0053193	1
0.0055144	1
0.0024698	1
0.0080827	1
0.0060956	1
0.0082658	1
0.0072111	1
0.0019208	1
0.007617	1
0.0081687	1
0.024189	1
0.017922	1
0.015044	1
0.0081922	1
0.0079631	1
0.0071253	1
0.0061103	1
0.0085016	1
0.0041743	1
0.0065067	1
0.0084174	1
0.0099898	1
0.014185	1
0.01529	1
0.015339	1
0.011009	1
0.010207	1
0.0062	1
0.011906	1
0.0073656	1
0.0071835	1
0.0067175	1
0.0072218	1
0.0035958	1
0.0093524	1
0.011919	1
0.011916	1
0.0056012	1
0.005733	1
0.0052463	1
0.0017318	1
0.0014066	1
0.0023143	1
0.0013299	1
0.0038272	1
0.0029141	1
0.0028157	1
0.0039222	1
0.0053718	1
0.0053899	1
0.0040839	1
0.0045076	1
0.0046702	1
0.0055928	1
0.0081444	1
0.0049235	1
0.010942	1
0.011089	1
0.0116	1
0.0080044	1
0.0071461	1
0.0065283	1
0.019024	1
0.015948	1
0.010215	1
0.016672	1
0.027975	1
0.031766	1
0.0025671	1
0.0070589	1
0.0090413	1
0.0085863	1
0.013472	1
0.013695	1
0.010721	1
0.0084977	1
0.0072294	1
0.010101	1
0.0097725	1
0.010699	1
0.00947	1
0.0027902	1
0.0087663	1
0.0068246	1
0.0073876	1
0.0077692	1
0.0085089	1
0.0073326	1
0.0042581	1
0.0054422	1
0.01285	1
0.011965	1
0.018773	1
0.013352	1
0.016916	1
0.015821	1
0.0084924	1
0.0037224	1
0.002259	1
0.0030077	1
0.011862	1
0.010581	1
0.014709	1
0.0067599	1
0.0045985	1
0.0051378	1
0.011926	1
0.014459	1
0.013105	1
0.012794	1
0.016975	1
0.012796	1
0.019976	0
0.010255	0
0.011689	0
0.0039409	0
0.0063275	1
0.010406	1
0.01091	1
0.0091989	1
0.0067222	1
0.0054877	1
0.0075663	1
0.0073669	1
0.0088674	1
0.0066279	1
0.010267	1
0.0089517	1
0.0070198	1
0.0089414	1
0.004764	1
0.0052347	1
0.0058052	1
0.0060496	1
0.012803	1
0.021663	1
0.021753	1
0.014919	1
0.01052	1
0.0068901	1
0.0068011	1
0.0066727	1
0.0073474	1
0.012795	1
0.011013	1
0.011386	1
0.0030822	1
0.017698	1
0.020495	1
0.019736	1
0.0091693	1
0.0098435	1
0.0091851	1
0.0060708	1
0.006469	1
0.024129	1
0.027871	1
0.027475	1
0.014879	1
0.0068716	1
0.010223	1
0.0173	1
0.013659	1
0.022688	1
0.01944	1
0.019452	1
0.013982	1
0.005529	1
0.00065253	1
0.0029707	1
0.01282	1
0.0098515	1
0.0048179	1
0.0085688	1
0.013863	1
0.0053859	1
0.0051216	1
0.0024907	1
0.011309	1
0.012638	1
0.0028499	1
0.0047779	1
0.025361	1
0.025238	1
0.025064	1
0.020633	1
0.015417	1
0.0040229	1
0.011132	1
0.011035	1
0.0096809	1
0.013151	1
0.017225	1
0.012298	1
0.011997	1
0.0048701	1
0.012632	1
0.014293	1
0.015838	1
0.0044791	1
0.0034974	1
0.0035683	1
0.0098573	1
0.01611	1
0.016643	1
0.012175	1
0.010071	1
0.0096941	1
0.0063926	1
0.0091001	1
0.0088373	1
0.01119	1
0.015869	1
0.0166	1
0.010608	1
0.015543	1
0.020726	1
0.01966	1
0.01045	1
0.008503	1
0.027628	1
0.028184	1
0.024036	1
0.026902	1
0.032534	1
0.031492	1
0.015279	1
0.010032	1
0.014639	1
0.026757	1
0.035365	1
0.036992	1
0.03508	1
0.016318	1
0.0047264	1
0.016817	1
0.020756	1
0.024825	1
0.0033243	1
0.014786	1
0.022282	1
0.024749	1
0.0012049	1
0.0020113	1
0.0057447	1
0.013044	0
0.014515	1
0.01216	1
0.012088	1
0.01108	1
0.0039233	1
0.018288	1
0.017901	1
0.013368	1
0.012777	1
0.011558	1
0.012173	1
0.0082503	1
0.013163	1
0.014596	1
0.020517	1
0.013056	1
0.017198	1
0.012192	1
0.011342	0
0.010804	1
0.008404	0
0.0090723	1
0.0066048	1
0.016259	1
0.0161	1
0.0076432	1
0.0056295	1
0.0021516	1
0.0026022	1
0.0078341	1
0.007749	1
0.0052051	1
0.0015344	1
0.0064836	1
0.010197	1
0.010252	1
0.019204	1
0.013107	1
0.013353	1
0.0062491	1
0.006999	1
0.0062485	1
0.0079827	1
0.014211	1
0.014495	1
0.013174	1
0.012394	1
0.011883	1
0.015859	1
0.0095752	0
0.0096321	1
0.0045669	1
0.0042868	1
0.0041976	1
0.0057297	1
0.0092907	1
0.01191	1
0.0038638	1
0.0055618	1
0.0069248	1
0.0094839	1
0.019342	1
0.025531	1
0.025823	1
0.018188	1
0.0033821	1
0.013098	1
0.03126	1
0.03575	1
0.038643	1
0.0057444	1
0.013847	1
0.012235	1
0.008142	1
0.0030405	1
0.010068	1
0.024266	1
0.029751	1
0.031287	1
0.014055	1
0.0083482	1
0.011669	1
0.017732	1
0.016566	1
0.017855	1
0.0028872	1
0.00068554	1
0.013589	1
0.011474	1
0.017927	1
0.011713	1
0.021558	1
0.021921	1
0.020078	1
0.01345	1
0.0071013	1
0.0074221	1
0.005597	1
0.0029083	1
0.014538	1
0.012791	1
0.01089	1
0.017617	1
0.016958	0
0.017104	1
0.0081078	1
0.017519	1
0.017633	1
0.013809	1
0.013153	1
0.012519	1
0.012566	1
0.0094739	1
0.035501	1
0.037643	1
0.034586	1
0.015254	1
0.030504	1
0.031095	1
0.028062	1
0.020252	1
0.014594	1
0.024203	1
0.01502	1
0.01954	1
0.011788	1
0.015803	1
0.010479	1
0.015345	1
0.0048098	1
0.0076676	1
0.0082499	1
0.002067	1
0.0034131	1
0.0049703	1
0.005421	1
0.005049	1
0.01105	0
0.019586	0
0.018843	1
0.020215	1
0.0037006	1
0.0043955	1
0.0060475	1
0.0068306	1
0.013569	1
0.014523	1
0.016533	1
0.0069711	1
0.0063125	1
0.010598	1
0.0073914	1
0.015677	1
0.017284	1
0.020545	1
0.0057153	1
0.0082445	1
0.014372	1
0.01469	1
0.012195	1
0.0010765	1
0.004237	1
0.0033727	1
0.0056868	1
0.0043025	1
0.0044835	1
0.01003	1
0.010882	1
0.0087023	1
0.0074613	1
0.0033864	1
0.0035183	0
0.0047356	1
0.0026506	1
0.0066424	1
0.0074207	1
0.0035157	1
0.0054466	1
0.0042206	1
0.0075429	1
0.012355	1
0.011964	1
0.014849	1
0.015839	1
0.013531	1
0.0074583	1
0.00078567	1
0.010353	1
0.011805	1
0.013249	1
0.0025283	1
0.0043961	1
0.011466	1
0.014645	1
0.014101	1
0.0098556	1
0.0034685	1
0.0081509	1
0.006316	1
0.0057746	1
0.0046335	1
0.0021174	1
0.0023538	1
0.0054835	1
0.0069753	1
0.0095355	1
0.0095804	1
0.013786	1
0.010905	1
0.01217	1
0.00099438	1
0.0084938	1
0.0082026	1
0.0073135	1
0.0059989	1
0.0061827	1
0.0068987	1
0.00847	1
0.0082143	1
0.0034385	1
0.0043424	1
0.0012252	1
0.0083242	1
0.0083726	1
0.0026421	1
0.0076823	1
0.0093267	1
0.010197	1
0.0056674	1
0.0051626	1
0.0065592	1
0.0042398	1
0.0065742	1
0.007027	1
0.0019709	1
0.011634	1
0.0090538	1
0.0060814	1
0.0062589	1
0.0053677	1
0.003674	1
0.0098669	1
0.0091981	1
0.0099709	1
0.0012303	1
0.0045815	1
0.0076921	1
0.0094936	1
0.010964	1
0.010332	1
0.0031102	1
0.008955	1
0.009201	1
0.0058243	1
0.0041959	1
0.0028663	1
0.0053188	1
0.0067885	1
0.0021254	1
0.004004	1
0.0042097	1
0.005031	1
0.003886	1
0.0016017	1
0.0022997	1
0.012281	1
0.011605	1
0.0075193	1
0.0079322	1
0.0089118	1
0.00055947	1
0.0061179	1
0.009506	1
0.0096066	1
0.0048601	1
0.0055206	1
0.0079754	1
0.0081214	1
0.0061163	1
0.0077797	1
0.0094953	1
0.0060073	1
0.0095578	1
0.01273	1
0.012097	1
0.0067982	1
0.0068816	1
0.0082935	1
0.0010926	1
0.0036859	1
0.0058521	1
0.012785	1
0.013348	1
0.017765	1
0.041703	1
0.052664	1
0.056884	1
0.0075239	1
0.009366	1
0.0097626	1
0.0046524	1
0.0027022	1
0.0085951	1
0.0079318	1
0.014337	1
0.013726	1
0.014931	1
0.015247	1
0.013475	1
0.01436	1
0.0026251	1
0.0054087	1
0.0077578	1
0.019318	1
0.034262	1
0.034389	1
0.015785	1
0.0096556	1
0.019314	1
0.028837	1
0.028364	1
0.028075	1
0.021961	1
0.0032315	1
0.015423	1
0.019892	1
0.01921	1
0.0074692	1
0.020066	1
0.025923	1
0.032645	1
0.034933	1
0.019304	1
0.01719	1
0.0067521	1
0.0074788	1
0.0064858	1
0.0097792	1
0.011931	1
0.014933	0
0.016185	0
0.014147	1
0.0051079	1
0.0050235	1
0.014196	1
0.014588	1
0.013618	1
0.0085841	1
0.0043595	1
0.011102	1
0.010483	1
0.010015	1
0.0085015	1
0.0077343	1
0.0088955	1
0.0012728	1
0.0036464	1
0.0037791	1
0.0073907	1
0.0065458	1
0.0068555	1
0.0059597	1
0.0014813	1
0.0069219	1
0.0064735	1
0.0067346	1
0.0058292	1
0.0069307	1
0.0080136	1
0.01013	1
0.012535	1
0.017629	1
0.0091912	1
0.0091887	0

