y21,y22,y23,y24,y25
 ,股票池,apb-1d,apb-5d,apb-1m
1,全市场,000798,300290,603222
2,全市场,600121,603222,603332
3,全市场,002612,002647,002647
4,全市场,600798,300503,300290
5,全市场,600199,300038,603655
6,全市场,002647,300609,002795
7,全市场,600189,300766,300766
8,全市场,000521,002795,002512
9,全市场,600006,600707,300038
10,全市场,001896,002858,002858
11,全市场,600081,600593,300609
12,全市场,000767,002512,002168
13,全市场,600559,600731,000813
14,全市场,603025,000813,600593
15,全市场,002756,300632,600731
16,全市场,600191,600131,002862
17,全市场,002765,300307,002674
18,全市场,600257,603332,000668
19,全市场,600381,603416,002174
20,全市场,600616,300312,603822
21,全市场,002796,002730,002058
22,全市场,300307,000668,300503
23,全市场,603185,002058,300312
24,全市场,000591,002168,603838
25,全市场,000899,300480,600890
26,全市场,300727,603896,600131
27,全市场,300593,603377,002100
28,全市场,002168,603822,002096
29,全市场,000713,002100,600889
30,全市场,600418,002042,002393
31,全市场,600059,603959,002947
32,全市场,600292,603568,300486
33,全市场,002979,300142,300632
34,全市场,603076,603326,603813
35,全市场,002046,300132,603900
36,全市场,300103,600615,002042
37,全市场,000676,002002,603568
38,全市场,603110,600873,300709
39,全市场,300229,002207,300136
40,全市场,300592,300731,603990
41,全市场,002553,600766,000046
42,全市场,002364,000046,002313
43,全市场,600765,002585,002364
44,全市场,600864,002096,600766
45,全市场,603655,603626,002769
46,全市场,000633,603816,002979
47,全市场,002261,300810,603416
48,全市场,000821,603566,002017
49,全市场,600890,002393,600861
50,全市场,603222,300070,300307
51,全市场,002160,603655,603031
52,全市场,600333,603838,603816
53,全市场,002149,002366,000503
54,全市场,002636,002808,603377
55,全市场,002978,000503,603856
56,全市场,002829,603727,603896
57,全市场,300119,603233,300332
58,全市场,002955,000048,002634
59,全市场,000816,300783,600615
60,全市场,002783,603399,600793
61,全市场,300243,000608,600094
62,全市场,603976,002683,603326
63,全市场,000923,300143,300572
64,全市场,603517,002364,002727
65,全市场,600844,600562,300533
66,全市场,300038,002978,000918
67,全市场,002709,600201,603566
68,全市场,300590,603995,300783
69,全市场,603786,600751,002034
70,全市场,300107,300673,603429
71,全市场,300225,002947,000608
72,全市场,300811,300486,603995
73,全市场,600439,300119,002605
74,全市场,000812,002847,002972
75,全市场,300503,603676,300140
76,全市场,002772,002483,603327
77,全市场,600984,603786,300143
78,全市场,603683,601330,600620
79,全市场,600070,603990,002585
80,全市场,603708,000833,300673
81,全市场,002806,002174,300070
82,全市场,002927,600861,300132
83,全市场,300191,300791,002887
84,全市场,002433,300779,600707
85,全市场,603801,000007,300664
86,全市场,002534,600583,002207
87,全市场,000626,603989,603825
88,全市场,300313,300664,300263
89,全市场,002750,603718,002971
90,全市场,002976,601231,300736
91,全市场,600967,603939,603637
92,全市场,002355,600783,603699
93,全市场,300828,300262,002927
94,全市场,002942,600984,300650
95,全市场,300601,603669,300055
96,全市场,603311,600167,300119
97,全市场,300800,600890,603633
98,全市场,601116,002534,600886
99,全市场,002135,603316,300779
100,全市场,603933,002161,002213
-1,全市场,600107,000713,300393
-2,全市场,002822,002948,000609
-3,全市场,002087,002936,603677
-4,全市场,600072,002363,300537
-5,全市场,600621,600896,000691
-6,全市场,002613,300013,300675
-7,全市场,600152,300094,002750
-8,全市场,300776,300538,000027
-9,全市场,300682,002160,603665
-10,全市场,600769,300117,000812
-11,全市场,601969,300812,600189
-12,全市场,000933,600231,300341
-13,全市场,300492,300317,300346
-14,全市场,002042,300393,600105
-15,全市场,600726,600956,600686
-16,全市场,002094,600396,002173
-17,全市场,002292,600189,002162
-18,全市场,600859,600381,002331
-19,全市场,002866,002610,603993
-20,全市场,002112,600851,300469
-21,全市场,002437,002287,002738
-22,全市场,300807,300421,600851
-23,全市场,000757,000633,600139
-24,全市场,600686,000779,002731
-25,全市场,600127,002765,300239
-26,全市场,002091,300173,603011
-27,全市场,600186,300221,300549
-28,全市场,000851,603388,002177
-29,全市场,600791,000995,000958
-30,全市场,603212,300619,300356
-31,全市场,600396,002321,600313
-32,全市场,002936,002361,002922
-33,全市场,002665,300452,603527
-34,全市场,002006,603439,600896
-35,全市场,000545,300341,300648
-36,全市场,300435,002587,300419
-37,全市场,300469,600686,000516
-38,全市场,601798,603069,600864
-39,全市场,002514,002631,600199
-40,全市场,601101,300600,600579
-41,全市场,603677,000816,002160
-42,全市场,603825,600586,300118
-43,全市场,600722,300542,002565
-44,全市场,603299,300490,600982
-45,全市场,601608,300603,603266
-46,全市场,300056,601375,002235
-47,全市场,002488,300552,300586
-48,全市场,603617,000821,000928
-49,全市场,600217,002350,601908
-50,全市场,000850,600569,300167
-51,全市场,600160,600098,002348
-52,全市场,603351,002618,000929
-53,全市场,002108,002177,300430
-54,全市场,600971,600982,600081
-55,全市场,600773,002922,300389
-56,全市场,300812,600537,300542
-57,全市场,300619,603608,000791
-58,全市场,300554,600798,002390
-59,全市场,000520,000593,002622
-60,全市场,000751,000150,002618
-61,全市场,002752,300793,000421
-62,全市场,300269,603038,002314
-63,全市场,002730,300239,600644
-64,全市场,600889,600139,601016
-65,全市场,300665,600293,000049
-66,全市场,002263,600460,000659
-67,全市场,600784,001896,002612
-68,全市场,002141,002553,002652
-69,全市场,000716,000881,600746
-70,全市场,600731,300461,600320
-71,全市场,002173,600379,300076
-72,全市场,600866,002731,000766
-73,全市场,000965,600382,600059
-74,全市场,002627,000812,600333
-75,全市场,002581,601015,000821
-76,全市场,603016,600579,002046
-77,全市场,603388,600333,601375
-78,全市场,000862,300219,600967
-79,全市场,600511,300076,600125
-80,全市场,002506,600292,600403
-81,全市场,002691,002636,603929
-82,全市场,300506,600006,600379
-83,全市场,002731,600509,000530
-84,全市场,600819,600746,000521
-85,全市场,002360,600864,600711
-86,全市场,600248,002272,000881
-87,全市场,603085,600844,600006
-88,全市场,002348,600191,002863
-89,全市场,300449,002652,600537
-90,全市场,603021,600081,002564
-91,全市场,300600,600360,600798
-92,全市场,002435,600552,000993
-93,全市场,603038,603929,000591
-94,全市场,000973,000521,000713
-95,全市场,300652,603665,000899
-96,全市场,603358,300389,600292
-97,全市场,002096,000798,603110
-98,全市场,002587,002510,000767
-99,全市场,600098,300752,603025
-100,全市场,002898,603025,001896
1,中证500,600006,600707,000813
2,中证500,603025,000813,002174
3,中证500,603517,603377,000046
4,中证500,600765,000046,603377
5,中证500,603708,002002,603568
6,中证500,002709,603568,002028
7,中证500,600418,603233,600094
8,中证500,600053,002174,603816
9,中证500,600967,603816,600053
10,中证500,603882,603939,300376
11,中证500,000970,300070,002080
12,中证500,300180,600201,002465
13,中证500,002242,002080,002665
14,中证500,600201,600885,600707
15,中证500,603056,603517,603786
16,中证500,603786,603786,000400
17,中证500,000681,002028,600875
18,中证500,600079,002203,600885
19,中证500,600777,601799,002002
20,中证500,300212,600339,300070
21,中证500,600985,603355,603056
22,中证500,002019,002127,600580
23,中证500,002038,000415,300316
24,中证500,600729,601615,300010
25,中证500,002419,002839,600201
26,中证500,002572,300376,600869
27,中证500,002174,300180,603486
28,中证500,002075,600167,601615
29,中证500,601118,600777,603939
30,中证500,601966,601128,002506
31,中证500,600460,600079,601689
32,中证500,600776,002465,603806
33,中证500,603568,600751,002203
34,中证500,603650,603866,002419
35,中证500,603355,000629,600258
36,中证500,601068,600875,600435
37,中证500,603233,603806,603659
38,中证500,603939,600557,000519
39,中证500,002294,603766,603256
40,中证500,002424,002941,600823
41,中证500,600339,603228,002013
42,中证500,002155,600094,600545
43,中证500,600748,300630,300166
44,中证500,600675,002085,002078
45,中证500,002093,601966,603228
46,中证500,002203,002818,601128
47,中证500,002078,603556,300474
48,中证500,300024,600545,600729
49,中证500,600645,600694,601799
50,中证500,603556,001914,002507
51,中证500,600908,600908,600008
52,中证500,002925,600869,600167
53,中证500,300257,002807,002155
54,中证500,000553,002010,600801
55,中证500,601128,600120,000501
56,中证500,600298,600053,601168
57,中证500,300088,002690,300357
58,中证500,300418,603883,002127
59,中证500,000537,600126,600862
60,中证500,002440,300010,603517
61,中证500,300274,002925,002217
62,中证500,600008,000400,600917
63,中证500,300009,002093,600126
64,中证500,603444,603328,000970
65,中证500,002423,300316,600874
66,中证500,300001,002557,600266
67,中证500,300296,300001,600811
68,中证500,002183,002419,600642
69,中证500,002010,000025,300001
70,中证500,601200,002294,002249
71,中证500,000826,002353,000975
72,中证500,600563,000970,002925
73,中证500,000008,600643,002690
74,中证500,601860,603486,002807
75,中证500,600804,601865,603883
76,中证500,601678,000990,002423
77,中证500,601333,300274,603707
78,中证500,600094,000598,600153
79,中证500,000031,601118,000826
80,中证500,600643,603650,300324
81,中证500,002465,002056,002375
82,中证500,002670,300017,600277
83,中证500,002081,000581,600132
84,中证500,600273,002155,603866
85,中证500,002416,002831,000630
86,中证500,002745,300058,000636
87,中证500,600557,300474,000988
88,中证500,300251,002665,300630
89,中证500,300630,300324,600195
90,中证500,000598,603338,300134
91,中证500,002815,002019,300024
92,中证500,600266,600901,600704
93,中证500,002382,600008,300168
94,中证500,600338,603868,002085
95,中证500,603659,600729,600298
96,中证500,000089,002038,600908
97,中证500,600909,600141,000553
98,中证500,600315,002273,002557
99,中证500,000401,000807,603556
100,中证500,000990,300251,300595
-1,中证500,000987,000012,600418
-2,中证500,000898,002653,002429
-3,中证500,601099,300026,002268
-4,中证500,000960,603888,002424
-5,中证500,601699,000738,600171
-6,中证500,603712,300296,300558
-7,中证500,002458,000061,603708
-8,中证500,600060,600623,002867
-9,中证500,300133,002500,600143
-10,中证500,600132,300618,000750
-11,中证500,300315,000869,002074
-12,中证500,000060,002491,000848
-13,中证500,603317,300558,000031
-14,中证500,002152,300113,002589
-15,中证500,600917,300207,600597
-16,中证500,601233,000600,002603
-17,中证500,300376,601866,002503
-18,中证500,002831,002946,000488
-19,中证500,600329,002156,600827
-20,中证500,300197,000488,000600
-21,中证500,603888,002503,002056
-22,中证500,000739,000930,600037
-23,中证500,002390,000717,300315
-24,中证500,002013,002004,002946
-25,中证500,002867,600500,002544
-26,中证500,600307,603198,603650
-27,中证500,600335,002249,000718
-28,中证500,601598,002867,000732
-29,中证500,600426,000877,600567
-30,中证500,601106,600143,601801
-31,中证500,002030,600895,601811
-32,中证500,000800,601512,600446
-33,中证500,002653,000078,600970
-34,中证500,603077,000039,002185
-35,中证500,600664,600884,002407
-36,中证500,603379,000848,601860
-37,中证500,600291,000758,002653
-38,中证500,300207,600166,300459
-39,中证500,601168,300482,000543
-40,中证500,601865,000750,600754
-41,中证500,600167,600859,002948
-42,中证500,601179,600329,600884
-43,中证500,002385,600307,600694
-44,中证500,002092,000998,600478
-45,中证500,600171,002603,600770
-46,中证500,600507,600291,000050
-47,中证500,002491,002544,002458
-48,中证500,600903,300002,002004
-49,中证500,600026,600348,603225
-50,中证500,002048,600478,600903
-51,中证500,600869,002385,600291
-52,中证500,000488,000528,000158
-53,中证500,601689,002118,600737
-54,中证500,300316,000997,002640
-55,中证500,002444,002212,000998
-56,中证500,002901,600158,600511
-57,中证500,002285,600388,002191
-58,中证500,600623,000712,600329
-59,中证500,603377,000718,601512
-60,中证500,002118,601717,300113
-61,中证500,600392,603000,002244
-62,中证500,002002,603708,002382
-63,中证500,000012,600312,000717
-64,中证500,600058,600529,002936
-65,中证500,000758,300197,002156
-66,中证500,600037,000028,002118
-67,中证500,000061,600549,000028
-68,中证500,000039,601179,600428
-69,中证500,300357,601969,000987
-70,中证500,600970,603379,600733
-71,中证500,600073,002407,600273
-72,中证500,002429,600415,000528
-73,中证500,603256,002429,600996
-74,中证500,601512,600338,600155
-75,中证500,600478,002030,600667
-76,中证500,601866,000729,002030
-77,中证500,002085,600511,000564
-78,中证500,000998,002382,600388
-79,中证500,600500,600497,600415
-80,中证500,002156,600428,601179
-81,中证500,000718,600273,000729
-82,中证500,600316,600037,600623
-83,中证500,000750,600733,300002
-84,中证500,600598,601016,600316
-85,中证500,000738,603077,603379
-86,中证500,601969,002936,002670
-87,中证500,603000,603225,002500
-88,中证500,002505,600418,300618
-89,中证500,000712,600967,603077
-90,中证500,002544,601608,300296
-91,中证500,600166,002948,600549
-92,中证500,002665,600125,002340
-93,中证500,002936,000027,601608
-94,中证500,600859,600903,000027
-95,中证500,000028,002670,002390
-96,中证500,600884,002390,600967
-97,中证500,601608,600155,601016
-98,中证500,600160,600460,600125
-99,中证500,002506,600006,600006
-100,中证500,600511,603025,603025
1,沪深300,300601,300142,300136
2,沪深300,002555,600271,002468
3,沪深300,600109,603260,603260
4,沪深300,601808,601231,300142
5,沪深300,601901,002601,300014
6,沪深300,600118,002607,600176
7,沪深300,002008,600297,300347
8,沪深300,600299,300136,002607
9,沪深300,300628,601100,300124
10,沪深300,002179,600031,002236
11,沪深300,603833,002236,300033
12,沪深300,601878,002468,601688
13,沪深300,600968,600837,000338
14,沪深300,601698,601601,601899
15,沪深300,300122,603658,600547
16,沪深300,603160,600741,600489
17,沪深300,002422,600085,601727
18,沪深300,600809,601766,601318
19,沪深300,603501,000338,600036
20,沪深300,000568,601318,601212
21,沪深300,600660,600919,603160
22,沪深300,600061,002422,002120
23,沪深300,002050,600674,600009
24,沪深300,002468,601336,600741
25,沪深300,002601,002153,600111
26,沪深300,601919,600977,600271
27,沪深300,600066,600176,600837
28,沪深300,600176,601628,600297
29,沪深300,601881,600489,601601
30,沪深300,601012,600036,000876
31,沪深300,600085,002456,600362
32,沪深300,002456,300124,002142
33,沪深300,600271,000895,601117
34,沪深300,601336,600886,601989
35,沪深300,600886,600438,601100
36,沪深300,600340,600170,603288
37,沪深300,002624,601688,002456
38,沪深300,601828,300413,300144
39,沪深300,600233,600111,002304
40,沪深300,002153,600583,601939
41,沪深300,300136,000568,601211
42,沪深300,600570,300014,300601
43,沪深300,601899,000876,600516
44,沪深300,600498,002142,002422
45,沪深300,601117,600958,600170
46,沪深300,002120,601211,000001
47,沪深300,601169,600547,600406
48,沪深300,601021,601899,600926
49,沪深300,600741,000708,000977
50,沪深300,002466,000627,601166
51,沪深300,600016,601088,002129
52,沪深300,603799,002120,601336
53,沪深300,601138,601117,600068
54,沪深300,600036,600487,600588
55,沪深300,601009,603833,603658
56,沪深300,000963,603160,601066
57,沪深300,600297,600009,603156
58,沪深300,601216,601698,600066
59,沪深300,002558,601989,600031
60,沪深300,000596,300144,002938
61,沪深300,601818,600867,002179
62,沪深300,603993,601138,600886
63,沪深300,601108,601939,000786
64,沪深300,000786,600690,600118
65,沪深300,603288,000776,600004
66,沪深300,600867,600660,601628
67,沪深300,600482,601328,300628
68,沪深300,002508,000938,601328
69,沪深300,002252,601319,601288
70,沪深300,600438,600703,600867
71,沪深300,601633,300628,002601
72,沪深300,601198,300601,002027
73,沪深300,600009,601229,601225
74,沪深300,600390,600390,002153
75,沪深300,600606,002841,600674
76,沪深300,000860,600588,600016
77,沪深300,002230,601668,600482
78,沪深300,600848,600004,600958
79,沪深300,300124,600482,601818
80,沪深300,600276,600968,600340
81,沪深300,002916,002252,601698
82,沪深300,000157,600848,002146
83,沪深300,600383,000651,601988
84,沪深300,601328,601818,000708
85,沪深300,600352,601198,000895
86,沪深300,600926,600068,600208
87,沪深300,601992,002024,600000
88,沪深300,601727,002146,600655
89,沪深300,002304,002460,600030
90,沪深300,000938,600299,000069
91,沪深300,000338,600637,600583
92,沪深300,601658,603288,600011
93,沪深300,601100,600061,601828
94,沪深300,000783,600109,600438
95,沪深300,600919,600016,601600
96,沪深300,601211,601857,300003
97,沪深300,300347,600309,601155
98,沪深300,600025,000166,601229
99,沪深300,601939,002027,600061
100,沪深300,601186,000656,601766
-1,沪深300,600362,600362,601236
-2,沪深300,000425,601298,603899
-3,沪深300,000002,002475,600372
-4,沪深300,600019,600038,600115
-5,沪深300,000858,601398,600109
-6,沪深300,601155,601816,600188
-7,沪深300,601066,600519,600233
-8,沪深300,002594,300433,000063
-9,沪深300,600837,002916,601006
-10,沪深300,601877,300498,000723
-11,沪深300,002945,000768,600029
-12,沪深300,603369,002230,600522
-13,沪深300,002410,600183,600570
-14,沪深300,600519,000703,000783
-15,沪深300,600795,002602,002202
-16,沪深300,002939,002352,600019
-17,沪深300,000063,002939,002252
-18,沪深300,600030,600926,600183
-19,沪深300,300408,600048,600085
-20,沪深300,300015,002129,003816
-21,沪深300,000651,002304,600436
-22,沪深300,600038,603259,600309
-23,沪深300,000627,600027,601916
-24,沪深300,002032,600011,601800
-25,沪深300,600585,600498,601877
-26,沪深300,002271,601018,002371
-27,沪深300,300413,000002,002007
-28,沪深300,600111,600028,601838
-29,沪深300,600674,000596,600015
-30,沪深300,002736,002008,601162
-31,沪深300,600029,600018,002555
-32,沪深300,601088,601727,002352
-33,沪深300,000333,601155,002311
-34,沪深300,002202,002271,600989
-35,沪深300,601577,601658,600606
-36,沪深300,600048,002311,002024
-37,沪深300,002475,601669,002673
-38,沪深300,600050,003816,600352
-39,沪深300,603259,300122,002415
-40,沪深300,601212,601577,000728
-41,沪深300,601111,601881,601669
-42,沪深300,000100,601006,601216
-43,沪深300,600893,002493,600196
-44,沪深300,600588,601788,601077
-45,沪深300,600031,002050,600703
-46,沪深300,601985,601108,601319
-47,沪深300,600745,603369,600887
-48,沪深300,600372,002594,002230
-49,沪深300,601601,601888,002008
-50,沪深300,002129,000961,000661
-51,沪深300,601600,600655,600705
-52,沪深300,600436,603899,600028
-53,沪深300,600346,002736,601377
-54,沪深300,601360,000860,600660
-55,沪深300,300033,601238,300498
-56,沪深300,601788,600570,000596
-57,沪深300,002739,000723,600999
-58,沪深300,600977,601360,601390
-59,沪深300,000066,000063,000627
-60,沪深300,601933,002773,600038
-61,沪深300,000895,600104,002271
-62,沪深300,000069,601162,601997
-63,沪深300,601236,600436,601658
-64,沪深300,600104,600989,300408
-65,沪深300,601162,300059,002463
-66,沪深300,600760,000625,600637
-67,沪深300,600018,600089,601888
-68,沪深300,000723,002241,000157
-69,沪深300,600196,002371,601618
-70,沪深300,600522,000425,600893
-71,沪深300,600989,601901,002624
-72,沪深300,300433,601012,600760
-73,沪深300,601225,601985,002773
-74,沪深300,600887,002007,000425
-75,沪深300,600208,000709,001979
-76,沪深300,600089,000661,601881
-77,沪深300,600999,600219,002460
-78,沪深300,601319,000538,000961
-79,沪深300,002044,601919,601577
-80,沪深300,601238,601898,601298
-81,沪深300,601618,600196,601360
-82,沪深300,002371,000725,601985
-83,沪深300,601231,002673,603369
-84,沪深300,002001,601633,000625
-85,沪深300,601898,600760,000538
-86,沪深300,600998,601236,603799
-87,沪深300,603899,600276,000725
-88,沪深300,600516,600999,601901
-89,沪深300,603156,002466,600919
-90,沪深300,601298,601216,002945
-91,沪深300,002027,002624,600276
-92,沪深300,601018,002555,601012
-93,沪深300,002938,601618,000100
-94,沪深300,002673,603993,600928
-95,沪深300,000625,000066,601919
-96,沪深300,300142,002945,601633
-97,沪深300,600928,600928,000066
-98,沪深300,000768,002958,600219
-99,沪深300,000703,000157,600089
-100,沪深300,002958,000100,603993
