   4.3874435965639824e-01   2.7602507699857837e-01   7.5126705930565285e-01
   3.8155845709300840e-01   6.7970267685367480e-01   2.5509511545926911e-01
   7.6551678814900237e-01   6.5509800397384066e-01   5.0595705166514238e-01
   7.9519990113706318e-01   1.6261173519463057e-01   6.9907672265668597e-01
   1.8687260455437860e-01   1.1899768155837664e-01   8.9090325253579850e-01
   4.8976439578823106e-01   4.9836405198214295e-01   9.5929142520544430e-01
   4.4558620071089949e-01   9.5974395851608107e-01   5.4721552996380307e-01
   6.4631301011126463e-01   3.4038572666613320e-01   1.3862444282867914e-01
   7.0936483085807256e-01   5.8526775097977735e-01   1.4929400555905747e-01
   7.5468668198236089e-01   2.2381193949113698e-01   2.5750825412373646e-01
