0 0.022683151 0.020726888 1
0 -0.013907483 0.022007197 0
0 -0.013070174 0.020888098 0
-1 -0.010584346 0.001728374 0
0 0.002199695 0.008193289 1
0 -0.015550425 0.009157514 0
0 -0.007245996 0.008881173 0
-1 -0.005169601 0.005492972 0
-1 -0.009615589 0.002224605 0
0 0.007537067 0.008901684 1
0 -0.011183677 0.010385397 0
0 0.016695446 0.014210252 1
0 -0.01026463 0.015837381 0
0 -0.0249142 0.021106153 0
0 0.004300626 0.014607433 1
0 -0.012299032 0.014652629 0
0 -0.017774574 0.01149525 0
0 0.001941704 0.010177686 1
0 -0.013824729 0.010431629 0
0 0.007072103 0.010890202 1
0 0.001973998 0.010895473 1
1 0.001098279 0.003226044 1
0 -0.001594716 0.001859876 0
0 -0.021999184 0.012629907 0
0 0.005930456 0.014451271 1
0 -1.15E-05 0.014712973 0
0 -0.012804422 0.009573933 0
-1 -0.009121342 0.006585495 0
0 0.00718061 0.01063579 1
0 0.000397377 0.008189138 1
0 -0.021519949 0.015000575 0
0 -0.022864853 0.013059539 0
-1 -0.000427674 0.012583851 0
0 0.025634757 0.024272376 1
0 -0.00205006 0.015536685 0
0 0.081800592 0.042723885 1
0 0.007540546 0.045893838 1
0 -0.019767697 0.052561729 0
0 -0.001788589 0.013880569 0
-1 -0.010549185 0.008990526 0
-1 -0.018912556 0.008562752 0
0 0.014316533 0.017284011 1
0 0.001262454 0.016741228 1
1 0.029431476 0.01409707 1
0 -0.01113367 0.020787371 0
0 0.004999052 0.020423594 1
0 -0.007860989 0.008527952 0
0 0.005293374 0.007511153 1
0 0.019748414 0.013809807 1
0 -0.013449194 0.016644885 0
0 -0.00533351 0.017306301 0
-1 -0.022483035 0.008578858 0
-1 -0.02185071 0.009723887 0
-1 -0.004141991 0.010411471 0
-1 -0.007301999 0.00944501 0
-1 -0.008379625 0.002202441 0
0 0.002575484 0.006037941 1
0 -0.018041268 0.010315136 0
0 -0.006497969 0.010333003 0
0 0.033636695 0.027125175 1
0 -0.006562419 0.023190386 0
0 0.003970552 0.020844633 1
0 -0.010110759 0.007323678 0
0 -0.009512485 0.007962763 0
0 0.003133253 0.007479711 1
0 0.008413016 0.009211534 1
1 0.001602108 0.003573252 1
1 0.018602116 0.008555763 1
0 -0.003291884 0.011491292 0
0 0.022897556 0.014045669 1
0 0.020000456 0.01435742 1
0 -0.003489894 0.014471162 0
0 -0.003064351 0.013441001 0
0 0.003884435 0.004140198 1
0 0.013447584 0.00829039 1
1 0.006606906 0.004927145 1
0 -0.00595886 0.009842962 0
0 0.02173312 0.013865704 1
0 0.003972721 0.014029218 1
1 0.006059495 0.009707805 1
1 0.007802034 0.001917233 1
1 0.014483661 0.004446855 1
0 -0.016425749 0.016263565 0
0 0.017243584 0.018693282 1
0 -0.009889995 0.017853903 0
0 0.008412164 0.013839521 1
0 -0.033934586 0.021238168 0
0 0.002574212 0.022950023 1
0 0.009349541 0.023282014 1
0 -0.0088658 0.009206679 0
0 0.007840504 0.010109207 1
0 -0.000569494 0.008353217 0
0 -0.001999742 0.005316705 0
-1 -0.011731627 0.006073829 0
-1 -0.002714281 0.005424215 0
0 0.014253235 0.013193573 1
0 0.01793258 0.011013076 1
1 0.003504277 0.007497262 1
1 0.005116735 0.007905924 1
0 -0.01690948 0.012277864 0
0 0.017243036 0.01731375 1
0 0.002644947 0.017136093 1
0 -0.006500712 0.011975759 0
0 0.000463612 0.004776734 1
0 0.015018273 0.010980336 1
1 0.00666134 0.007303975 1
0 -0.000608128 0.007819504 0
0 -0.002165842 0.004711525 0
0 0.003762274 0.003073257 1
0 -0.009493997 0.006640446 0
0 -0.018203177 0.011060889 0
-1 -0.022384346 0.006576386 0
-1 -0.00771172 0.007559087 0
0 0.002554167 0.012533979 1
0 -0.015547257 0.009077863 0
0 -0.00054191 0.009681664 0
0 0.013566149 0.014559007 1
0 0.001539335 0.007615917 1
0 -0.010976793 0.012272284 0
0 0.013666623 0.012322219 1
0 0.004099074 0.012423886 1
0 -0.007569113 0.01063517 0
0 -0.012733224 0.00862304 0
-1 -0.007968348 0.002873195 0
0 0.005291772 0.009340193 1
0 -0.00402274 0.006808802 0
0 0.001312949 0.004673698 1
0 0.004989332 0.004531424 1
1 0.002476753 0.001878975 1
0 -0.013654663 0.010117099 0
0 -0.020631353 0.011852435 0
0 3.43E-05 0.010512912 1
0 -0.009270994 0.01034982 0
0 0.009853295 0.009563295 1
0 -0.00389145 0.009862352 0
0 0.011009658 0.008289534 1
0 -0.008952044 0.010377236 0
0 0.004322075 0.010160344 1
0 -0.001229564 0.006666579 0
0 0.004833121 0.003362489 1
0 -0.002575098 0.003946482 0
0 -0.01851578 0.011931459 0
0 0.002108996 0.010812242 1
0 -0.003052764 0.010732583 0
0 -0.006390999 0.004282474 0
0 0.007564438 0.007287238 1
0 -0.00053295 0.007007599 0
0 0.022697239 0.011791318 1
0 0.00184757 0.012780306 1
0 -0.01612228 0.019427555 0
0 0.007601021 0.012374791 1
0 0.00600299 0.013259439 1
1 0.00297224 0.002351055 1
0 -0.004456459 0.005381621 0
0 -0.010066237 0.00654035 0
0 0.002892197 0.006498633 1
0 -0.000869734 0.006666443 0
0 -0.00358505 0.003252686 0
-1 -0.011874382 0.005732775 0
0 0.007526669 0.009734681 1
0 0.008959911 0.01163703 1
1 0.000251762 0.004669231 1
1 0.015216347 0.007515691 1
1 0.001307248 0.008351805 1
1 0.000652771 0.008225865 1
1 0.010178833 0.005321015 1
0 -0.001915048 0.006371832 0
0 0.006838236 0.006245552 1
0 0.000387786 0.004537461 1
1 0.004884208 0.003307677 1
0 -0.004606974 0.004747771 0
0 0.006211662 0.005900389 1
0 0.007856946 0.006771253 1
1 0.007086004 0.000823184 1
0 -0.003274139 0.006215947 0
0 0.001696833 0.005181478 1
0 0.012064023 0.007825688 1
0 -0.009205712 0.01063599 0
0 0.019470464 0.014886124 1
0 0.018801185 0.016366416 1
1 0.011364466 0.004499258 1
1 0.005381277 0.006723061 1
1 0.002973597 0.004320535 1
0 -0.004774319 0.005306651 0
0 0.010518963 0.007646864 1
0 -0.004991258 0.008892867 0
0 -0.017746039 0.014154868 0
0 0.002964304 0.010447437 1
0 0.020045837 0.018924952 1
1 0.007726561 0.008814972 1
1 0.002138778 0.009161974 1
1 0.002838907 0.003044193 1
1 0.002941295 0.000436787 1
1 0.010519573 0.004405175 1
1 0.023405309 0.010346081 1
0 -0.003184189 0.013296846 0
0 0.003039012 0.013907526 1
0 -0.013038807 0.008106972 0
0 0.012495096 0.01290926 1
0 -0.000707131 0.012769425 0
0 0.006707961 0.006617821 1
0 0.003013875 0.003707555 1
0 -0.020678532 0.014860442 0
0 0.000245069 0.012953723 1
0 0.001244647 0.012378894 1
1 0.0168161 0.009292186 1
0 -0.000895247 0.009667308 0
0 0.003352956 0.009246578 1
0 0.007749407 0.004322539 1
0 -0.001515094 0.00463425 0
0 0.004924369 0.004748307 1
0 0.003428268 0.00337001 1
0 -0.016988132 0.012242177 0
0 0.002897937 0.011637342 1
0 -0.002697565 0.010254964 0
0 -0.023005766 0.013630447 0
-1 -0.00561593 0.010979878 0
-1 -0.004884719 0.010257627 0
0 0.004540295 0.005664428 1
0 0.010863316 0.007924772 1
0 -0.001559038 0.006211513 0
0 0.010498198 0.007069006 1
0 -0.001302286 0.006888327 0
0 -0.00350324 0.007529231 0
0 0.013320052 0.009144034 1
0 0.002987491 0.008484443 1
1 0.006639379 0.005239744 1
1 0.000830414 0.002936362 1
0 -0.00566502 0.00615539 0
0 0.00777863 0.006723096 1
0 0.005015656 0.007099796 1
1 0.008816455 0.001964569 1
0 -0.009067953 0.009422015 0
0 0.005172267 0.009450891 1
0 0.017180447 0.013140007 1
1 0.009311418 0.006099871 1
1 0.009730395 0.004427197 1
1 0.002972808 0.003786346 1
0 -8.16E-05 0.005021106 0
0 0.013379867 0.007057462 1
0 0.004830443 0.006812135 1
0 -0.005555012 0.009482263 0
0 -0.020714906 0.012846821 0
0 0.022560859 0.021958735 1
0 0.005185006 0.021777349 1
1 0.006109871 0.009775911 1
1 0.006152323 0.000546638 1
0 -0.0033912 0.005497742 0
0 0.013029144 0.008246183 1
0 -0.005621497 0.010185352 0
0 -0.000673843 0.009661759 0
0 0.012084804 0.009135785 1
0 -0.000398017 0.007287889 0
0 0.014784423 0.008099539 1
0 0.039322728 0.020043172 1
1 0.027214904 0.012269506 1
1 0.011441264 0.013980839 1
0 -0.008602371 0.017951009 0
0 0.032843575 0.020726684 1
0 0.043124065 0.027383326 1
0 -0.015552893 0.031333932 0
0 0.00329795 0.0299568 1
0 -0.003234695 0.009572249 0
0 0.026216947 0.015466928 1
0 0.005541322 0.015121173 1
0 -0.040781265 0.034307492 0
0 -0.007141502 0.023938357 0
-1 -0.000412768 0.021627625 0
0 0.017832836 0.012922174 1
0 0.026498475 0.013736875 1
1 0.009126906 0.008685792 1
0 -0.009653602 0.018080614 0
0 0.027412208 0.018533456 1
0 -0.009095575 0.0212407 0
0 0.009380485 0.018254342 1
0 -0.002864962 0.00939979 0
0 -0.056398931 0.034982778 0
0 0.004355302 0.033189092 1
0 -0.023974721 0.0304001 0
0 0.002688941 0.015897158 1
0 0.000470073 0.014795394 1
0 -0.011091598 0.007399312 0
0 0.001176122 0.006888005 1
0 0.025377512 0.01855712 1
1 0.012807187 0.012103732 1
1 0.002494588 0.01146001 1
0 -0.003504655 0.008250422 0
0 -0.001484781 0.00305249 0
0 0.005932935 0.004969415 1
0 0.017887939 0.009774515 1
1 0.000359393 0.008955784 1
0 -0.000740523 0.010452108 0
0 0.023648277 0.013774345 1
0 -0.00083147 0.014107208 0
0 0.018917329 0.012984959 1
0 -0.006561855 0.013366882 0
0 -0.01275682 0.01678699 0
0 0.018427721 0.01650925 1
0 -0.005815265 0.016372656 0
0 0.001198216 0.012475089 1
0 0.004574682 0.005300007 1
1 0.000437057 0.002202265 1
0 -0.051514938 0.031257466 0
0 0.008201532 0.03246884 1
0 0.011141158 0.035356481 1
1 0.000852614 0.005299404 1
0 -0.026779863 0.019610422 0
0 0.006396636 0.01777156 1
0 0.008058341 0.019651726 1
1 0.001541264 0.003386449 1
1 0.011817807 0.005199571 1
0 -0.002088533 0.007213056 0
0 -0.011485452 0.011724122 0
-1 -0.010445944 0.00515152 0
-1 -0.035083011 0.013933834 0
-1 -0.009479808 0.014511159 0
-1 -0.005436563 0.016076814 0
-1 -0.002627266 0.003444738 0
-1 -0.023456052 0.011302157 0
-1 -0.014340814 0.010441369 0
0 0.023110857 0.024678575 1
0 -0.000870336 0.01897006 0
0 0.016119236 0.012333058 1
0 0.003287533 0.008856128 1
0 -0.023462549 0.020194624 0
0 0.016167357 0.020215449 1
0 0.013990489 0.022278533 1
0 -0.009302181 0.014118455 0
0 -0.002956835 0.012041758 0
0 0.002121669 0.00572362 1
0 0.011577572 0.007376249 1
1 0.000318999 0.006047302 1
1 0.005226806 0.005644677 1
1 0.002352213 0.002465894 1
1 0.023505527 0.01147343 1
1 0.003220478 0.0119701 1
1 0.00339057 0.011662787 1
1 0.00301198 0.000189619 1
0 -0.015380708 0.010729983 0
0 0.014520901 0.015082288 1
0 0.002572463 0.015050957 1
1 0.004244115 0.006470084 1
0 -0.013361854 0.009718256 0
0 0.002838043 0.009784204 1
0 0.004961904 0.010022538 1
1 0.006633004 0.001901976 1
0 -0.006863851 0.007357605 0
0 -8.22E-05 0.006748455 0
0 0.017963356 0.012832399 1
0 0.009718715 0.00903395 1
1 0.001999186 0.007983524 1
1 0.000108829 0.005091079 1
1 0.006463735 0.003263191 1
0 -0.009024269 0.00778542 0
0 -0.001782013 0.007749418 0
-1 -0.010747595 0.004757482 0
0 0.009921556 0.010364756 1
0 0.011581773 0.01244033 1
1 0.011730353 0.00100417 1
1 0.023373976 0.006765748 1
1 0.000821687 0.011278141 1
0 -0.000932336 0.013555314 0
0 -0.006553336 0.003852774 0
0 0.003070452 0.004834515 1
0 -0.008638041 0.006245693 0
0 -0.002869188 0.005854454 0
0 0.016359716 0.013088915 1
0 0.001245139 0.010125289 1
1 0.000555795 0.008932054 1
0 -0.021844492 0.013136331 0
0 0.022240048 0.022043239 1
0 0.00470817 0.02219556 1
1 0.006407111 0.00966898 1
0 -0.011709361 0.010005234 0
0 0.004996352 0.010077017 1
0 0.0126051 0.012437624 1
1 0.010201643 0.003889403 1
1 0.000168986 0.006596561 1
1 0.005832421 0.005030222 1
1 0.013169476 0.006518175 1
1 0.005444694 0.004352298 1
0 -0.011826397 0.012798154 0
0 0.017714946 0.01484105 1
0 -0.013543559 0.017572392 0
0 -0.018802441 0.019741114 0
0 0.01219694 0.016589107 1
0 0.027433759 0.023561651 1
0 -0.000957804 0.0142085 0
0 0.018776618 0.014551485 1
0 0.019896548 0.011730343 1
1 0.011982475 0.004282662 1
1 0.007306559 0.006364021 1
1 0.006699384 0.002890903 1
1 0.001021463 0.003466744 1
1 0.009299881 0.00423347 1
0 -0.004716067 0.007046255 0
0 0.014069257 0.009764581 1
0 0.028323956 0.016571703 1
1 0.008667958 0.010154874 1
1 0.02979378 0.011795614 1
1 0.007575502 0.012524281 1
0 -0.008259811 0.019115808 0
0 -0.002079341 0.007980929 0
-1 -0.036115131 0.018131704 0
0 0.045770575 0.041136598 1
0 0.007190265 0.040965568 1
1 0.000593524 0.024402606 1
1 0.017894959 0.008731619 1
1 0.017155555 0.009782528 1
1 0.025952539 0.004879519 1
1 0.002781677 0.011696752 1
1 0.007863894 0.012178648 1
0 -0.014231494 0.011572115 0
0 -0.006993227 0.011264492 0
0 0.022926294 0.019698864 1
0 -0.000443505 0.015728022 0
0 0.023031204 0.013522946 1
0 -0.001487735 0.013864407 0
0 0.030869778 0.016880118 1
0 0.012758139 0.016217198 1
1 0.002801039 0.014230422 1
1 0.02830844 0.0128555 1
1 0.032150162 0.015951789 1
1 0.025398961 0.003386311 1
0 -0.010789151 0.023090195 0
0 -0.025936199 0.026376477 0
0 0.052255319 0.041468767 1
0 0.029086187 0.040162556 1
0 -0.019091963 0.036396835 0
0 0.003538436 0.024103792 1
0 0.034090026 0.026689132 1
1 0.039739743 0.019475855 1
1 0.006751468 0.017642479 1
1 0.011283307 0.017881707 1
0 -0.032959711 0.024341186 0
0 0.024498233 0.030092896 1
0 0.025468379 0.033456933 1
0 -0.009717027 0.020040118 0
0 -0.065261689 0.045744158 0
0 0.004121006 0.036721154 1
0 -0.040569145 0.03516838 0
0 -0.011401218 0.022689634 0
0 0.019473545 0.030025388 1
0 0.023207717 0.018995497 1
1 0.017220935 0.00302379 1
0 -0.00553804 0.015166471 0
0 0.036767129 0.021172907 1
0 0.014983564 0.021155721 1
1 0.026052176 0.010892261 1
1 0.031015898 0.008207603 1
1 0.003039013 0.014927326 1
1 0.011558836 0.014340332 1
0 -0.092400136 0.057718695 0
0 0.035434529 0.067969623 1
0 -0.027914343 0.063918175 0
0 0.014226574 0.032245707 1
0 -0.013201899 0.021387824 0
0 0.018048077 0.017046437 1
0 0.027437319 0.021277002 1
1 0.014748363 0.006583509 1
0 -0.006180474 0.016976365 0
0 0.001830443 0.010559858 1
0 0.009173716 0.007679514 1
0 -0.016214865 0.013064818 0
0 0.018553454 0.017987938 1
0 -0.01561868 0.019903627 0
0 0.021188605 0.020532312 1
0 0.005023671 0.018448975 1
1 0.011160706 0.008160137 1
1 0.003226523 0.004160212 1
1 0.001825679 0.005034156 1
1 0.017582935 0.008721239 1
1 0.007232194 0.008006866 1
1 0.004895798 0.006752284 1
0 -0.005125731 0.006565161 0
0 -0.000549705 0.005017047 0
0 0.024563409 0.015984646 1
0 0.013336327 0.012579996 1
1 0.00820603 0.008365915 1
1 0.011412107 0.002591701 1
1 0.009154344 0.001647003 1
1 0.022261029 0.007006923 1
1 0.014284915 0.006604624 1
1 0.012899269 0.005052738 1
1 0.017659195 0.00244822 1
0 -0.002269837 0.010407729 0
0 0.02737889 0.015114484 1
0 0.008476658 0.015010155 1
1 0.006364965 0.011571075 1
0 -0.04666364 0.031243519 0
0 0.044116433 0.045603779 1
0 0.043182703 0.052144445 1
1 0.004045091 0.022870421 1
1 0.000893997 0.023558497 1
1 0.013136984 0.006357183 1
0 -0.006600679 0.009963569 0
0 0.025411178 0.016150284 1
0 0.035777009 0.022091016 1
1 0.004137243 0.016130228 1
1 0.006276207 0.017682135 1
0 -0.005879968 0.006489636 0
0 0.008591237 0.007773328 1
0 -0.034752385 0.02206695 0
0 0.026535243 0.031508809 1
0 0.021165909 0.033940778 1
0 -0.000524002 0.01432646 0
0 0.014512939 0.011111734 1
0 0.01019199 0.007741799 1
1 0.017687683 0.003762424 1
0 -0.004874395 0.011490785 0
0 0.016710249 0.012753429 1
0 0.021913305 0.014204164 1
1 0.023501073 0.003552184 1
0 -0.067612858 0.052152346 0
0 0.010675525 0.049320912 1
0 -0.03156863 0.039185086 0
0 -0.076899013 0.043796331 0
0 0.035085421 0.056329565 1
0 0.011816884 0.059093779 1
1 0.033913606 0.013108923 1
1 0.009354864 0.013524413 1
1 0.024490147 0.01238958 1
1 0.026514169 0.009377412 1
1 0.020356234 0.003138632 1
0 -0.010307726 0.019723297 0
0 0.005780432 0.015338195 1
0 0.031270582 0.020965576 1
1 0.006015276 0.014649422 1
0 -0.022431225 0.026866702 0
0 0.009543968 0.017531248 1
0 -0.034748694 0.022861806 0
0 -0.042908306 0.028224281 0
0 0.0130545 0.030231221 1
0 0.028580448 0.037602156 1
0 -0.045034253 0.038803957 0
0 -0.024475706 0.037984061 0
-1 -0.001705596 0.021673733 0
0 0.019844797 0.022163048 1
0 -0.023132745 0.021488801 0
0 -0.055064938 0.037590341 0
0 0.048860193 0.053233888 1
0 0.02992227 0.055350253 1
0 -0.011954047 0.031119776 0
0 0.003774215 0.021153112 1
0 0.007137448 0.010191293 1
1 0.000838372 0.003151953 1
0 -0.031975435 0.02100096 0
0 0.02479198 0.028498716 1
0 0.004728669 0.028787345 1
0 -0.000149702 0.013218815 0
0 0.043309693 0.023808307 1
0 0.046537156 0.026072969 1
1 0.001113859 0.02534489 1
1 0.022615257 0.022722395 1
1 0.011216179 0.010757214 1
1 0.000917924 0.01085332 1
1 0.023950928 0.01153796 1
1 0.01139605 0.011532096 1
0 -0.038129742 0.03282387 0
0 0.033961235 0.036876145 1
0 0.036560652 0.042392061 1
1 0.022964609 0.007217284 1
1 0.004372893 0.016158363 1
0 -0.011950344 0.017469755 0
0 0.023392865 0.017688744 1
0 -0.010593872 0.020025321 0
0 -0.001161492 0.017545106 0
0 0.015754503 0.013350141 1
0 0.000663112 0.009284666 1
0 -0.016006252 0.015886909 0
0 -0.020195089 0.011033877 0
0 0.055948454 0.042803554 1
0 0.017865367 0.038071772 1
1 0.015882688 0.022581402 1
1 0.016675608 0.000997937 1
1 0.015897802 0.000453492 1
1 0.004900739 0.006585184 1
1 0.00164405 0.007468945 1
0 -0.015223439 0.010802012 0
0 0.013420807 0.014397321 1
0 0.010604381 0.015787661 1
1 0.023100696 0.006554774 1
0 -0.010857751 0.017175356 0
0 0.000544743 0.017281802 1
0 0.009097096 0.01001129 1
0 -0.021662811 0.01587708 0
0 0.015566216 0.019891463 1
0 -0.047074511 0.031505596 0
0 0.015372486 0.036109845 1
0 0.028274833 0.040298101 1
1 0.00884304 0.009888536 1
1 0.018829855 0.009717156 1
0 -0.004013523 0.011451693 0
0 -0.010511536 0.015410826 0
0 0.013959445 0.012675966 1
0 -0.004880872 0.012815946 0
0 0.008375853 0.009677076 1
0 -0.010751011 0.009798267 0
0 -0.017159765 0.013285185 0
0 0.01243047 0.015567248 1
0 0.02821658 0.023035465 1
1 0.012960484 0.00896503 1
1 0.004031388 0.01222975 1
1 0.001731875 0.005931529 1
1 0.013071252 0.00599428 1
0 -0.003968695 0.008674078 0
0 0.014681326 0.01033421 1
0 0.009576652 0.009638096 1
0 -0.009031512 0.012480786 0
0 -0.035777079 0.022798209 0
-1 -0.000300939 0.0184847 0
-1 -0.025183201 0.018211323 0
0 0.012317548 0.019081664 1
0 0.008649679 0.020673748 1
0 -0.045493834 0.032370586 0
0 0.01144027 0.032095689 1
0 0.021048007 0.035966692 1
1 0.01592307 0.004807444 1
1 0.016524096 0.002801547 1
0 -0.014645234 0.017824653 0
0 -0.023602957 0.021063192 0
-1 -0.020577643 0.004556804 0
-1 -0.007977151 0.008287448 0
0 0.00622091 0.013407211 1
0 -0.048024251 0.02813033 0
0 -0.010432556 0.02778792 0
-1 -0.012355844 0.021170222 0
-1 -0.007836087 0.002268218 0
0 0.04183842 0.030069373 1
0 -0.012588687 0.030145353 0
0 -0.014455503 0.031976035 0
-1 -0.002643949 0.006349483 0
0 0.01500875 0.014828311 1
0 -0.014155577 0.014689528 0
0 -0.04502143 0.030019109 0
0 0.017504012 0.031263561 1
0 -0.011548219 0.03128876 0
0 -0.018526775 0.019109117 0
-1 -0.013245174 0.003639487 0
0 0.041585372 0.033286019 1
0 -0.021614723 0.034328536 0
0 0.007442885 0.031634122 1
0 0.011846618 0.018181487 1
1 0.02831519 0.011001968 1
1 0.001029008 0.013740271 1
1 0.014139841 0.013646552 1
1 0.018290736 0.009010098 1
1 0.00125449 0.008883467 1
0 -0.012180934 0.015271253 0
0 -0.038029381 0.019966119 0
0 0.019112258 0.02861402 1
0 -0.024180085 0.029808267 0
0 -0.005636888 0.02172018 0
0 0.024095687 0.02435305 1
0 0.018379432 0.015777015 1
1 0.012834511 0.005630805 1
1 0.020635652 0.004014442 1
1 0.00185899 0.009432947 1
1 0.009243197 0.009459366 1
1 0.019468075 0.008842648 1
0 -0.005449434 0.012525333 0
0 0.008770615 0.012500185 1
0 0.006857811 0.007717263 1
1 0.011364747 0.002262035 1
1 0.013301359 0.003306112 1
0 -0.005136244 0.010132278 0
0 0.015504563 0.011334624 1
0 0.010401228 0.010750969 1
1 0.0047601 0.005374474 1
1 0.005721906 0.003017821 1
0 -0.006160411 0.006600153 0
0 -0.033482256 0.0201024 0
-1 -0.025446263 0.014041631 0
0 0.00910426 0.022627149 1
0 -0.049633667 0.029520934 0
0 -0.07615246 0.043631218 0
0 0.046538925 0.064556939 1
0 0.01047213 0.063057922 1
1 0.009989636 0.020963846 1
0 -0.068056083 0.045199645 0
0 0.006382241 0.044055291 1
0 -0.010799903 0.038975549 0
0 -0.019158715 0.013022009 0
-1 -0.010486105 0.004919051 0
0 0.082715253 0.056480104 1
0 -0.005715013 0.052486773 0
0 -0.021485911 0.056164217 0
0 0.013324114 0.017430564 1
0 -0.01371651 0.01827246 0
0 0.020293727 0.017965092 1
0 0.022349872 0.020255485 1
0 -0.022313399 0.025213762 0
0 -0.006659577 0.022662003 0
-1 -0.0356417 0.014506603 0
-1 -0.038802783 0.017716008 0
-1 -0.000940311 0.021006926 0
0 0.027513935 0.033269401 1
0 -0.003817 0.017318328 0
0 0.011356408 0.015668043 1
0 0.024855868 0.014344576 1
0 -0.024962741 0.025765642 0
0 -0.009083416 0.02544904 0
0 0.01216535 0.018628644 1
0 -0.013519657 0.013728983 0
0 -0.04113214 0.026654553 0
0 0.002164009 0.021920246 1
0 -0.029616003 0.022424492 0
0 -0.02568422 0.017325087 0
-1 -0.009785756 0.010499673 0
-1 -0.046319389 0.018317922 0
-1 -0.050773211 0.022488939 0
0 0.033185882 0.047240615 1
0 0.029049644 0.047324987 1
1 0.008995884 0.012938429 1
0 -0.044761667 0.038166602 0
0 0.012620914 0.03213455 1
0 0.002201871 0.030569295 1
0 -0.042267338 0.029151293 0
0 0.045143668 0.043707727 1
0 -0.032573963 0.047914291 0
0 -0.054786534 0.052471379 0
-1 -0.009735239 0.022526372 0
0 0.028951685 0.041909399 1
0 0.053447284 0.031855779 1
1 0.011763421 0.02094841 1
0 -0.052152884 0.053188711 0
0 0.01805522 0.038845975 1
0 0.007726275 0.037906417 1
0 -0.065385215 0.045486781 0
0 0.013282131 0.04390275 1
0 -0.024915581 0.039339141 0
0 -0.030735371 0.02391121 0
-1 -0.033700168 0.004468948 0
-1 -0.001512605 0.017789507 0
0 0.00879252 0.022165526 1
0 0.047765966 0.025991995 1
1 0.092876397 0.042079248 1
1 0.007569214 0.042677171 1
0 -0.019436929 0.058624412 0
0 0.012815253 0.017306337 1
0 0.048234814 0.033848223 1
1 0.024414516 0.018057754 1
0 -0.011068155 0.029841997 0
0 -0.047263824 0.035839761 0
0 0.027142453 0.037207686 1
0 -0.011750199 0.037215924 0
0 0.006702897 0.019454779 1
0 -0.013631521 0.011236434 0
0 0.032217027 0.022972987 1
0 -0.006964671 0.024771427 0
0 -0.003031846 0.02157605 0
-1 -0.005601963 0.001997064 0
-1 -0.051928044 0.027518326 0
0 0.019464701 0.036220085 1
0 -0.018929171 0.03573033 0
0 -0.009777876 0.020053943 0
-1 -0.031544291 0.010929046 0
0 0.004770708 0.018276658 1
0 0.027971031 0.029997521 1
0 -0.025939617 0.027042365 0
0 0.008506313 0.027300047 1
0 0.004015141 0.018726008 1
0 -0.003232363 0.005923027 0
0 -0.018591022 0.01154306 0
-1 -0.009805691 0.007705832 0
-1 -0.006446212 0.006271158 0
-1 -0.08108325 0.042155395 0
-1 -0.020663889 0.039630226 0
-1 -0.017727606 0.035760916 0
-1 -0.034205075 0.008789126 0
-1 -0.009022799 0.012789499 0
-1 -0.037110804 0.015446285 0
0 0.052271096 0.045707406 1
0 -0.072942262 0.064486953 0
0 0.027619109 0.066330856 1
0 -0.020960322 0.050290278 0
0 0.022215532 0.026624907 1
0 0.041242391 0.031873064 1
1 0.003828876 0.018707671 1
0 -0.055315323 0.048684699 0
0 -0.008593689 0.031185647 0
-1 -0.033479952 0.023377413 0
0 0.000463246 0.017576001 1
0 0.022599644 0.028246186 1
0 -0.0067956 0.015312257 0
0 0.051392308 0.029094474 1
0 0.006618657 0.030469807 1
1 0.039040747 0.02312442 1
0 -0.013730751 0.026614912 0
0 -0.006802904 0.02867771 0
0 0.007574065 0.010867286 1
0 -0.041295487 0.025115296 0
0 -0.037637838 0.027220481 0
-1 -0.010026952 0.017095129 0
0 0.035830571 0.037109928 1
0 0.033951823 0.025950513 1
0 -0.002167603 0.021416519 0
0 -0.007374154 0.022507619 0
0 0.03261518 0.02174127 1
0 -0.012816724 0.024808689 0
0 0.00736595 0.022762988 1
0 -0.01865005 0.013651619 0
0 -0.007313388 0.013043741 0
-1 -0.02744784 0.010093869 0
0 0.012683542 0.02006573 1
0 -0.023810278 0.022194439 0
0 -0.025267295 0.021502666 0
0 0.006884739 0.018157002 1
0 -0.000459273 0.016847976 0
0 -0.047411448 0.029457645 0
-1 -0.051959127 0.028511469 0
-1 -0.005148953 0.025813408 0
0 0.000208661 0.028697777 1
0 -0.000474502 0.002916083 0
0 0.001682007 0.001102118 1
0 -0.054836944 0.032026857 0
0 0.015159505 0.03713834 1
0 0.078549013 0.066720244 1
0 -0.035121243 0.056960966 0
0 -0.015978036 0.060858788 0
-1 -0.001821259 0.016712099 0
-1 -0.028751744 0.013471161 0
-1 -0.002676354 0.01530745 0
0 0.00454997 0.017517372 1
0 0.023875473 0.013727675 1
0 -0.034482614 0.029728449 0
0 -0.010289411 0.029320689 0
-1 -0.017261673 0.012453141 0
0 0.002310816 0.009920185 1
0 -0.030082402 0.016313461 0
0 -0.026064495 0.017657021 0
0 0.005939281 0.019739752 1
0 0.001883926 0.017425086 1
0 -0.033151672 0.021494347 0
0 0.002760445 0.020485529 1
0 -0.037153789 0.021980457 0
0 -0.035743383 0.022648326 0
-1 -0.017183823 0.01114485 0
0 0.093418214 0.069833118 1
0 0.064878371 0.057418837 1
0 -0.038109086 0.069186186 0
0 0.007238119 0.051615863 1
0 0.039591369 0.039030891 1
1 0.009053172 0.018177865 1
0 -0.05123771 0.046219573 0
0 -0.01233147 0.030566836 0
-1 -0.037846322 0.019765426 0
-1 -0.013634027 0.014369758 0
-1 -0.044274044 0.016157359 0
0 0.041180727 0.043293544 1
0 -0.025620879 0.044931268 0
0 -0.010472341 0.035023736 0
-1 -0.048820494 0.019314421 0
0 0.006787852 0.028462792 1
0 0.034621385 0.042484391 1
0 -0.008077059 0.021674979 0
0 -0.025560617 0.030958858 0
0 0.000796369 0.013410837 1
0 -0.028984401 0.016295742 0
0 -0.071244948 0.036200367 0
0 0.030912508 0.051331828 1
0 -0.027904468 0.051273742 0
0 0.02378454 0.032098801 1
0 -0.020027567 0.027848698 0
0 -0.006082974 0.022383107 0
-1 -0.015590793 0.007124316 0
0 0.03910896 0.029225481 1
0 -0.024618368 0.034483649 0
0 0.017002267 0.03235778 1
0 0.073809623 0.049408876 1
0 -0.011272875 0.043331264 0
0 0.011485607 0.04404782 1
0 0.040103895 0.02574402 1
1 0.037122215 0.015732835 1
1 0.022421732 0.009466198 1
0 -0.074178631 0.060464332 0
0 0.061603853 0.069885324 1
0 -0.01061357 0.067937172 0
0 -0.006049378 0.04044162 0
-1 -0.043264575 0.020297335 0
-1 -0.00182299 0.022804379 0
0 0.005021016 0.026127073 1
0 0.01462978 0.008265011 1
0 -0.021679043 0.018812904 0
0 0.018738524 0.022244071 1
0 0.002370978 0.020330108 1
1 0.044974125 0.021491206 1
1 0.01549673 0.021818304 1
1 0.015255203 0.017088932 1
1 0.040662037 0.014599419 1
0 -0.025865855 0.033571836 0
0 0.027214151 0.035176443 1
0 -0.023874375 0.030087346 0
0 -0.042006705 0.035894163 0
0 0.007473041 0.025032269 1
0 0.009832762 0.029272125 1
1 0.003494698 0.003203294 1
1 0.021824505 0.009309088 1
1 0.003427705 0.010602111 1
0 -0.016841202 0.019340406 0
0 -0.048866199 0.026366271 0
-1 -0.016613165 0.018555819 0
-1 -0.008642983 0.021298236 0
-1 -0.004634455 0.006097562 0
-1 -0.003941786 0.002538022 0
-1 -0.011494749 0.004175138 0
-1 -0.008574047 0.003808665 0
0 0.035891116 0.026555293 1
0 0.031779751 0.024571267 1
0 -0.005981058 0.023079793 0
0 -0.022364565 0.027766601 0
0 0.016091187 0.019297876 1
0 0.00120936 0.019390906 1
0 -0.023168757 0.019820463 0
0 0.042133259 0.032998514 1
0 -0.000189235 0.033125029 0
0 0.018077928 0.021227112 1
0 0.011184749 0.00922472 1
1 0.006320591 0.005907776 1
0 -0.001718357 0.006516324 0
0 0.011297367 0.006567624 1
0 -0.005805679 0.008931493 0
0 0.011994018 0.010081573 1
0 0.025205876 0.015562235 1
1 0.02726527 0.00828659 1
0 -0.007126998 0.019289392 0
0 0.040126083 0.024430453 1
0 0.026545627 0.024328064 1
1 0.013101578 0.01351231 1
1 0.001882446 0.012348305 1
0 -0.005490876 0.009362283 0
0 0.03482233 0.021465307 1
0 0.026335205 0.021252785 1
0 -0.031255965 0.035951623 0
0 -0.045885406 0.038180667 0
0 0.009917217 0.028934363 1
0 0.019974678 0.035479186 1
1 0.028221403 0.009167008 1
0 -0.045065713 0.040144037 0
0 0.00104264 0.037048767 1
0 -0.049499837 0.027988639 0
0 -0.022692095 0.025286804 0
0 0.011296479 0.030468755 1
0 -0.010403433 0.017210077 0
0 0.066755363 0.039791234 1
0 0.008651511 0.040192512 1
0 -0.007956892 0.039229703 0
0 -0.036757953 0.022975928 0
0 0.017366392 0.027080788 1
0 -0.009103973 0.02706433 0
0 -0.002107747 0.013716593 0
-1 -0.004639617 0.003542316 0
0 0.016409573 0.011491808 1
0 0.03604106 0.020344455 1
1 0.004413538 0.015966633 1
1 0.021396266 0.015828156 1
0 -0.001141629 0.011741874 0
0 0.025026893 0.014177034 1
0 0.005075018 0.013671842 1
0 -0.020576887 0.022861183 0
0 0.03267356 0.026631153 1
0 0.007718396 0.026642677 1
0 -0.005778473 0.019508479 0
0 0.009378182 0.008313088 1
0 0.016121765 0.011216212 1
1 0.0110587 0.003510334 1
0 -0.002290017 0.009511542 0
0 0.002509239 0.006761587 1
0 -0.037874231 0.022060877 0
0 0.015455664 0.027816399 1
0 0.030925419 0.036094281 1
1 0.023498091 0.007736916 1
1 0.007660398 0.011883174 1
1 0.003780535 0.010445636 1
1 4.47E-05 0.003808096 1
0 -0.013553595 0.009122695 0
0 0.02149629 0.017670971 1
0 -0.011903223 0.019776862 0
0 -0.037063063 0.029376132 0
0 0.006707345 0.021966715 1
0 -0.00796974 0.022277368 0
0 -0.023164613 0.014936727 0
0 0.002084917 0.012711668 1
0 0.034480431 0.028896249 1
1 0.006739926 0.017515108 1
1 0.034835089 0.016119345 1
1 0.004682607 0.016846082 1
1 0.013923675 0.015448068 1
1 0.000759499 0.006758743 1
1 0.008001214 0.006593096 1
0 -0.022909631 0.016166583 0
0 0.023204615 0.023498749 1
0 0.009126574 0.023632722 1
0 -0.00760836 0.015425566 0
0 0.001260474 0.008372472 1
0 0.005167875 0.006546706 1
1 0.01049965 0.004637851 1
0 -0.009580716 0.010401681 0
0 -0.022347282 0.016558619 0
-1 -0.003392715 0.00966568 0
0 0.00439307 0.013753427 1
0 -0.011973612 0.008186559 0
0 0.014688796 0.013445905 1
0 0.035739262 0.02391138 1
1 0.002365009 0.016876209 1
1 0.025929287 0.017152996 1
1 0.004885367 0.012938791 1
0 -0.004888701 0.01574869 0
0 0.00311978 0.005208734 1
0 0.004097026 0.004930079 1
1 0.009808955 0.003613083 1
0 -0.009355767 0.009839464 0
0 -0.018685656 0.014527424 0
0 0.020610469 0.020531308 1
0 -0.00167555 0.019707003 0
0 0.016672182 0.011894088 1
0 0.015558412 0.010286636 1
1 0.007382017 0.005072821 1
1 0.000831169 0.007378558 1
1 0.000434704 0.003901623 1
1 0.01194267 0.006532686 1
0 -0.00090043 0.007061174 0
0 0.00336763 0.006540806 1
0 0.016477967 0.00905636 1
0 -0.004245323 0.010482467 0
0 0.022558243 0.014052613 1
0 0.013731122 0.013659562 1
1 0.013642623 0.005122079 1
1 0.014309587 0.000362237 1
0 -0.010151863 0.01393428 0
0 0.003526429 0.012259246 1
0 0.013134384 0.011702263 1
1 0.000591821 0.006560496 1
0 -0.010976044 0.012058497 0
0 0.027890426 0.019956752 1
0 0.011161444 0.019495853 1
1 0.002270053 0.013008453 1
1 0.005303835 0.004519813 1
1 0.020259616 0.009630711 1
0 -0.014282452 0.017322685 0
0 0.018952888 0.019576558 1
0 0.012489881 0.017621559 1
1 0.004268929 0.007359497 1
1 0.02074131 0.008236195 1
1 0.003256198 0.009815754 1
0 -0.052534467 0.038270238 0
0 0.021444369 0.038549267 1
0 0.027456655 0.044548841 1
1 0.014033556 0.006723681 1
0 -0.000108264 0.013784021 0
0 -0.012063529 0.0130638 0
-1 -0.020802258 0.010388577 0
-1 -0.029488523 0.00871251 0
-1 -0.002970381 0.013519362 0
0 0.003340349 0.017420161 1
0 -0.04470276 0.026107333 0
0 0.012780361 0.030826296 1
0 -0.028004952 0.029570728 0
0 -0.061053204 0.036984285 0
0 0.010101042 0.03560707 1
0 -0.049628151 0.038212204 0
0 0.043064185 0.046985839 1
0 0.018836722 0.048073343 1
1 0.008109576 0.017906546 1
0 -0.037085088 0.029678494 0
0 0.020116855 0.030162876 1
0 -0.005071886 0.028668741 0
0 -0.034698856 0.027437785 0
-1 -0.071061908 0.033052261 0
0 0.00474513 0.037913952 1
0 0.016608644 0.047563248 1
1 0.055701798 0.026663332 1
1 0.008250436 0.025330371 1
1 0.00879713 0.027239612 1
1 0.021506277 0.007500429 1
1 0.00754974 0.007722945 1
0 -0.010015932 0.015795502 0
0 0.023781897 0.016903298 1
0 0.017065405 0.017892285 1
1 0.002808656 0.010710143 1
0 -0.01344379 0.015265473 0
0 0.01898571 0.016214765 1
0 -0.03626698 0.027765177 0
0 0.002784645 0.028402945 1
0 -0.024175653 0.019992029 0
0 -0.022663469 0.015147887 0
0 0.006816838 0.017473359 1
0 -0.007270532 0.01474497 0
0 -0.028082118 0.017557112 0
-1 -0.00011774 0.014527508 0
0 0.010941059 0.020112648 1
0 0.052881879 0.027959164 1
0 -0.003818302 0.02941593 0
0 0.014878016 0.02889278 1
0 0.009029176 0.009563985 1
1 0.003792526 0.005545561 1
1 0.00063896 0.004237987 1
1 0.026976503 0.014382327 1
1 0.014541206 0.013175579 1
0 -0.002451467 0.014772683 0
0 -0.006520662 0.011172224 0
0 0.019696354 0.014109195 1
0 0.000290046 0.013603446 1
0 -0.029148507 0.024593542 0
0 0.004407612 0.018301165 1
0 -0.024713681 0.01822878 0
0 0.010261622 0.018733175 1
0 0.034273573 0.029662945 1
1 0.012564843 0.013248569 1
1 0.005373418 0.015045512 1
1 0.003019783 0.004972665 1
1 0.005397885 0.001365989 1
1 0.003666359 0.001229608 1
1 0.002285606 0.00155943 1
0 -0.002314643 0.00313159 0
0 0.001235815 0.002410744 1
0 0.005351444 0.003836514 1
1 0.030431521 0.015802626 1
1 0.000703293 0.015991576 1
1 0.000518142 0.017217298 1
1 0.003363423 0.001591969 1
0 -0.003138006 0.003259132 0
0 0.009501489 0.006320618 1
0 -0.03203647 0.021292722 0
0 0.022984262 0.028677715 1
0 -0.039634894 0.034171566 0
0 -0.029623297 0.033637643 0
0 0.038184662 0.042336026 1
0 0.013999037 0.034365127 1
1 0.010250419 0.015162005 1
0 -0.001792996 0.008251104 0
0 0.014651005 0.008512874 1
0 0.00695487 0.008227604 1
0 -0.012213703 0.013834602 0
0 -0.019188636 0.013537398 0
0 0.006403187 0.013229888 1
0 -0.00062059 0.013222753 0
0 0.010553787 0.005648416 1
0 -0.008140613 0.009406541 0
0 -0.006312546 0.010306112 0
-1 -0.022627446 0.008938551 0
-1 -0.025404077 0.010314813 0
0 0.00143879 0.014761622 1
0 -0.026814892 0.015920639 0
0 0.009360044 0.019015971 1
0 0.030673045 0.029062384 1
0 -0.004082796 0.017525802 0
0 0.01566524 0.017431712 1
0 0.006413813 0.009880558 1
1 0.016602204 0.005631313 1
1 0.004726233 0.00642508 1
0 -0.011312534 0.014009005 0
0 0.008149399 0.010390115 1
0 -0.00625975 0.010098853 0
0 -0.019840586 0.013997035 0
0 0.002497508 0.011255511 1
0 0.000551704 0.012373507 1
1 0.015183584 0.007945802 1
0 -0.032187433 0.024255433 0
0 0.014004104 0.027015621 1
0 0.003946325 0.024291512 1
1 0.005151117 0.005492204 1
1 0.00194248 0.001620816 1
0 -0.032231117 0.020718597 0
0 0.004165648 0.020402213 1
0 -0.012430433 0.01822188 0
0 -0.011345137 0.009284326 0
-1 -0.025603889 0.007937567 0
-1 -0.013639447 0.007656411 0
0 0.002501118 0.01410412 1
0 -0.000751582 0.008536148 0
0 -0.016057251 0.009910067 0
-1 -0.002068062 0.008482276 0
0 0.026867417 0.021891728 1
0 -0.00368958 0.017193126 0
0 -0.02041444 0.023975769 0
-1 -0.000666013 0.010636911 0
0 0.005775962 0.013646957 1
0 0.01418028 0.00744473 1
1 0.001950761 0.006256008 1
1 0.009588871 0.006177687 1
0 -0.005514751 0.007551975 0
0 -0.010738089 0.010556104 0
0 0.014334262 0.01322806 1
0 0.014686483 0.01457827 1
0 -0.003177274 0.010213486 0
0 0.013026904 0.00986951 1
0 -0.003964601 0.009590851 0
0 0.00719972 0.008634325 1
0 -0.025339722 0.016534575 0
0 0.002827196 0.017660264 1
0 0.008104891 0.017980413 1
1 0.005988716 0.002656045 1
0 -0.007916246 0.008703476 0
0 -0.000908622 0.006952554 0
-1 -0.013299926 0.006213362 0
-1 -0.015449425 0.007848563 0
0 0.006531205 0.01211777 1
0 0.021832289 0.01874032 1
0 -0.001942625 0.012049727 0
0 0.00805188 0.01193759 1
0 0.002659486 0.005002457 1
0 -0.00819347 0.008274216 0
0 0.000335819 0.005714526 1
0 -0.014508632 0.007449696 0
0 0.014205065 0.014359608 1
0 0.025508397 0.020630093 1
1 0.002432605 0.011538691 1
0 -0.006267246 0.016420876 0
0 0.013847998 0.010088125 1
0 0.004543123 0.010067007 1
0 -0.000645663 0.007343596 0
0 -0.005344845 0.004946004 0
-1 -0.011872038 0.005637938 0
0 0.009690027 0.011057232 1
0 -0.00819432 0.011534717 0
0 0.012006636 0.011055128 1
0 0.00353508 0.010144167 1
0 -0.002685305 0.007374659 0
0 -0.01126505 0.007431342 0
-1 -0.053603192 0.027260354 0
-1 -0.0009602 0.027898604 0
0 0.0199504 0.037900458 1
0 -0.010856804 0.015728317 0
0 -0.003604515 0.016106487 0
-1 -0.005642633 0.003740258 0
-1 -0.020047289 0.008963006 0
-1 -0.003558089 0.008978986 0
-1 -0.012039324 0.008245732 0
0 0.002388842 0.007251084 1
0 -0.015622504 0.009534322 0
0 0.005610293 0.011442742 1
0 -0.045952595 0.025914853 0
0 -0.020736245 0.025783508 0
0 0.007557838 0.026769964 1
0 -0.020085857 0.01615112 0
0 0.006191044 0.01558053 1
0 0.02439535 0.022362357 1
0 -0.006543328 0.01554972 0
0 -0.05345151 0.039195478 0
0 0.020860347 0.037580117 1
0 -0.003312465 0.037904487 0
0 -0.013087536 0.01747539 0
0 0.01568954 0.014633001 1
0 0.037807129 0.025519844 1
0 -0.020717112 0.029551421 0
0 0 0.029675086 1
0 0.016361401 0.018581847 1
0 -0.003384639 0.010559808 0
0 -0.027028734 0.02172423 0
-1 -0.010493066 0.012131236 0
0 0.004872165 0.015954028 1
0 -0.007778701 0.008200635 0
0 0.003037192 0.006836118 1
0 -0.01773436 0.010388744 0
0 0.001342869 0.011534505 1
0 0.03067046 0.024382627 1
0 -0.011541517 0.021633177 0
0 0.003218158 0.021421671 1
0 -0.005850221 0.00744395 0
0 -0.016975787 0.010114422 0
0 0.031337045 0.025300859 1
0 0.001100458 0.024410146 1
0 -0.009059819 0.021013444 0
0 -0.000362516 0.005492641 0
-1 -0.00769175 0.004676758 0
-1 -0.007130092 0.004079077 0
-1 -0.045922011 0.022236161 0
-1 -0.011168895 0.021326446 0
-1 -0.014435813 0.019191284 0
0 0.00318281 0.009372478 1
0 -0.008468456 0.008960815 0
0 0.019998806 0.014311503 1
0 0.006859417 0.014247645 1
0 -0.001767113 0.010960655 0
0 0.027632846 0.015112412 1
0 0.011000718 0.014742245 1
0 -0.015555522 0.021783391 0
0 0.00721934 0.014365625 1
0 -0.016991947 0.013582734 0
0 0.002917363 0.012916875 1
0 0.025358067 0.021187612 1
1 0.022005838 0.012105044 1
1 0.002130221 0.012555281 1
1 0.012357408 0.009939213 1
1 0.00423904 0.005399851 1
1 0.006437338 0.004198961 1
0 -0.005457016 0.006328792 0
0 0.024322894 0.014990062 1
0 0.004979537 0.015110317 1
0 -0.003172364 0.014122135 0
0 0.016881329 0.010085111 1
0 -0.017588301 0.017311486 0
0 0.003649724 0.017389099 1
0 -0.008899921 0.010677354 0
0 0.016426795 0.012663528 1
0 0.007102283 0.012809239 1
0 -0.029332749 0.024181239 0
0 0.006202694 0.020780955 1
0 -0.011865792 0.01776857 0
0 0.013904324 0.013228027 1
0 0.023298489 0.018206574 1
1 0.006916306 0.008220489 1
0 -0.001675566 0.012687918 0
0 0.006141569 0.004752685 1
0 -0.019310415 0.013037759 0
0 -0.000738356 0.01316598 0
0 0.005400198 0.01286609 1
0 -0.023631187 0.015300245 0
0 0.002486792 0.015986756 1
0 0.002975345 0.015222216 1
1 0.019744138 0.009825537 1
0 -0.004054875 0.012227083 0
0 -0.006596192 0.014529649 0
0 0.012950583 0.010627953 1
0 -0.000403917 0.00998969 0
0 0.018793169 0.009840449 1
0 0.002695717 0.010305854 1
0 -0.000717372 0.01041984 0
0 -0.018285994 0.01125861 0
0 0.002081013 0.011040097 1
0 0.010151575 0.014655171 1
1 0.000908072 0.00503243 1
0 -0.017477175 0.014064183 0
0 -0.019016954 0.011085989 0
0 0.001252716 0.011284497 1
0 -0.004033033 0.010514407 0
0 0.002684371 0.00353818 1
0 0.016640536 0.010545888 1
0 -0.00830284 0.012501103 0
0 -0.002117387 0.012989044 0
0 0.02113531 0.015521772 1
0 0.037014958 0.019681597 1
1 0.029127234 0.007939881 1
1 0.01271346 0.012397519 1
1 0.014136091 0.009093681 1
1 0.002038799 0.006612069 1
1 0.03211399 0.015133112 1
0 -0.006466968 0.020270486 0
0 0.021024391 0.019863049 1
0 0.006283197 0.013757691 1
0 -0.006532465 0.013789636 0
0 0.001176404 0.006451708 1
0 0.030313793 0.019433909 1
0 -0.004309008 0.018609207 0
0 -0.01794823 0.024879676 0
-1 -0.001815581 0.008684353 0
-1 -0.005212365 0.008504928 0
0 0.027520873 0.017998289 1
0 -0.002841923 0.018252777 0
0 -0.012355875 0.020826944 0
0 0.017591818 0.015302055 1
0 0.01157589 0.015841849 1
1 0.007887412 0.004898499 1
0 -0.006938006 0.009799339 0
0 -0.007048908 0.008591653 0
0 0.003106504 0.005831479 1
0 -0.062151351 0.035114098 0
0 0.007005222 0.038851039 1
0 -0.043847609 0.035832176 0
0 -0.020706475 0.025460625 0
0 0.014191777 0.02921749 1
0 0.009812704 0.019010894 1
0 -0.002173742 0.008472322 0
0 -0.020416527 0.015222136 0
0 0.022483409 0.021529743 1
0 0.01461738 0.02283876 1
0 -0.008881705 0.016318966 0
0 -0.001502418 0.012017409 0
-1 -0.016632968 0.007566037 0
-1 -0.000309214 0.009099654 0
0 0.00607139 0.011709433 1
0 0.000982549 0.003373353 1
1 0.002346303 0.002634148 1
1 0.010983804 0.005423581 1
0 -0.008892805 0.009966641 0
0 -0.015293769 0.013702571 0
0 0.012361648 0.014477259 1
0 0.031334797 0.023448616 1
1 0.002578916 0.014620664 1
0 -0.006676923 0.019821966 0
0 -0.005225333 0.004978018 0
-1 -0.001550762 0.002642193 0
-1 -0.014570662 0.006712618 0
0 0.022289267 0.018692775 1
0 -0.01048158 0.020204386 0
0 -0.008347199 0.018335198 0
-1 -0.008044258 0.001328401 0
-1 -0.019997091 0.006815204 0
-1 -0.017672621 0.006337439 0
0 0.00555021 0.014126616 1
0 0.000741387 0.012257653 1
1 0.020939264 0.010550688 1
1 0.019633918 0.011303288 1
0 -0.004395425 0.014265108 0
0 -0.005044621 0.014064501 0
0 0.002209112 0.004013685 1
0 -0.018451851 0.010482095 0
0 0.005382554 0.01294234 1
0 0.005574543 0.013816556 1
0 -0.000337328 0.00335917 0
0 -0.01573244 0.0109996 0
-1 -0.038006249 0.018938847 0
0 0.001109486 0.019620626 1
0 0.022568133 0.030713108 1
0 -0.03288832 0.027963495 0
0 0.013159191 0.029676926 1
0 -0.009797349 0.023023788 0
0 -0.005273794 0.012160319 0
0 0.013536828 0.01237461 1
0 0.016129303 0.011680846 1
1 0.003393392 0.006730696 1
1 0.013096281 0.006652677 1
1 0.000250284 0.006696328 1
0 -0.011805881 0.012453168 0
0 0.020786267 0.016478905 1
0 0.005412092 0.016304764 1
1 0.031458269 0.013093639 1
0 -0.000456644 0.016987285 0
0 0.009590791 0.016318186 1
0 -0.000806519 0.005904481 0
0 -0.010483963 0.010039528 0
0 0.014331171 0.012507287 1
0 -0.028954145 0.021720026 0
0 0.003527649 0.022529246 1
0 0.00510278 0.019224213 1
1 0.002093427 0.001505226 1
1 0.013116005 0.005697444 1
1 0.004732124 0.005755424 1
0 -0.003560796 0.008338442 0
0 -0.006653717 0.005887502 0
0 0.015193747 0.011822371 1
0 0.019518936 0.014029889 1
1 0.000884688 0.009752706 1
1 0.000419481 0.010895265 1
0 -0.017550901 0.010512072 0
0 -0.010023596 0.009024529 0
0 0.004785396 0.011364247 1
0 -0.018069704 0.011593114 0
0 0.013807913 0.016431392 1
0 -0.01573179 0.017768147 0
0 0.005814645 0.015279263 1
0 -0.002668168 0.010854071 0
0 0.004942144 0.004666123 1
0 0.013022191 0.007846351 1
0 -0.004156291 0.008594271 0
0 0.013262143 0.00998799 1
0 -0.001186834 0.009318373 0
0 -0.009904059 0.011700683 0
-1 -0.000583183 0.005215891 0
-1 -0.010070391 0.005430063 0
0 0.015338365 0.012839443 1
0 0.01171499 0.013743705 1
1 0.004031929 0.005773413 1
1 0.008705278 0.003871433 1
0 -0.005943293 0.007482489 0
0 -0.001997942 0.007579636 0
0 0.013604788 0.010337137 1
0 -0.005477413 0.010162695 0
0 0.001604265 0.009646183 1
0 0.000148856 0.003739948 1
0 -0.018940657 0.011464594 0
0 -1.52E-05 0.010974291 0
0 0.006556909 0.013238153 1
0 -0.005254162 0.005918061 0
0 -0.015263914 0.010922796 0
-1 -0.005726912 0.005647611 0
-1 -0.006641989 0.005261961 0
-1 -0.01486836 0.005034491 0
0 0.009785627 0.012552283 1
0 0.005766243 0.013227253 1
0 -0.025567324 0.019355357 0
0 -0.000930001 0.016500655 0
-1 -0.001509859 0.014059964 0
0 0.002678285 0.002269233 1
0 0.007495782 0.004506484 1
0 -0.002578317 0.005038644 0
0 -0.013827903 0.010667241 0
0 0.008540753 0.011184392 1
0 -0.008832866 0.011741308 0
0 0.005021835 0.009184935 1
0 0.007493509 0.008799739 1
0 -0.005969332 0.007166624 0
0 0.000307629 0.006736532 1
0 -0.031592773 0.016899688 0
0 0.00107179 0.018642216 1
0 -0.011856375 0.016450109 0
0 -0.003999545 0.006513904 0
-1 -0.005059798 0.004263164 0
-1 -0.002969652 0.001045109 0
0 0.015924806 0.011559433 1
0 0.000869548 0.009986665 1
0 -0.016130911 0.016037692 0
0 0.010366376 0.013424552 1
0 0.005997288 0.01420594 1
1 0.001461258 0.004452819 1
0 -0.018865604 0.013240848 0
0 0.003401211 0.012333936 1
0 -0.003909613 0.011350043 0
0 0.01464572 0.009346902 1
0 -0.010168495 0.012904904 0
0 -0.015368935 0.016039895 0
-1 -0.0087127 0.003499271 0
-1 -0.005967858 0.004834251 0
0 0.011885631 0.011184606 1
0 -0.000168439 0.009107514 0
0 0.016863899 0.008757704 1
0 0.023613501 0.012255872 1
1 0.002979385 0.010520643 1
1 0.001725677 0.012291022 1
0 -0.013663277 0.009267955 0
0 0.01463917 0.014169255 1
0 0.001859341 0.014173357 1
1 0.023683909 0.010965424 1
1 0.000166561 0.01311642 1
0 -0.002815052 0.014515225 0
0 -0.003863558 0.002090903 0
0 0.002418044 0.003365095 1
0 0.001296162 0.003350121 1
0 -0.018084228 0.01152679 0
0 0.016140482 0.017162382 1
0 0.00305835 0.017269827 1
1 0.004217283 0.007241638 1
0 -0.002010298 0.003312025 0
0 -0.008797156 0.006509222 0
-1 -0.001150194 0.00418882 0
-1 -0.010489816 0.004976104 0
0 0.00289297 0.006863851 1
0 -0.032496846 0.017869189 0
0 0.003193758 0.020519701 1
0 0.007482109 0.021948903 1
0 -0.006349894 0.007080437 0
0 -0.002992284 0.007214693 0
0 0.001897661 0.004147434 1
0 -0.007166557 0.004536815 0
0 -0.00051076 0.004695036 0
0 0.001841029 0.004672029 1
0 -0.021244397 0.012704012 0
0 -0.035728338 0.018948081 0
0 0.001535488 0.018785191 1
0 0.009266705 0.024058672 1
1 0.015155163 0.006830583 1
1 0.002947414 0.006105142 1
1 0.014784184 0.006943533 1
0 -0.006957106 0.010884946 0
0 -0.003992987 0.011790193 0
-1 -0.017934796 0.007344723 0
-1 -0.009381671 0.007030504 0
-1 -0.010638753 0.004618233 0
0 0.015555532 0.014773765 1
0 -0.003892237 0.013600684 0
0 0.033387663 0.018645784 1
0 -0.000902254 0.020714445 0
