TOP HOLDINGS ANALYSIS BY METHOD
==================================================

Rank-Based:
------------------------------
          mean  count  std
ticker                    
688178  0.0638      1  NaN
2912    0.0638      2  0.0
300561  0.0638      1  NaN
300830  0.0638      1  NaN
688361  0.0638      1  NaN
600193  0.0638      1  NaN
688130  0.0631      1  NaN
600644  0.0631      1  NaN
600550  0.0631      1  NaN
952     0.0631      1  NaN

Mean-Variance:
------------------------------
        mean  count  std
ticker                  
300067  0.05      1  NaN
2899    0.05      1  NaN
300295  0.05      1  NaN
300247  0.05      1  NaN
300212  0.05      1  NaN
300158  0.05      1  NaN
300080  0.05      1  NaN
601828  0.05      1  NaN
300016  0.05      1  NaN
2836    0.05      1  NaN

Maximum Sharpe:
------------------------------
        mean  count  std
ticker                  
10      0.05      1  NaN
600292  0.05      1  NaN
600121  0.05      1  NaN
600088  0.05      1  NaN
600022  0.05      1  NaN
301321  0.05      1  NaN
301302  0.05      1  NaN
301260  0.05      1  NaN
300972  0.05      1  NaN
300970  0.05      1  NaN

Risk Parity:
------------------------------
        mean  count  std
ticker                  
688118  0.05      1  NaN
300029  0.05      1  NaN
16      0.05      1  NaN
300311  0.05      1  NaN
300241  0.05      1  NaN
688072  0.05      1  NaN
300071  0.05      1  NaN
688075  0.05      1  NaN
2836    0.05      1  NaN
2322    0.05      1  NaN

Minimum Variance:
------------------------------
        mean  count  std
ticker                  
300419  0.05      1  NaN
2779    0.05      2  0.0
300534  0.05      1  NaN
300438  0.05      1  NaN
300311  0.05      1  NaN
300295  0.05      1  NaN
300249  0.05      1  NaN
300247  0.05      1  NaN
603619  0.05      1  NaN
300212  0.05      1  NaN

Black-Litterman:
------------------------------
        mean  count  std
ticker                  
10      0.05      1  NaN
300561  0.05      1  NaN
600121  0.05      1  NaN
600088  0.05      1  NaN
600071  0.05      1  NaN
600022  0.05      1  NaN
301321  0.05      1  NaN
301302  0.05      1  NaN
301260  0.05      1  NaN
300972  0.05      1  NaN

Factor-Based:
------------------------------
          mean  count     std
ticker                       
301302  0.0531      1     NaN
2248    0.0531      2  0.0000
603519  0.0529      1     NaN
2210    0.0527      2  0.0002
2192    0.0525      1     NaN
600807  0.0525      1     NaN
2796    0.0524      1     NaN
600855  0.0524      1     NaN
600550  0.0524      1     NaN
2289    0.0524      1     NaN

