代码,简称,日期,开盘价(元),最高价(元),最低价(元),收盘价(元),成交量(股),换手率(%),A股流通市值(元),总市值(元),市盈率,
600273.SH,嘉化能源,2003-06-27,4.3664,4.5181,4.233,4.2694,41033237,45.5925,633600000,1513600000,49.0716,
600273.SH,嘉化能源,2003-06-30,4.227,4.227,4.0693,4.0814,11776356,13.0848,605700000,1446950000,46.9108,
600273.SH,嘉化能源,2003-07-01,4.0572,4.1481,4.0268,4.0572,6674170,7.4157,602100000,1438350000,46.6319,
600273.SH,嘉化能源,2003-07-02,4.0572,4.4271,4.0511,4.2755,19345944,21.4955,634500000,1515750000,49.1413,
600273.SH,嘉化能源,2003-07-03,4.2452,4.3058,4.2027,4.2997,7915164,8.7946,638100000,1524350000,49.4201,
600273.SH,嘉化能源,2003-07-04,4.2997,4.2997,4.1603,4.1906,6766538,7.5184,621900000,1485650000,48.1654,
600273.SH,嘉化能源,2003-07-07,4.1906,4.3483,4.1603,4.3179,8358697,9.2874,640800000,1530800000,49.6292,
600273.SH,嘉化能源,2003-07-08,4.3058,4.3604,4.2755,4.3119,6037449,6.7083,639900000,1528650000,49.5595,
600273.SH,嘉化能源,2003-07-09,4.3119,4.3179,4.1906,4.2209,5033157,5.5924,626400000,1496400000,48.514,
600273.SH,嘉化能源,2003-07-10,4.2027,4.3543,4.1663,4.3179,8192392,9.1027,640800000,1530800000,49.6292,
600273.SH,嘉化能源,2003-07-11,4.3179,4.3361,4.2512,4.2815,3854500,4.2828,635400000,1517900000,49.211,
600273.SH,嘉化能源,2003-07-14,4.2512,4.2937,4.2209,4.233,3037050,3.3745,628200000,1500700000,48.6534,
600273.SH,嘉化能源,2003-07-15,4.2209,4.2694,4.1421,4.2027,4914429,5.4605,623700000,1489950000,48.3048,
600273.SH,嘉化能源,2003-07-16,4.2209,4.2209,4.1421,4.1784,2832516,3.1472,620100000,1481350000,48.026,
600273.SH,嘉化能源,2003-07-17,4.1906,4.2209,4.1421,4.2088,3009334,3.3437,624600000,1492100000,48.3745,
600273.SH,嘉化能源,2003-07-18,4.1845,4.2088,4.0693,4.0754,4880064,5.4223,604800000,1444800000,46.8411,
600273.SH,嘉化能源,2003-07-21,4.039,4.0754,3.948,4.0026,5135884,5.7065,594000000,1419000000,46.0046,
600273.SH,嘉化能源,2003-07-22,4.0208,4.0572,3.9298,3.9844,2968537,3.2984,591300000,1412550000,45.7955,
600273.SH,嘉化能源,2003-07-23,3.9844,4.0511,3.948,4.0147,2239603,2.4884,595800000,1423300000,46.144,
600273.SH,嘉化能源,2003-07-24,4.0268,4.039,3.9783,3.9783,1325681,1.473,590400000,1410400000,45.7258,
600273.SH,嘉化能源,2003-07-25,3.9541,4.0086,3.8267,3.857,3472342,3.8582,572400000,1367400000,44.3317,
600273.SH,嘉化能源,2003-07-28,3.8388,3.8692,3.7964,3.8631,1344846,1.4943,573300000,1369550000,44.4014,
600273.SH,嘉化能源,2003-07-29,3.8692,3.8934,3.8267,3.8631,962918,1.0699,573300000,1369550000,44.4014,
600273.SH,嘉化能源,2003-07-30,3.8631,3.8752,3.76,3.857,2152609,2.3918,572400000,1367400000,44.3317,
600273.SH,嘉化能源,2003-07-31,3.851,3.851,3.7843,3.8024,1325441,1.4727,564300000,1348050000,43.7044,
600273.SH,嘉化能源,2003-08-01,3.7903,3.8449,3.76,3.8449,1884837,2.0943,570600000,1363100000,44.1923,
600273.SH,嘉化能源,2003-08-04,3.851,3.9055,3.8206,3.8934,2911450,3.2349,577800000,1380300000,44.7499,
600273.SH,嘉化能源,2003-08-05,3.8934,3.9359,3.8692,3.9116,1999460,2.2216,580500000,1386750000,44.959,
600273.SH,嘉化能源,2003-08-06,3.9177,3.9177,3.8388,3.8449,1124820,1.2498,570600000,1363100000,44.1923,
600273.SH,嘉化能源,2003-08-07,3.851,3.9177,3.8449,3.8631,972154,1.0802,573300000,1369550000,44.4014,
600273.SH,嘉化能源,2003-08-08,3.7661,3.857,3.76,3.7843,1228341,1.3648,561600000,1341600000,43.047,
600273.SH,嘉化能源,2003-08-11,3.7661,3.8934,3.76,3.8692,1434608,1.594,574200000,1371700000,44.0128,
600273.SH,嘉化能源,2003-08-12,3.8692,3.9116,3.8388,3.8631,881991,0.98,573300000,1369550000,43.9438,
600273.SH,嘉化能源,2003-08-13,3.8752,3.9601,3.851,3.8995,2832250,3.1469,578700000,1382450000,44.3577,
600273.SH,嘉化能源,2003-08-14,3.9116,3.9359,3.8085,3.8449,1855246,2.0614,570600000,1363100000,43.7368,
600273.SH,嘉化能源,2003-08-15,3.8146,3.851,3.8024,3.8206,1115503,1.2394,567000000,1354500000,43.4609,
600273.SH,嘉化能源,2003-08-18,3.8206,3.851,3.7843,3.8146,697484,0.775,566100000,1352350000,43.3919,
600273.SH,嘉化能源,2003-08-19,3.8085,3.9237,3.7964,3.8631,1159185,1.288,573300000,1369550000,43.9438,
600273.SH,嘉化能源,2003-08-20,3.851,3.8631,3.7903,3.8267,822957,0.9144,567900000,1356650000,43.5299,
600273.SH,嘉化能源,2003-08-21,3.8206,3.8328,3.7903,3.8206,644110,0.7157,567000000,1354500000,43.4609,
600273.SH,嘉化能源,2003-08-22,3.8206,3.8328,3.7843,3.7964,671886,0.7465,563400000,1345900000,43.185,
600273.SH,嘉化能源,2003-08-25,3.8024,3.8328,3.7054,3.7236,1820699,2.023,552600000,1320100000,42.3571,
600273.SH,嘉化能源,2003-08-26,3.6994,3.7357,3.6508,3.6933,1496195,1.6624,548100000,1309350000,42.0122,
600273.SH,嘉化能源,2003-08-27,3.6994,3.7115,3.6387,3.6569,1033521,1.1484,542700000,1296450000,41.5983,
600273.SH,嘉化能源,2003-08-28,3.6569,3.6569,3.5659,3.572,1549883,1.7221,530100000,1266350000,40.6325,
600273.SH,嘉化能源,2003-08-29,3.572,3.6205,3.5356,3.6084,1056448,1.1738,535500000,1279250000,41.0464,
600273.SH,嘉化能源,2003-09-01,3.6084,3.7903,3.5841,3.76,3571532,3.9684,558000000,1333000000,42.771,
600273.SH,嘉化能源,2003-09-02,3.76,3.7721,3.7054,3.7236,1992128,2.2135,552600000,1320100000,42.3571,
600273.SH,嘉化能源,2003-09-03,3.7054,3.9177,3.669,3.8267,6215328,6.9059,567900000,1356650000,43.5299,
600273.SH,嘉化能源,2003-09-04,3.8146,3.8328,3.7297,3.7418,2179907,2.4221,555300000,1326550000,42.5641,
600273.SH,嘉化能源,2003-09-05,3.7236,3.7479,3.6084,3.6266,2005527,2.2284,538200000,1285700000,41.2534,
600273.SH,嘉化能源,2003-09-08,3.6084,3.6812,3.5902,3.6387,675790,0.7509,540000000,1290000000,41.3913,
600273.SH,嘉化能源,2003-09-09,3.6144,3.6569,3.5902,3.6023,585987,0.6511,534600000,1277100000,40.9774,
600273.SH,嘉化能源,2003-09-10,3.5902,3.6326,3.5902,3.6144,407224,0.4525,536400000,1281400000,41.1154,
600273.SH,嘉化能源,2003-09-11,3.6144,3.6387,3.6023,3.6023,408300,0.4537,534600000,1277100000,40.9774,
600273.SH,嘉化能源,2003-09-12,3.5963,3.6144,3.5417,3.5477,996348,1.1071,526500000,1257750000,40.3566,
600273.SH,嘉化能源,2003-09-15,3.5295,3.5659,3.4446,3.4628,1363228,1.5147,513900000,1227650000,39.3908,
600273.SH,嘉化能源,2003-09-16,3.4871,3.5295,3.4325,3.5174,822146,0.9135,522000000,1247000000,40.0116,
600273.SH,嘉化能源,2003-09-17,3.5053,3.5053,3.3961,3.4143,782100,0.869,506700000,1210450000,38.8389,
600273.SH,嘉化能源,2003-09-18,3.4022,3.4507,3.384,3.4022,794832,0.8831,504900000,1206150000,38.7009,
600273.SH,嘉化能源,2003-09-19,3.4022,3.4386,3.3658,3.4143,605495,0.6728,506700000,1210450000,38.8389,
600273.SH,嘉化能源,2003-09-22,3.481,3.4871,3.3961,3.481,593801,0.6598,516600000,1234100000,39.5977,
600273.SH,嘉化能源,2003-09-23,3.4568,3.5174,3.4264,3.5114,553100,0.6146,521100000,1244850000,39.9426,
600273.SH,嘉化能源,2003-09-24,3.5356,3.572,3.5053,3.5477,1921519,2.135,526500000,1257750000,40.3566,
600273.SH,嘉化能源,2003-09-25,3.5235,3.5295,3.4446,3.4446,775448,0.8616,511200000,1221200000,39.1838,
600273.SH,嘉化能源,2003-09-26,3.4264,3.5114,3.4204,3.4689,553641,0.6152,514800000,1229800000,39.4597,
600273.SH,嘉化能源,2003-09-29,3.4568,3.4568,3.4022,3.4083,513407,0.5705,505800000,1208300000,38.7699,
600273.SH,嘉化能源,2003-09-30,3.4083,3.4871,3.384,3.4568,594957,0.6611,513000000,1225500000,39.3218,
600273.SH,嘉化能源,2003-10-08,3.4568,3.4871,3.4204,3.4689,308490,0.3428,514800000,1229800000,39.4597,
600273.SH,嘉化能源,2003-10-09,3.4568,3.481,3.4204,3.4204,331390,0.3682,507600000,1212600000,38.9079,
600273.SH,嘉化能源,2003-10-10,3.4204,3.572,3.4143,3.5295,1842168,2.0469,523800000,1251300000,40.1496,
600273.SH,嘉化能源,2003-10-13,3.5477,3.6326,3.5053,3.5599,2206034,2.4511,528300000,1262050000,40.4945,
600273.SH,嘉化能源,2003-10-14,3.5417,3.5599,3.481,3.5053,881736,0.9797,520200000,1242700000,39.8737,
600273.SH,嘉化能源,2003-10-15,3.4871,3.572,3.4871,3.4992,732300,0.8137,519300000,1240550000,39.8047,
600273.SH,嘉化能源,2003-10-16,3.4871,3.5053,3.4204,3.4325,712785,0.792,509400000,1216900000,39.0458,
600273.SH,嘉化能源,2003-10-17,3.4204,3.4628,3.4204,3.4325,315654,0.3507,509400000,1216900000,39.0458,
600273.SH,嘉化能源,2003-10-20,3.4143,3.4507,3.3779,3.3961,494824,0.5498,504000000,1204000000,38.6319,
600273.SH,嘉化能源,2003-10-21,3.384,3.4204,3.3415,3.3779,709033,0.7878,501300000,1197550000,38.425,
600273.SH,嘉化能源,2003-10-22,3.384,3.4932,3.3658,3.475,1358211,1.5091,515700000,1231950000,39.5287,
600273.SH,嘉化能源,2003-10-23,3.4689,3.5174,3.4143,3.4204,1071198,1.1902,507600000,1212600000,38.9079,
600273.SH,嘉化能源,2003-10-24,3.4022,3.5053,3.3961,3.4507,986523,1.0961,512100000,1223350000,39.2528,
600273.SH,嘉化能源,2003-10-27,3.4325,3.4871,3.384,3.4204,767596,0.8529,507600000,1212600000,38.9079,
600273.SH,嘉化能源,2003-10-28,3.3901,3.4568,3.3415,3.384,722419,0.8027,502200000,1199700000,38.4939,
600273.SH,嘉化能源,2003-10-29,3.384,3.4325,3.1839,3.2142,1685508,1.8728,477000000,1139500000,36.5624,
600273.SH,嘉化能源,2003-10-30,3.2021,3.2142,3.1111,3.1414,1118191,1.2424,466200000,1113700000,35.7345,
600273.SH,嘉化能源,2003-10-31,3.1414,3.2627,3.1293,3.1717,845108,0.939,470700000,1124450000,36.0794,
600273.SH,嘉化能源,2003-11-03,3.1839,3.2142,3.1293,3.1899,582720,0.6475,473400000,1130900000,36.2864,
600273.SH,嘉化能源,2003-11-04,3.1899,3.293,3.1717,3.2263,1691822,1.8798,478800000,1143800000,36.7003,
600273.SH,嘉化能源,2003-11-05,3.2203,3.2263,3.1172,3.1414,1398929,1.5544,466200000,1113700000,35.7345,
600273.SH,嘉化能源,2003-11-06,3.1232,3.1535,3.0141,3.0262,2068554,2.2984,449100000,1072850000,34.4238,
600273.SH,嘉化能源,2003-11-07,3.0262,3.0262,2.9534,3.008,1196117,1.329,446400000,1066400000,34.2168,
600273.SH,嘉化能源,2003-11-10,2.9716,3.0201,2.9595,3.0201,732576,0.814,448200000,1070700000,34.3548,
600273.SH,嘉化能源,2003-11-11,2.9898,3.0686,2.9898,3.0626,645260,0.717,454500000,1085750000,34.8377,
600273.SH,嘉化能源,2003-11-12,3.0383,3.0444,2.9716,2.9777,484699,0.5386,441900000,1055650000,33.8719,
600273.SH,嘉化能源,2003-11-13,2.9595,3.0262,2.9595,3.008,461540,0.5128,446400000,1066400000,34.2168,
600273.SH,嘉化能源,2003-11-14,2.9959,3.0626,2.9837,3.0383,626234,0.6958,450900000,1077150000,34.5618,
600273.SH,嘉化能源,2003-11-17,3.0323,3.1354,2.9959,3.0808,1278048,1.4201,457200000,1092200000,35.0447,
600273.SH,嘉化能源,2003-11-18,3.0808,3.0808,3.0808,3.0808,--,--,457200000,1092200000,35.0447,
600273.SH,嘉化能源,2003-11-19,3.0201,3.1232,3.0201,3.105,1654662,1.8385,460800000,1100800000,35.3206,
600273.SH,嘉化能源,2003-11-20,3.099,3.2021,3.0686,3.1778,3181665,3.5352,471600000,1126600000,36.1484,
600273.SH,嘉化能源,2003-11-21,3.1778,3.2021,3.0626,3.0808,2380083,2.6445,457200000,1092200000,35.0447,
600273.SH,嘉化能源,2003-11-24,3.0747,3.196,3.0686,3.1839,2023369,2.2482,472500000,1128750000,36.2174,
600273.SH,嘉化能源,2003-11-25,3.2142,3.2748,3.1596,3.2081,3607305,4.0081,476100000,1137350000,36.4934,
600273.SH,嘉化能源,2003-11-26,3.1899,3.2748,3.1717,3.2506,2808174,3.1202,482400000,1152400000,36.9763,
600273.SH,嘉化能源,2003-11-27,3.2688,3.2809,3.196,3.2688,3714931,4.1277,485100000,1158850000,37.1832,
600273.SH,嘉化能源,2003-11-28,3.2748,3.3476,3.2627,3.3234,7403887,8.2265,493200000,1178200000,37.8041,
600273.SH,嘉化能源,2003-12-01,3.3173,3.3415,3.2809,3.3415,2872294,3.1914,495900000,1184650000,38.011,
600273.SH,嘉化能源,2003-12-02,3.3415,3.3597,3.2688,3.293,2804184,3.1158,488700000,1167450000,37.4592,
600273.SH,嘉化能源,2003-12-03,3.2809,3.3173,3.2445,3.2688,1740047,1.9334,485100000,1158850000,37.1832,
600273.SH,嘉化能源,2003-12-04,3.2688,3.3173,3.2627,3.3052,1543926,1.7155,490500000,1171750000,37.5971,
600273.SH,嘉化能源,2003-12-05,3.3052,3.3052,3.2445,3.2688,1482324,1.647,485100000,1158850000,37.1832,
600273.SH,嘉化能源,2003-12-08,3.2627,3.2627,3.196,3.2081,1487372,1.6526,476100000,1137350000,36.4934,
600273.SH,嘉化能源,2003-12-09,3.2142,3.2445,3.196,3.2384,1001136,1.1124,480600000,1148100000,36.8383,
600273.SH,嘉化能源,2003-12-10,3.2384,3.2688,3.2142,3.2566,1106837,1.2298,483300000,1154550000,37.0452,
600273.SH,嘉化能源,2003-12-11,3.2748,3.3234,3.2384,3.3234,2060001,2.2889,493200000,1178200000,37.8041,
600273.SH,嘉化能源,2003-12-12,3.3355,3.3537,3.2809,3.2991,1313893,1.4599,489600000,1169600000,37.5281,
600273.SH,嘉化能源,2003-12-15,3.2991,3.3173,3.2566,3.2627,780565,0.8673,484200000,1156700000,37.1142,
600273.SH,嘉化能源,2003-12-16,3.2506,3.2566,3.1475,3.196,2146054,2.3845,474300000,1133050000,36.3554,
600273.SH,嘉化能源,2003-12-17,3.1899,3.2445,3.1596,3.1657,1252300,1.3914,469800000,1122300000,36.0105,
600273.SH,嘉化能源,2003-12-18,3.1596,3.1657,3.099,3.1111,1410092,1.5668,461700000,1102950000,35.3896,
600273.SH,嘉化能源,2003-12-19,3.105,3.1293,2.9655,2.9898,2353527,2.615,443700000,1059950000,34.0099,
600273.SH,嘉化能源,2003-12-22,2.9777,3.0747,2.9534,3.0686,1746378,1.9404,455400000,1087900000,34.9067,
600273.SH,嘉化能源,2003-12-23,3.0808,3.0929,3.0323,3.0686,1333354,1.4815,455400000,1087900000,34.9067,
600273.SH,嘉化能源,2003-12-24,3.0626,3.1111,3.0262,3.099,1399508,1.555,459900000,1098650000,35.2516,
600273.SH,嘉化能源,2003-12-25,3.099,3.1717,3.0323,3.1657,2504053,2.7823,469800000,1122300000,36.0105,
600273.SH,嘉化能源,2003-12-26,3.1839,3.2748,3.1839,3.2384,5078820,5.6431,480600000,1148100000,36.8383,
600273.SH,嘉化能源,2003-12-29,3.2263,3.2263,3.1535,3.1596,1118400,1.2427,468900000,1120150000,35.9415,
600273.SH,嘉化能源,2003-12-30,3.1535,3.1657,3.099,3.1172,989483,1.0994,462600000,1105100000,35.4586,
600273.SH,嘉化能源,2003-12-31,3.1172,3.1475,3.0808,3.0929,1126958,1.2522,459000000,1096500000,35.1826,
600273.SH,嘉化能源,2004-01-02,3.0929,3.1172,3.0808,3.105,915918,1.0177,460800000,1100800000,35.3206,
600273.SH,嘉化能源,2004-01-05,3.0929,3.1414,3.0747,3.1354,1645420,1.8282,465300000,1111550000,35.6655,
600273.SH,嘉化能源,2004-01-06,3.1354,3.1475,3.0504,3.0747,1962170,2.1802,456300000,1090050000,34.9757,
600273.SH,嘉化能源,2004-01-07,3.0626,3.1778,3.0626,3.1535,2238341,2.487,468000000,1118000000,35.8725,
600273.SH,嘉化能源,2004-01-08,3.1535,3.2688,3.1293,3.2081,2817927,3.131,476100000,1137350000,36.4934,
600273.SH,嘉化能源,2004-01-09,3.2081,3.2506,3.1293,3.1354,1777165,1.9746,465300000,1111550000,35.6655,
600273.SH,嘉化能源,2004-01-12,3.1232,3.1657,3.0929,3.1535,1156471,1.285,468000000,1118000000,35.8725,
600273.SH,嘉化能源,2004-01-13,3.1596,3.2627,3.1354,3.2324,2362438,2.6249,479700000,1145950000,36.7693,
600273.SH,嘉化能源,2004-01-14,3.2324,3.2748,3.196,3.2566,2156864,2.3965,483300000,1154550000,37.0452,
600273.SH,嘉化能源,2004-01-15,3.2566,3.2566,3.2021,3.2324,1221126,1.3568,479700000,1145950000,36.7693,
600273.SH,嘉化能源,2004-01-16,3.2445,3.2445,3.1839,3.2142,1378400,1.5316,477000000,1139500000,36.5624,
600273.SH,嘉化能源,2004-01-29,3.2263,3.3234,3.2021,3.3052,1897548,2.1084,490500000,1171750000,37.5971,
600273.SH,嘉化能源,2004-01-30,3.3234,3.384,3.2748,3.3355,4070140,4.5224,495000000,1182500000,37.9421,
600273.SH,嘉化能源,2004-02-02,3.3658,3.4446,3.3112,3.4204,4886976,5.43,507600000,1212600000,38.9079,
600273.SH,嘉化能源,2004-02-03,3.4143,3.4325,3.3597,3.4325,3144369,3.4937,509400000,1216900000,39.0458,
600273.SH,嘉化能源,2004-02-04,3.4386,3.4628,3.3961,3.4628,3747724,4.1641,513900000,1227650000,39.3908,
600273.SH,嘉化能源,2004-02-05,3.4628,3.4992,3.4325,3.481,3054443,3.3938,516600000,1234100000,39.5977,
600273.SH,嘉化能源,2004-02-06,3.475,3.481,3.3961,3.3961,3797580,4.2195,504000000,1204000000,38.6319,
600273.SH,嘉化能源,2004-02-09,3.3961,3.4568,3.3961,3.4568,2181400,2.4238,513000000,1225500000,39.3218,
600273.SH,嘉化能源,2004-02-10,3.4689,3.572,3.4628,3.5174,4187910,4.6532,522000000,1247000000,40.0116,
600273.SH,嘉化能源,2004-02-11,3.5174,3.6266,3.4932,3.5477,3630953,4.0344,526500000,1257750000,40.3566,
600273.SH,嘉化能源,2004-02-12,3.5538,3.6205,3.5417,3.5659,2616271,2.907,529200000,1264200000,40.5635,
600273.SH,嘉化能源,2004-02-13,3.5781,3.6448,3.5174,3.5235,3137124,3.4857,522900000,1249150000,40.0806,
600273.SH,嘉化能源,2004-02-16,3.5174,3.5841,3.5114,3.5781,1923235,2.1369,531000000,1268500000,40.7015,
600273.SH,嘉化能源,2004-02-17,3.5841,3.663,3.5659,3.6387,3458751,3.8431,540000000,1290000000,41.3913,
600273.SH,嘉化能源,2004-02-18,3.6387,3.6508,3.5963,3.6387,2083341,2.3148,540000000,1290000000,41.3913,
600273.SH,嘉化能源,2004-02-19,3.6387,3.6387,3.5781,3.6084,3421269,3.8014,535500000,1279250000,41.0464,
600273.SH,嘉化能源,2004-02-20,3.6084,3.669,3.5538,3.6569,3482343,3.8693,542700000,1296450000,41.5983,
600273.SH,嘉化能源,2004-02-23,3.6751,3.6872,3.5477,3.5599,3136860,3.4854,528300000,1262050000,40.4945,
600273.SH,嘉化能源,2004-02-24,3.5356,3.5538,3.4386,3.4871,2809823,3.122,517500000,1236250000,39.6667,
600273.SH,嘉化能源,2004-02-25,3.5053,3.5417,3.3901,3.4022,2249399,2.4993,504900000,1206150000,38.7009,
600273.SH,嘉化能源,2004-02-26,3.3901,3.4022,3.3415,3.3719,2354050,2.6156,500400000,1195400000,38.356,
600273.SH,嘉化能源,2004-02-27,3.3597,3.4083,3.3597,3.4083,1355890,1.5065,505800000,1208300000,38.7699,
600273.SH,嘉化能源,2004-03-01,3.4083,3.4386,3.3415,3.4264,1672710,1.8586,508500000,1214750000,38.9768,
600273.SH,嘉化能源,2004-03-02,3.4446,3.4689,3.4143,3.4507,1788259,1.987,512100000,1223350000,39.2528,
600273.SH,嘉化能源,2004-03-03,3.4446,3.4507,3.3537,3.3658,1322594,1.4695,499500000,1193250000,38.287,
600273.SH,嘉化能源,2004-03-04,3.3537,3.4143,3.3294,3.4083,1186504,1.3183,505800000,1208300000,38.7699,
600273.SH,嘉化能源,2004-03-05,3.384,3.4264,3.3779,3.3961,1434350,1.5937,504000000,1204000000,38.6319,
600273.SH,嘉化能源,2004-03-08,3.4022,3.4022,3.3173,3.3234,1063200,1.1813,493200000,1178200000,37.8041,
600273.SH,嘉化能源,2004-03-09,3.3112,3.3476,3.2384,3.2627,1278533,1.4206,484200000,1156700000,37.1142,
600273.SH,嘉化能源,2004-03-10,3.2506,3.3355,3.2445,3.3294,1070401,1.1893,494100000,1180350000,37.8731,
600273.SH,嘉化能源,2004-03-11,3.3294,3.384,3.2991,3.3537,1429826,1.5887,497700000,1188950000,38.149,
600273.SH,嘉化能源,2004-03-12,3.3537,3.384,3.3355,3.3658,1089680,1.2108,499500000,1193250000,38.287,
600273.SH,嘉化能源,2004-03-15,3.3658,3.4204,3.3658,3.4022,1569078,1.7434,504900000,1206150000,38.7009,
600273.SH,嘉化能源,2004-03-16,3.4143,3.4264,3.384,3.4022,1306291,1.4514,504900000,1206150000,38.7009,
600273.SH,嘉化能源,2004-03-17,3.4083,3.4871,3.3658,3.4628,3002162,3.3357,513900000,1227650000,39.3908,
600273.SH,嘉化能源,2004-03-18,3.4628,3.4689,3.3537,3.3658,1779186,1.9769,499500000,1193250000,38.287,
600273.SH,嘉化能源,2004-03-19,3.3597,3.5295,3.3537,3.4628,2500698,2.7786,513900000,1227650000,39.3908,
600273.SH,嘉化能源,2004-03-22,3.475,3.4992,3.4325,3.481,1369158,1.5213,516600000,1234100000,39.5977,
600273.SH,嘉化能源,2004-03-23,3.4932,3.4932,3.4325,3.4628,1100328,1.2226,513900000,1227650000,39.3908,
600273.SH,嘉化能源,2004-03-24,3.4628,3.4871,3.4264,3.4386,1268293,1.4092,510300000,1219050000,39.1148,
600273.SH,嘉化能源,2004-03-25,3.4386,3.4689,3.4325,3.4689,1315512,1.4617,514800000,1229800000,39.4597,
600273.SH,嘉化能源,2004-03-26,3.481,3.481,3.4386,3.4507,1005410,1.1171,512100000,1223350000,39.2528,
600273.SH,嘉化能源,2004-03-29,3.475,3.475,3.4325,3.4386,931487,1.035,510300000,1219050000,39.1148,
600273.SH,嘉化能源,2004-03-30,3.4689,3.5356,3.4568,3.5295,2139090,2.3768,523800000,1251300000,40.1496,
600273.SH,嘉化能源,2004-03-31,3.5235,3.5659,3.4932,3.5538,2133393,2.3704,527400000,1259900000,40.4255,
600273.SH,嘉化能源,2004-04-01,3.5356,3.5659,3.4871,3.5053,1916183,2.1291,520200000,1242700000,39.8737,
600273.SH,嘉化能源,2004-04-02,3.5174,3.6084,3.5114,3.5599,2524200,2.8047,528300000,1262050000,40.4945,
600273.SH,嘉化能源,2004-04-05,3.5599,3.5902,3.5356,3.5781,1606561,1.7851,531000000,1268500000,40.7015,
600273.SH,嘉化能源,2004-04-06,3.5902,3.7297,3.5781,3.6448,7474600,8.3051,540900000,1292150000,41.4603,
600273.SH,嘉化能源,2004-04-07,3.6569,3.663,3.6266,3.6326,2817742,3.1308,539100000,1287850000,41.3224,
600273.SH,嘉化能源,2004-04-08,3.6144,3.6266,3.5599,3.5659,3198417,3.5538,529200000,1264200000,46.3259,
600273.SH,嘉化能源,2004-04-09,3.5599,3.572,3.4568,3.4628,2817068,3.1301,513900000,1227650000,44.9866,
600273.SH,嘉化能源,2004-04-12,3.4507,3.6569,3.4446,3.6326,3560962,3.9566,539100000,1287850000,47.1926,
600273.SH,嘉化能源,2004-04-13,3.6205,3.663,3.5841,3.6205,3005618,3.3396,537300000,1283550000,47.035,
600273.SH,嘉化能源,2004-04-14,3.6144,3.76,3.6023,3.7115,11500851,12.7787,550800000,1315800000,48.2168,
600273.SH,嘉化能源,2004-04-15,3.7115,3.7297,3.6084,3.6326,3460835,3.8454,539100000,1287850000,47.1926,
600273.SH,嘉化能源,2004-04-16,3.6144,3.6994,3.4871,3.6872,4156272,4.6181,547200000,1307200000,47.9017,
600273.SH,嘉化能源,2004-04-19,3.7479,3.7843,3.669,3.6933,3657478,4.0639,548100000,1309350000,47.9804,
600273.SH,嘉化能源,2004-04-20,3.6933,3.7054,3.6144,3.6387,1637102,1.819,540000000,1290000000,47.2714,
600273.SH,嘉化能源,2004-04-21,3.6387,3.669,3.5477,3.572,1037989,1.1533,530100000,1266350000,46.4047,
600273.SH,嘉化能源,2004-04-22,3.572,3.6144,3.5174,3.5659,1150039,1.2778,529200000,1264200000,46.3259,
600273.SH,嘉化能源,2004-04-23,3.5174,3.5781,3.5053,3.5356,779521,0.8661,524700000,1253450000,45.932,
600273.SH,嘉化能源,2004-04-26,3.5235,3.5356,3.4386,3.4568,1309389,1.4549,513000000,1225500000,44.9078,
600273.SH,嘉化能源,2004-04-27,3.3961,3.4204,3.3355,3.3415,963759,1.0708,495900000,1184650000,43.4109,
600273.SH,嘉化能源,2004-04-28,3.3355,3.4264,3.293,3.3294,1733566,1.9262,494100000,1180350000,43.2533,
600273.SH,嘉化能源,2004-04-29,3.3294,3.3779,3.2445,3.2688,1834952,2.0388,485100000,1158850000,42.4655,
600273.SH,嘉化能源,2004-04-30,3.2688,3.3052,3.1899,3.2384,1810101,2.0112,480600000,1148100000,42.0715,
600273.SH,嘉化能源,2004-05-10,3.2445,3.2748,3.1778,3.2142,557877,0.6199,477000000,1139500000,41.7564,
600273.SH,嘉化能源,2004-05-11,3.2142,3.2566,3.2021,3.2445,321673,0.3574,481500000,1150250000,42.1503,
600273.SH,嘉化能源,2004-05-12,3.2384,3.3234,3.2142,3.3173,1704950,1.8944,492300000,1176050000,43.0957,
600273.SH,嘉化能源,2004-05-13,3.3052,3.3234,3.2748,3.2991,1198254,1.3314,489600000,1169600000,42.8594,
600273.SH,嘉化能源,2004-05-14,3.3052,3.3234,3.2445,3.2748,1328049,1.4756,486000000,1161000000,42.5442,
600273.SH,嘉化能源,2004-05-17,3.2748,3.2748,3.2081,3.2445,660351,0.7337,481500000,1150250000,42.1503,
600273.SH,嘉化能源,2004-05-18,3.2142,3.3294,3.2142,3.3294,891126,0.9901,494100000,1180350000,43.2533,
600273.SH,嘉化能源,2004-05-19,3.3355,3.3719,3.293,3.2991,979900,1.0888,489600000,1169600000,42.8594,
600273.SH,嘉化能源,2004-05-20,3.3052,3.3415,3.2809,3.3173,851573,0.9462,492300000,1176050000,43.0957,
600273.SH,嘉化能源,2004-05-21,3.3294,3.3415,3.2991,3.3112,690500,0.7672,491400000,1173900000,43.017,
600273.SH,嘉化能源,2004-05-24,3.3476,3.3476,3.2748,3.2809,332010,0.3689,486900000,1163150000,42.623,
600273.SH,嘉化能源,2004-05-25,3.2748,3.2748,3.1778,3.196,790650,0.8785,474300000,1133050000,41.52,
600273.SH,嘉化能源,2004-05-26,3.196,3.2263,3.1293,3.1475,681203,0.7569,467100000,1115850000,40.8897,
600273.SH,嘉化能源,2004-05-27,3.1535,3.2506,3.1354,3.2263,868518,0.965,478800000,1143800000,41.914,
600273.SH,嘉化能源,2004-05-28,3.2324,3.2506,3.2021,3.2263,538658,0.5985,478800000,1143800000,41.914,
600273.SH,嘉化能源,2004-05-31,3.2384,3.2506,3.2142,3.2506,409990,0.4555,482400000,1152400000,42.2291,
600273.SH,嘉化能源,2004-06-01,3.2445,3.3173,3.2203,3.3052,779663,0.8663,490500000,1171750000,42.9382,
600273.SH,嘉化能源,2004-06-02,3.3052,3.3052,3.2324,3.2566,634432,0.7049,483300000,1154550000,42.3079,
600273.SH,嘉化能源,2004-06-03,3.2445,3.2566,3.2142,3.2324,685872,0.7621,479700000,1145950000,41.9927,
600273.SH,嘉化能源,2004-06-04,3.2021,3.2445,3.196,3.2203,569003,0.6322,477900000,1141650000,41.8352,
600273.SH,嘉化能源,2004-06-07,3.196,3.2263,3.1596,3.1778,466682,0.5185,471600000,1126600000,41.2837,
600273.SH,嘉化能源,2004-06-08,3.1839,3.1899,3.1293,3.1475,397901,0.4421,467100000,1115850000,40.8897,
600273.SH,嘉化能源,2004-06-09,3.1414,3.1596,3.0444,3.0626,459699,0.5108,454500000,1085750000,39.7867,
600273.SH,嘉化能源,2004-06-10,3.0929,3.105,3.0444,3.0929,360750,0.4008,459000000,1096500000,40.1807,
600273.SH,嘉化能源,2004-06-11,3.0929,3.1475,3.0686,3.0868,268750,0.2986,458100000,1094350000,40.1019,
600273.SH,嘉化能源,2004-06-14,3.0868,3.0929,2.9716,3.0262,474892,0.5277,449100000,1072850000,39.314,
600273.SH,嘉化能源,2004-06-15,3.0262,3.0929,2.9898,3.0868,458342,0.5093,458100000,1094350000,40.1019,
600273.SH,嘉化能源,2004-06-16,3.099,3.099,3.0323,3.0565,467050,0.5189,453600000,1083600000,39.708,
600273.SH,嘉化能源,2004-06-17,3.0383,3.0565,3.0019,3.008,297163,0.3302,446400000,1066400000,39.0777,
600273.SH,嘉化能源,2004-06-18,3.008,3.0141,2.9716,3.0019,382600,0.4251,445500000,1064250000,38.9989,
600273.SH,嘉化能源,2004-06-21,3.0019,3.0383,2.9837,3.0262,212800,0.2364,449100000,1072850000,39.314,
600273.SH,嘉化能源,2004-06-22,3.008,3.0686,3.008,3.0565,263700,0.293,453600000,1083600000,39.708,
600273.SH,嘉化能源,2004-06-23,3.0565,3.0565,3.0019,3.0201,104117,0.1157,448200000,1070700000,39.2352,
600273.SH,嘉化能源,2004-06-24,3.0141,3.0323,2.9837,2.9959,232900,0.2588,444600000,1062100000,38.9201,
600273.SH,嘉化能源,2004-06-25,2.9959,2.9959,2.9959,2.9959,--,--,444600000,1062100000,38.9201,
600273.SH,嘉化能源,2004-06-28,2.9413,2.9474,2.8382,2.8564,520917,0.5788,423900000,1012650000,37.108,
600273.SH,嘉化能源,2004-06-29,2.8685,2.8867,2.7472,2.8564,831623,0.924,423900000,1012650000,37.108,
600273.SH,嘉化能源,2004-06-30,2.8685,2.8806,2.8261,2.8321,459932,0.511,420300000,1004050000,36.7929,
600273.SH,嘉化能源,2004-07-01,2.8382,2.917,2.8079,2.9049,710650,0.7896,431100000,1029850000,37.7383,
600273.SH,嘉化能源,2004-07-02,2.8685,2.9231,2.8564,2.917,583926,0.6488,432900000,1034150000,37.8959,
600273.SH,嘉化能源,2004-07-05,2.9231,2.9898,2.911,2.9837,1431863,1.591,442800000,1057800000,38.7625,
600273.SH,嘉化能源,2004-07-06,2.9837,3.0444,2.9716,2.9959,1870222,2.078,444600000,1062100000,38.9201,
600273.SH,嘉化能源,2004-07-07,2.9898,2.9898,2.8988,2.917,800464,0.8894,432900000,1034150000,37.8959,
600273.SH,嘉化能源,2004-07-08,2.911,2.9413,2.8867,2.9292,232312,0.2581,434700000,1038450000,38.0535,
600273.SH,嘉化能源,2004-07-09,2.9534,2.9716,2.9049,2.917,231000,0.2567,432900000,1034150000,37.8959,
600273.SH,嘉化能源,2004-07-12,2.911,2.911,2.7897,2.8261,450646,0.5007,419400000,1001900000,36.7141,
600273.SH,嘉化能源,2004-07-13,2.8261,2.8503,2.7897,2.8321,267710,0.2975,420300000,1004050000,36.7929,
600273.SH,嘉化能源,2004-07-14,2.8382,2.8382,2.6623,2.7412,967921,1.0755,406800000,971800000,35.6111,
600273.SH,嘉化能源,2004-07-15,2.723,2.7594,2.6684,2.729,659350,0.7326,405000000,967500000,35.4535,
600273.SH,嘉化能源,2004-07-16,2.729,2.8261,2.729,2.8079,1273902,1.4154,416700000,995450000,36.4777,
600273.SH,嘉化能源,2004-07-19,2.8018,2.82,2.7654,2.7836,683500,0.7594,413100000,986850000,36.1626,
600273.SH,嘉化能源,2004-07-20,2.7654,2.7775,2.7351,2.7472,450383,0.5004,407700000,973950000,35.6899,
600273.SH,嘉化能源,2004-07-21,2.7472,2.8261,2.7351,2.8018,676809,0.752,415800000,993300000,36.399,
600273.SH,嘉化能源,2004-07-22,2.7957,2.8261,2.6744,2.7048,1206520,1.3406,401400000,958900000,35.1384,
600273.SH,嘉化能源,2004-07-23,2.6866,2.7351,2.6744,2.7351,358400,0.3982,405900000,969650000,35.5323,
600273.SH,嘉化能源,2004-07-26,2.7108,2.729,2.6866,2.7048,327245,0.3636,401400000,958900000,35.1384,
600273.SH,嘉化能源,2004-07-27,2.7169,2.729,2.6623,2.6805,283800,0.3153,397800000,950300000,34.8232,
600273.SH,嘉化能源,2004-07-28,2.6866,2.7351,2.6623,2.729,376680,0.4185,405000000,967500000,35.4535,
600273.SH,嘉化能源,2004-07-29,2.729,2.8018,2.729,2.8018,951235,1.0569,415800000,993300000,45.7105,
600273.SH,嘉化能源,2004-07-30,2.8018,2.82,2.7715,2.7836,608943,0.6766,413100000,986850000,45.4137,
600273.SH,嘉化能源,2004-08-02,2.7836,2.8139,2.7654,2.7897,606230,0.6736,414000000,989000000,45.5127,
600273.SH,嘉化能源,2004-08-03,2.7897,2.8079,2.7654,2.7897,386871,0.4299,414000000,989000000,45.5127,
600273.SH,嘉化能源,2004-08-04,2.7897,2.9049,2.7897,2.8443,1517688,1.6863,422100000,1008350000,46.4031,
600273.SH,嘉化能源,2004-08-05,2.8624,2.8746,2.7836,2.7897,725700,0.8063,414000000,989000000,45.5127,
600273.SH,嘉化能源,2004-08-06,2.7897,2.8928,2.7897,2.8867,2161785,2.402,428400000,1023400000,47.0957,
600273.SH,嘉化能源,2004-08-09,2.911,2.9292,2.8685,2.8988,2295008,2.55,430200000,1027700000,47.2936,
600273.SH,嘉化能源,2004-08-10,2.911,2.9231,2.8806,2.8988,761800,0.8464,430200000,1027700000,47.2936,
600273.SH,嘉化能源,2004-08-11,2.9295,2.9295,2.8559,2.8559,684614,0.7607,419400000,1001900000,46.1063,
600273.SH,嘉化能源,2004-08-12,2.8375,2.905,2.7946,2.8988,1314842,1.4609,425700000,1016950000,46.7989,
600273.SH,嘉化能源,2004-08-13,2.8988,2.9908,2.8682,2.954,2501384,2.7793,433800000,1036300000,47.6894,
600273.SH,嘉化能源,2004-08-16,2.9417,2.9969,2.9356,2.9724,1749204,1.9436,436500000,1042750000,47.9862,
600273.SH,嘉化能源,2004-08-17,2.9724,3.0214,2.9234,2.9724,1301585,1.4462,436500000,1042750000,47.9862,
600273.SH,嘉化能源,2004-08-18,2.9785,2.9908,2.9417,2.9479,907300,1.0081,432900000,1034150000,47.5904,
600273.SH,嘉化能源,2004-08-19,2.9295,3.003,2.8988,3.003,1640718,1.823,441000000,1053500000,48.4809,
600273.SH,嘉化能源,2004-08-20,3.003,3.0704,2.9601,3.0521,2547493,2.8305,448200000,1070700000,49.2724,
600273.SH,嘉化能源,2004-08-23,3.0521,3.0704,3.003,3.0398,1798274,1.9981,446400000,1066400000,49.0745,
600273.SH,嘉化能源,2004-08-24,3.0398,3.2175,3.0092,3.1011,4858537,5.3984,455400000,1087900000,50.0639,
600273.SH,嘉化能源,2004-08-25,3.1133,3.1133,3.0582,3.0888,1492289,1.6581,453600000,1083600000,49.866,
600273.SH,嘉化能源,2004-08-26,3.0766,3.1133,3.003,3.0275,1165179,1.2946,444600000,1062100000,48.8766,
600273.SH,嘉化能源,2004-08-27,3.0092,3.0459,3.003,3.0092,918690,1.0208,441900000,1055650000,48.5798,
600273.SH,嘉化能源,2004-08-30,2.9846,2.9846,2.7579,2.8253,1951010,2.1678,414900000,991150000,45.6116,
600273.SH,嘉化能源,2004-08-31,2.8927,3.003,2.8805,2.9234,1988374,2.2093,429300000,1025550000,47.1946,
600273.SH,嘉化能源,2004-09-01,2.8805,2.8866,2.7824,2.8314,1187929,1.3199,415800000,993300000,45.7105,
600273.SH,嘉化能源,2004-09-02,2.813,2.9724,2.8008,2.9601,1332224,1.4802,434700000,1038450000,47.7883,
600273.SH,嘉化能源,2004-09-03,2.9663,2.9785,2.9172,2.9356,854391,0.9493,431100000,1029850000,47.3925,
600273.SH,嘉化能源,2004-09-06,2.9417,3.0214,2.9172,3.0092,803510,0.8928,441900000,1055650000,48.5798,
600273.SH,嘉化能源,2004-09-07,3.003,3.0398,2.9724,2.9846,1141439,1.2683,438300000,1047050000,48.1841,
600273.SH,嘉化能源,2004-09-08,2.9846,2.9969,2.9295,2.954,712347,0.7915,433800000,1036300000,47.6894,
600273.SH,嘉化能源,2004-09-09,2.9479,3.0275,2.8805,2.8805,1881101,2.0901,423000000,1010500000,46.5021,
600273.SH,嘉化能源,2004-09-10,2.8559,2.8682,2.7272,2.8559,5091365,5.6571,419400000,1001900000,46.1063,
600273.SH,嘉化能源,2004-09-13,2.8192,2.8805,2.7824,2.8192,1399187,1.5547,414000000,989000000,45.5127,
600273.SH,嘉化能源,2004-09-14,2.8498,2.9417,2.8498,2.9295,3036821,3.3742,430200000,1027700000,47.2936,
600273.SH,嘉化能源,2004-09-15,2.9356,3.1072,2.8805,3.0398,4675063,5.1945,446400000,1066400000,49.0745,
600273.SH,嘉化能源,2004-09-16,3.0521,3.0827,3.003,3.0643,2847675,3.1641,450000000,1075000000,49.4703,
600273.SH,嘉化能源,2004-09-17,3.0582,3.1808,3.0337,3.1624,4143856,4.6043,464400000,1109400000,51.0533,
600273.SH,嘉化能源,2004-09-20,3.1869,3.2359,3.1256,3.2298,5112830,5.6809,474300000,1133050000,52.1417,
600273.SH,嘉化能源,2004-09-21,3.2298,3.2788,3.1317,3.1869,3517239,3.908,468000000,1118000000,51.4491,
600273.SH,嘉化能源,2004-09-22,3.1808,3.2114,3.095,3.1072,2669105,2.9657,456300000,1090050000,50.1629,
600273.SH,嘉化能源,2004-09-23,3.1011,3.2237,3.0582,3.2175,2258781,2.5098,472500000,1128750000,51.9438,
600273.SH,嘉化能源,2004-09-24,3.2237,3.2849,3.1011,3.1011,2906540,3.2295,455400000,1087900000,50.0639,
600273.SH,嘉化能源,2004-09-27,3.1256,3.1624,3.0153,3.0459,1744113,1.9379,447300000,1068550000,49.1735,
600273.SH,嘉化能源,2004-09-28,3.0643,3.1133,3.0214,3.0888,992882,1.1032,453600000,1083600000,49.866,
600273.SH,嘉化能源,2004-09-29,3.1317,3.1624,3.0766,3.0827,1087365,1.2082,452700000,1081450000,49.7671,
600273.SH,嘉化能源,2004-09-30,3.0766,3.1072,2.9908,3.0153,1032484,1.1472,442800000,1057800000,48.6788,
600273.SH,嘉化能源,2004-10-08,2.9846,3.1072,2.9601,3.0827,933863,1.0376,452700000,1081450000,49.7671,
600273.SH,嘉化能源,2004-10-11,3.1133,3.144,3.0704,3.0888,1410235,1.5669,453600000,1083600000,49.866,
600273.SH,嘉化能源,2004-10-12,3.0888,3.1011,2.9601,2.9724,1322851,1.4698,436500000,1042750000,47.9862,
600273.SH,嘉化能源,2004-10-13,2.9417,3.003,2.9356,2.9785,629900,0.6999,437400000,1044900000,48.0851,
600273.SH,嘉化能源,2004-10-14,2.9663,2.9663,2.8069,2.8253,1389535,1.5439,414900000,991150000,45.6116,
600273.SH,嘉化能源,2004-10-15,2.8253,2.8253,2.8253,2.8253,--,--,414900000,991150000,45.6116,
600273.SH,嘉化能源,2004-10-18,2.8253,2.8805,2.7763,2.8498,553090,0.6145,418500000,999750000,46.0074,
600273.SH,嘉化能源,2004-10-19,2.8498,2.9295,2.813,2.8314,602399,0.6693,415800000,993300000,45.7105,
600273.SH,嘉化能源,2004-10-20,2.8192,2.8559,2.7334,2.7701,752600,0.8362,406800000,971800000,44.7211,
600273.SH,嘉化能源,2004-10-21,2.7579,2.7824,2.5189,2.5434,2166208,2.4069,373500000,892250000,41.0603,
600273.SH,嘉化能源,2004-10-22,2.5127,2.574,2.335,2.4514,1829073,2.0323,360000000,860000000,39.5762,
600273.SH,嘉化能源,2004-10-25,2.4821,2.5434,2.3902,2.4698,1076843,1.1965,362700000,866450000,39.873,
600273.SH,嘉化能源,2004-10-26,2.4698,2.5311,2.384,2.525,1394604,1.5496,370800000,885800000,40.7635,
600273.SH,嘉化能源,2004-10-27,2.4514,2.5495,2.3595,2.5372,2171751,2.4131,372600000,890100000,48.3004,
600273.SH,嘉化能源,2004-10-28,2.5434,2.5924,2.5005,2.5066,1534239,1.7047,368100000,879350000,47.717,
600273.SH,嘉化能源,2004-10-29,2.4514,2.5066,2.3595,2.4453,1135038,1.2612,359100000,857850000,46.5504,
600273.SH,嘉化能源,2004-11-01,2.4514,2.4882,2.4208,2.4453,523090,0.5812,359100000,857850000,46.5504,
600273.SH,嘉化能源,2004-11-02,2.4331,2.4882,2.3779,2.4698,987475,1.0972,362700000,866450000,47.017,
600273.SH,嘉化能源,2004-11-03,2.5127,2.525,2.4453,2.525,1003511,1.115,370800000,885800000,48.067,
600273.SH,嘉化能源,2004-11-04,2.525,2.525,2.3779,2.4331,834997,0.9278,357300000,853550000,46.317,
600273.SH,嘉化能源,2004-11-05,2.4821,2.5005,2.4269,2.4943,991468,1.1016,366300000,875050000,47.4837,
600273.SH,嘉化能源,2004-11-08,2.5005,2.6169,2.4882,2.574,3844777,4.272,378000000,903000000,49.0004,
600273.SH,嘉化能源,2004-11-09,2.574,2.5985,2.5189,2.5495,966203,1.0736,374400000,894400000,48.5337,
600273.SH,嘉化能源,2004-11-10,2.5556,2.6353,2.5127,2.6292,1882110,2.0912,386100000,922350000,50.0504,
600273.SH,嘉化能源,2004-11-11,2.6169,2.6476,2.5801,2.5801,2168030,2.4089,378900000,905150000,49.117,
600273.SH,嘉化能源,2004-11-12,2.5679,2.5985,2.5066,2.5618,1254955,1.3944,376200000,898700000,48.767,
600273.SH,嘉化能源,2004-11-15,2.5618,2.574,2.5311,2.5618,726381,0.8071,376200000,898700000,48.767,
600273.SH,嘉化能源,2004-11-16,2.5924,2.6047,2.5495,2.5863,859615,0.9551,379800000,907300000,49.2337,
600273.SH,嘉化能源,2004-11-17,2.6108,2.6169,2.5372,2.5495,507590,0.564,374400000,894400000,48.5337,
600273.SH,嘉化能源,2004-11-18,2.5495,2.5679,2.5127,2.5679,728151,0.8091,377100000,900850000,48.8837,
600273.SH,嘉化能源,2004-11-19,2.5434,2.6108,2.5311,2.5985,958591,1.0651,381600000,911600000,49.467,
600273.SH,嘉化能源,2004-11-22,2.6047,2.6353,2.5863,2.6353,1051591,1.1684,387000000,924500000,50.167,
600273.SH,嘉化能源,2004-11-23,2.6292,2.6659,2.6169,2.6476,1149232,1.2769,388800000,928800000,50.4004,
600273.SH,嘉化能源,2004-11-24,2.6476,2.6476,2.5495,2.5556,872400,0.9693,375300000,896550000,48.6504,
600273.SH,嘉化能源,2004-11-25,2.5618,2.574,2.5127,2.5311,675321,0.7504,371700000,887950000,48.1837,
600273.SH,嘉化能源,2004-11-26,2.5372,2.5924,2.5311,2.574,545915,0.6066,378000000,903000000,49.0004,
600273.SH,嘉化能源,2004-11-29,2.574,2.574,2.5127,2.5189,486000,0.54,369900000,883650000,47.9504,
600273.SH,嘉化能源,2004-11-30,2.5311,2.5556,2.5005,2.5495,503649,0.5596,374400000,894400000,48.5337,
600273.SH,嘉化能源,2004-12-01,2.5556,2.6169,2.5556,2.6047,1735476,1.9283,382500000,913750000,49.5837,
600273.SH,嘉化能源,2004-12-02,2.6108,2.6169,2.5618,2.6169,730455,0.8116,384300000,918050000,49.817,
600273.SH,嘉化能源,2004-12-03,2.6108,2.6292,2.5863,2.623,965700,1.073,385200000,920200000,49.9337,
600273.SH,嘉化能源,2004-12-06,2.623,2.6353,2.5924,2.6353,590305,0.6559,387000000,924500000,50.167,
600273.SH,嘉化能源,2004-12-07,2.6353,2.6353,2.5618,2.5618,415700,0.4619,376200000,898700000,48.767,
600273.SH,嘉化能源,2004-12-08,2.5495,2.574,2.5372,2.5618,294750,0.3275,376200000,898700000,48.767,
600273.SH,嘉化能源,2004-12-09,2.5679,2.6169,2.5618,2.5801,461745,0.5131,378900000,905150000,49.117,
600273.SH,嘉化能源,2004-12-10,2.5618,2.5924,2.5066,2.5127,470318,0.5226,369000000,881500000,47.8337,
600273.SH,嘉化能源,2004-12-13,2.5005,2.5127,2.4392,2.4576,549166,0.6102,360900000,862150000,46.7837,
600273.SH,嘉化能源,2004-12-14,2.476,2.5066,2.4453,2.4576,358225,0.398,360900000,862150000,46.7837,
600273.SH,嘉化能源,2004-12-15,2.4882,2.4882,2.4208,2.4637,351899,0.391,361800000,864300000,46.9004,
600273.SH,嘉化能源,2004-12-16,2.4637,2.4637,2.3963,2.4392,308400,0.3427,358200000,855700000,46.4337,
600273.SH,嘉化能源,2004-12-17,2.4392,2.4514,2.3902,2.4392,282504,0.3139,358200000,855700000,46.4337,
600273.SH,嘉化能源,2004-12-20,2.4147,2.4576,2.3963,2.4453,208099,0.2312,359100000,857850000,46.5504,
600273.SH,嘉化能源,2004-12-21,2.4453,2.4698,2.4269,2.4576,231100,0.2568,360900000,862150000,46.7837,
600273.SH,嘉化能源,2004-12-22,2.4698,2.5127,2.4698,2.5066,419948,0.4666,368100000,879350000,47.717,
600273.SH,嘉化能源,2004-12-23,2.5127,2.5127,2.4392,2.4392,305500,0.3394,358200000,855700000,46.4337,
600273.SH,嘉化能源,2004-12-24,2.4024,2.4576,2.4024,2.4331,199425,0.2216,357300000,853550000,46.317,
600273.SH,嘉化能源,2004-12-27,2.4453,2.4576,2.4085,2.4208,232047,0.2578,355500000,849250000,46.0837,
600273.SH,嘉化能源,2004-12-28,2.4208,2.4208,2.4208,2.4208,--,--,355500000,849250000,46.0837,
600273.SH,嘉化能源,2004-12-29,2.3963,2.4269,2.3779,2.384,329800,0.3664,350100000,836350000,45.3837,
600273.SH,嘉化能源,2004-12-30,2.384,2.4024,2.3656,2.384,226671,0.2519,350100000,836350000,45.3837,
600273.SH,嘉化能源,2004-12-31,2.3963,2.4147,2.3166,2.3166,348700,0.3874,340200000,812700000,44.1003,
600273.SH,嘉化能源,2005-01-04,2.3166,2.3166,2.2431,2.2737,186815,0.2076,333900000,797650000,43.2837,
600273.SH,嘉化能源,2005-01-05,2.2798,2.3595,2.2676,2.3227,188205,0.2091,341100000,814850000,44.217,
600273.SH,嘉化能源,2005-01-06,2.3595,2.3595,2.2982,2.3044,151298,0.1681,338400000,808400000,43.867,
600273.SH,嘉化能源,2005-01-07,2.2982,2.3411,2.2737,2.2982,172283,0.1914,337500000,806250000,43.7503,
600273.SH,嘉化能源,2005-01-10,2.2737,2.3595,2.2676,2.3534,179350,0.1993,345600000,825600000,44.8003,
600273.SH,嘉化能源,2005-01-11,2.3534,2.3595,2.3227,2.3473,155201,0.1724,344700000,823450000,44.6837,
600273.SH,嘉化能源,2005-01-12,2.3289,2.3718,2.3044,2.3473,146725,0.163,344700000,823450000,44.6837,
600273.SH,嘉化能源,2005-01-13,2.3473,2.3473,2.3105,2.3227,191625,0.2129,341100000,814850000,44.217,
600273.SH,嘉化能源,2005-01-14,2.3227,2.335,2.2921,2.2982,367190,0.408,337500000,806250000,43.7503,
600273.SH,嘉化能源,2005-01-17,2.2982,2.2982,2.2063,2.2063,428200,0.4758,324000000,774000000,42.0003,
600273.SH,嘉化能源,2005-01-18,2.2676,2.2676,2.2063,2.2431,349400,0.3882,329400000,786900000,42.7003,
600273.SH,嘉化能源,2005-01-19,2.2124,2.2553,2.2124,2.2431,155828,0.1731,329400000,786900000,42.7003,
600273.SH,嘉化能源,2005-01-20,2.2431,2.2431,2.2002,2.2002,211799,0.2353,323100000,771850000,41.8837,
600273.SH,嘉化能源,2005-01-21,2.2002,2.2676,2.194,2.2676,547563,0.6084,333000000,795500000,43.167,
600273.SH,嘉化能源,2005-01-24,2.3044,2.3473,2.2921,2.3166,511025,0.5678,340200000,812700000,44.1003,
600273.SH,嘉化能源,2005-01-25,2.2921,2.2921,2.2553,2.2798,252837,0.2809,334800000,799800000,43.4003,
600273.SH,嘉化能源,2005-01-26,2.2921,2.2982,2.2369,2.2553,176100,0.1957,331200000,791200000,42.9337,
600273.SH,嘉化能源,2005-01-27,2.2247,2.2492,2.2186,2.2308,205606,0.2285,327600000,782600000,42.467,
600273.SH,嘉化能源,2005-01-28,2.2186,2.2247,2.1021,2.1389,394263,0.4381,314100000,750350000,40.717,
600273.SH,嘉化能源,2005-01-31,2.1328,2.1328,2.0224,2.0347,449701,0.4997,298800000,713800000,38.7336,
600273.SH,嘉化能源,2005-02-01,2.047,2.0531,1.9979,1.9979,388740,0.4319,293400000,700900000,38.0336,
600273.SH,嘉化能源,2005-02-02,2.0163,2.1082,1.9979,2.0899,488602,0.5429,306900000,733150000,39.7836,
600273.SH,嘉化能源,2005-02-03,2.0899,2.1144,2.0408,2.047,496400,0.5516,300600000,718100000,38.967,
600273.SH,嘉化能源,2005-02-04,2.047,2.1511,2.0408,2.145,795710,0.8841,315000000,752500000,40.8336,
600273.SH,嘉化能源,2005-02-16,2.1879,2.1879,2.1144,2.1573,485300,0.5392,316800000,756800000,41.067,
600273.SH,嘉化能源,2005-02-17,2.1266,2.145,2.1082,2.145,334200,0.3713,315000000,752500000,40.8336,
600273.SH,嘉化能源,2005-02-18,2.145,2.145,2.1082,2.1144,224000,0.2489,310500000,741750000,40.2503,
600273.SH,嘉化能源,2005-02-21,2.1144,2.1634,2.1021,2.1573,430800,0.4787,316800000,756800000,41.067,
600273.SH,嘉化能源,2005-02-22,2.1573,2.2063,2.1389,2.2002,741582,0.824,323100000,771850000,41.8837,
600273.SH,嘉化能源,2005-02-23,2.2002,2.2737,2.1695,2.2492,1283567,1.4262,330300000,789050000,42.817,
600273.SH,嘉化能源,2005-02-24,2.2186,2.2982,2.2186,2.2615,943491,1.0483,332100000,793350000,43.0503,
600273.SH,嘉化能源,2005-02-25,2.2615,2.2921,2.2308,2.2431,902461,1.0027,329400000,786900000,42.7003,
600273.SH,嘉化能源,2005-02-28,2.2676,2.2676,2.2124,2.2431,479599,0.5329,329400000,786900000,42.7003,
600273.SH,嘉化能源,2005-03-01,2.2676,2.2676,2.2186,2.2615,444393,0.4938,332100000,793350000,43.0503,
600273.SH,嘉化能源,2005-03-02,2.2676,2.2921,2.2308,2.2553,925694,1.0285,331200000,791200000,42.9337,
600273.SH,嘉化能源,2005-03-03,2.2431,2.3044,2.2063,2.2982,1201342,1.3348,337500000,806250000,43.7503,
600273.SH,嘉化能源,2005-03-04,2.3166,2.3534,2.2798,2.286,3489683,3.8774,335700000,801950000,43.517,
600273.SH,嘉化能源,2005-03-07,2.2553,2.2615,2.2247,2.2247,751500,0.835,326700000,780450000,42.3503,
600273.SH,嘉化能源,2005-03-08,2.2063,2.2737,2.2063,2.2615,664450,0.7383,332100000,793350000,43.0503,
600273.SH,嘉化能源,2005-03-09,2.2676,2.2737,2.2369,2.2431,568000,0.6311,329400000,786900000,42.7003,
600273.SH,嘉化能源,2005-03-10,2.2369,2.2553,2.1695,2.1818,617128,0.6857,320400000,765400000,41.5336,
600273.SH,嘉化能源,2005-03-11,2.1634,2.194,2.145,2.1695,642471,0.7139,318600000,761100000,41.3003,
600273.SH,嘉化能源,2005-03-14,2.1695,2.1695,2.0715,2.1082,856598,0.9518,309600000,739600000,40.1336,
600273.SH,嘉化能源,2005-03-15,2.1144,2.1328,2.0776,2.0837,461900,0.5132,306000000,731000000,39.667,
600273.SH,嘉化能源,2005-03-16,2.0776,2.1144,2.0776,2.1082,448804,0.4987,309600000,739600000,40.1336,
600273.SH,嘉化能源,2005-03-17,2.1082,2.1082,2.0408,2.0592,386801,0.4298,302400000,722400000,39.2003,
600273.SH,嘉化能源,2005-03-18,2.0776,2.0776,2.0102,2.0102,455910,0.5066,295200000,705200000,38.267,
600273.SH,嘉化能源,2005-03-21,2.0224,2.0224,1.9428,1.9795,586000,0.6511,290700000,694450000,37.6836,
600273.SH,嘉化能源,2005-03-22,1.9795,1.9795,1.8815,1.8815,618900,0.6877,276300000,660050000,35.8169,
600273.SH,嘉化能源,2005-03-23,1.8754,1.9489,1.8754,1.8999,562239,0.6247,279000000,666500000,36.1669,
600273.SH,嘉化能源,2005-03-24,1.8937,1.9489,1.8815,1.9428,422233,0.4691,285300000,681550000,36.9836,
600273.SH,嘉化能源,2005-03-25,1.9305,1.9612,1.9121,1.9489,247724,0.2752,286200000,683700000,37.1003,
600273.SH,嘉化能源,2005-03-28,1.9305,1.9428,1.8999,1.9305,219682,0.2441,283500000,677250000,36.7503,
600273.SH,嘉化能源,2005-03-29,1.9121,1.9489,1.906,1.9244,185931,0.2066,282600000,675100000,36.6336,
600273.SH,嘉化能源,2005-03-30,1.9183,1.9183,1.857,1.8815,451964,0.5022,276300000,660050000,35.8169,
600273.SH,嘉化能源,2005-03-31,1.857,1.8876,1.8325,1.8754,489185,0.5435,275400000,657900000,35.7003,
600273.SH,嘉化能源,2005-04-01,1.8815,1.9612,1.8447,1.9428,581300,0.6459,285300000,681550000,36.9836,
600273.SH,嘉化能源,2005-04-04,1.9121,1.9366,1.8876,1.9183,389061,0.4323,281700000,672950000,36.5169,
600273.SH,嘉化能源,2005-04-05,1.8999,1.955,1.8876,1.8999,358000,0.3978,279000000,666500000,36.1669,
600273.SH,嘉化能源,2005-04-06,1.8692,1.9428,1.8692,1.9428,335594,0.3729,285300000,681550000,36.9836,
600273.SH,嘉化能源,2005-04-07,1.9244,1.9918,1.9244,1.9612,903830,1.0043,288000000,688000000,37.3336,
600273.SH,嘉化能源,2005-04-08,1.9428,1.9979,1.9305,1.9918,588689,0.6541,292500000,698750000,37.917,
600273.SH,嘉化能源,2005-04-11,1.9734,2.0347,1.955,2.0224,1522815,1.692,297000000,709500000,38.5003,
600273.SH,嘉化能源,2005-04-12,2.0224,2.0224,1.9489,1.955,847192,0.9413,287100000,685850000,37.2169,
600273.SH,嘉化能源,2005-04-13,1.9918,1.9979,1.955,1.9857,605473,0.6727,291600000,696600000,37.8003,
600273.SH,嘉化能源,2005-04-14,1.9857,1.9918,1.906,1.9121,492860,0.5476,280800000,670800000,36.4003,
600273.SH,嘉化能源,2005-04-15,1.9121,1.9489,1.8508,1.857,882575,0.9806,272700000,651450000,35.3503,
600273.SH,嘉化能源,2005-04-18,1.8815,1.8815,1.8386,1.857,690991,0.7678,272700000,651450000,35.3503,
600273.SH,嘉化能源,2005-04-19,1.9489,1.9612,1.8386,1.9121,581910,0.6466,280800000,670800000,45.8653,
600273.SH,嘉化能源,2005-04-20,1.9121,1.9244,1.8631,1.8631,375600,0.4173,273600000,653600000,44.6892,
600273.SH,嘉化能源,2005-04-21,1.8386,1.8815,1.7834,1.8202,654708,0.7275,267300000,638550000,43.6602,
600273.SH,嘉化能源,2005-04-22,1.8079,1.8202,1.7467,1.7957,723911,0.8043,263700000,629950000,43.0722,
600273.SH,嘉化能源,2005-04-25,1.7773,1.7834,1.7283,1.7589,454299,0.5048,258300000,617050000,42.1902,
600273.SH,嘉化能源,2005-04-26,1.7589,1.8876,1.7467,1.8141,702610,0.7807,266400000,636400000,43.5132,
600273.SH,嘉化能源,2005-04-27,1.8263,1.8263,1.7467,1.765,504817,0.5609,259200000,619200000,42.3372,
600273.SH,嘉化能源,2005-04-28,1.7467,1.8263,1.7221,1.7957,603306,0.6703,263700000,629950000,43.0722,
600273.SH,嘉化能源,2005-04-29,1.7896,1.8386,1.7773,1.7957,555043,0.6167,263700000,629950000,43.0722,
600273.SH,嘉化能源,2005-05-09,1.7773,1.8018,1.6731,1.6976,427900,0.4754,249300000,595550000,40.7201,
600273.SH,嘉化能源,2005-05-10,1.6854,1.716,1.5934,1.6854,408895,0.4543,247500000,591250000,40.4261,
600273.SH,嘉化能源,2005-05-11,1.6547,1.6976,1.6425,1.6609,283219,0.3147,243900000,582650000,39.8381,
600273.SH,嘉化能源,2005-05-12,1.6609,1.6854,1.6363,1.6792,375765,0.4175,246600000,589100000,40.2791,
600273.SH,嘉化能源,2005-05-13,1.6792,1.716,1.6731,1.6915,375993,0.4178,248400000,593400000,40.5731,
600273.SH,嘉化能源,2005-05-16,1.6854,1.6854,1.6363,1.6792,264844,0.2943,246600000,589100000,40.2791,
600273.SH,嘉化能源,2005-05-17,1.6609,1.716,1.6609,1.6976,343042,0.3812,249300000,595550000,40.7201,
600273.SH,嘉化能源,2005-05-18,1.6854,1.7283,1.6731,1.7221,501467,0.5572,252900000,604150000,41.3081,
600273.SH,嘉化能源,2005-05-19,1.7221,1.7405,1.6854,1.7283,362900,0.4032,253800000,606300000,41.4552,
600273.SH,嘉化能源,2005-05-20,1.716,1.7467,1.6854,1.7038,361200,0.4013,250200000,597700000,40.8671,
600273.SH,嘉化能源,2005-05-23,1.6547,1.6547,1.5322,1.5322,1726385,1.9182,225000000,537500000,36.751,
600273.SH,嘉化能源,2005-05-24,1.5076,1.5873,1.4893,1.5689,867753,0.9642,230400000,550400000,37.633,
600273.SH,嘉化能源,2005-05-25,1.5628,1.6118,1.5505,1.5751,1027198,1.1413,231300000,552550000,37.78,
600273.SH,嘉化能源,2005-05-26,1.5812,1.6118,1.5689,1.5934,444823,0.4942,234000000,559000000,38.2211,
600273.SH,嘉化能源,2005-05-27,1.5934,1.6118,1.5567,1.5812,615835,0.6843,232200000,554700000,37.9271,
600273.SH,嘉化能源,2005-05-30,1.5812,1.5812,1.5812,1.5812,--,--,232200000,554700000,37.9271,
600273.SH,嘉化能源,2005-05-31,1.6547,1.6854,1.6118,1.618,2001058,2.2234,237600000,567600000,38.8091,
600273.SH,嘉化能源,2005-06-01,1.6057,1.6363,1.5873,1.5996,843600,0.9373,234900000,561150000,38.3681,
600273.SH,嘉化能源,2005-06-02,1.5996,1.6363,1.5996,1.618,813528,0.9039,237600000,567600000,38.8091,
600273.SH,嘉化能源,2005-06-03,1.618,1.6302,1.5873,1.618,395843,0.4398,237600000,567600000,38.8091,
600273.SH,嘉化能源,2005-06-06,1.6118,1.6302,1.5689,1.6241,596614,0.6629,238500000,569750000,38.9561,
600273.SH,嘉化能源,2005-06-07,1.6118,1.6425,1.6057,1.618,534491,0.5939,237600000,567600000,38.8091,
600273.SH,嘉化能源,2005-06-08,1.6241,1.7467,1.618,1.7283,2120740,2.3564,253800000,606300000,41.4552,
600273.SH,嘉化能源,2005-06-09,1.7344,1.765,1.6976,1.7344,1670028,1.8556,254700000,608450000,41.6022,
600273.SH,嘉化能源,2005-06-10,1.716,1.7467,1.6854,1.716,1198269,1.3314,252000000,602000000,41.1611,
600273.SH,嘉化能源,2005-06-13,1.7467,1.8263,1.7405,1.7467,2767278,3.0748,256500000,612750000,41.8962,
600273.SH,嘉化能源,2005-06-14,1.7467,1.765,1.6976,1.716,913958,1.0155,252000000,602000000,41.1611,
600273.SH,嘉化能源,2005-06-15,1.6854,1.6976,1.6609,1.667,582415,0.6471,244800000,584800000,39.9851,
600273.SH,嘉化能源,2005-06-16,1.6547,1.6915,1.6363,1.6792,564763,0.6275,246600000,589100000,40.2791,
600273.SH,嘉化能源,2005-06-17,1.6915,1.6915,1.6547,1.6731,333900,0.371,245700000,586950000,40.1321,
600273.SH,嘉化能源,2005-06-20,1.6731,1.716,1.6425,1.7099,661252,0.7347,251100000,599850000,41.0141,
600273.SH,嘉化能源,2005-06-21,1.716,1.7283,1.6854,1.7099,461384,0.5126,251100000,599850000,41.0141,
600273.SH,嘉化能源,2005-06-22,1.6854,1.7099,1.6609,1.7099,498938,0.5544,251100000,599850000,41.0141,
600273.SH,嘉化能源,2005-06-23,1.6854,1.7283,1.6854,1.6915,737300,0.8192,248400000,593400000,40.5731,
600273.SH,嘉化能源,2005-06-24,1.6792,1.6976,1.667,1.6915,284612,0.3162,248400000,593400000,40.5731,
600273.SH,嘉化能源,2005-06-27,1.7227,1.7477,1.6977,1.7165,2399035,2.6656,247500000,591250000,40.4261,
600273.SH,嘉化能源,2005-06-28,1.7165,1.7165,1.6728,1.679,746550,0.8295,242100000,578350000,39.5441,
600273.SH,嘉化能源,2005-06-29,1.679,1.6853,1.6478,1.654,588343,0.6537,238500000,569750000,38.9561,
600273.SH,嘉化能源,2005-06-30,1.6416,1.654,1.5791,1.5916,796700,0.8852,229500000,548250000,37.486,
600273.SH,嘉化能源,2005-07-01,1.5916,1.6104,1.5292,1.5479,573999,0.6378,223200000,533200000,36.457,
600273.SH,嘉化能源,2005-07-04,1.5355,1.5355,1.4293,1.4793,723757,0.8042,213300000,509550000,34.84,
600273.SH,嘉化能源,2005-07-05,1.4793,1.4855,1.4356,1.4668,575901,0.6399,211500000,505250000,34.546,
600273.SH,嘉化能源,2005-07-06,1.4668,1.4855,1.4543,1.473,480047,0.5334,212400000,507400000,34.693,
600273.SH,嘉化能源,2005-07-07,1.4606,1.4918,1.4543,1.4855,324691,0.3608,214200000,511700000,34.987,
600273.SH,嘉化能源,2005-07-08,1.4606,1.473,1.4293,1.4543,730582,0.8118,209700000,500950000,34.2519,
600273.SH,嘉化能源,2005-07-11,1.5979,1.5979,1.498,1.5105,5993036,6.6589,217800000,520300000,35.575,
600273.SH,嘉化能源,2005-07-12,1.4543,1.5105,1.3669,1.5042,3319857,3.6887,216900000,518150000,35.428,
600273.SH,嘉化能源,2005-07-13,1.4668,1.5042,1.4543,1.473,1793800,1.9931,212400000,507400000,34.693,
600273.SH,嘉化能源,2005-07-14,1.4356,1.4793,1.4356,1.4606,818401,0.9093,210600000,503100000,34.399,
600273.SH,嘉化能源,2005-07-15,1.4606,1.4606,1.3857,1.3981,1026900,1.141,201600000,481600000,32.9289,
600273.SH,嘉化能源,2005-07-18,1.3794,1.3981,1.3108,1.3232,802600,0.8918,190800000,455800000,31.1649,
600273.SH,嘉化能源,2005-07-19,1.3919,1.3919,1.3482,1.3732,729192,0.8102,198000000,473000000,30.5528,
600273.SH,嘉化能源,2005-07-20,1.3544,1.3981,1.3544,1.3794,743781,0.8264,198900000,475150000,30.6916,
600273.SH,嘉化能源,2005-07-21,1.3919,1.3919,1.3607,1.3857,501550,0.5573,199800000,477300000,30.8305,
600273.SH,嘉化能源,2005-07-22,1.3732,1.4169,1.3544,1.4044,1769033,1.9656,202500000,483750000,31.2472,
600273.SH,嘉化能源,2005-07-25,1.3981,1.3981,1.3607,1.3919,733136,0.8146,200700000,479450000,30.9694,
600273.SH,嘉化能源,2005-07-26,1.3857,1.4293,1.3857,1.4169,1719469,1.9105,204300000,488050000,31.5249,
600273.SH,嘉化能源,2005-07-27,1.4169,1.4606,1.4106,1.4543,1667685,1.853,209700000,500950000,32.3582,
600273.SH,嘉化能源,2005-07-28,1.4606,1.5105,1.4418,1.498,3237920,3.5977,216000000,516000000,33.3303,
600273.SH,嘉化能源,2005-07-29,1.4668,1.5105,1.4543,1.4918,1399172,1.5546,215100000,513850000,33.1914,
600273.SH,嘉化能源,2005-08-01,1.4668,1.4855,1.4606,1.473,776376,0.8626,212400000,507400000,32.7748,
600273.SH,嘉化能源,2005-08-02,1.4793,1.5979,1.4606,1.5729,2362987,2.6255,226800000,541800000,34.9968,
600273.SH,嘉化能源,2005-08-03,1.5355,1.5916,1.5355,1.5729,2841783,3.1575,226800000,541800000,34.9968,
600273.SH,嘉化能源,2005-08-04,1.5604,1.5604,1.523,1.5417,984790,1.0942,222300000,531050000,34.3024,
600273.SH,嘉化能源,2005-08-05,1.5417,1.5854,1.5355,1.5854,1699576,1.8884,228600000,546100000,35.2746,
600273.SH,嘉化能源,2005-08-08,1.5916,1.6166,1.5667,1.5854,1665371,1.8504,228600000,546100000,35.2746,
600273.SH,嘉化能源,2005-08-09,1.5854,1.6166,1.5479,1.6104,1592401,1.7693,232200000,554700000,35.8301,
600273.SH,嘉化能源,2005-08-10,1.6104,1.6104,1.5479,1.6041,3957751,4.3975,231300000,552550000,35.6912,
600273.SH,嘉化能源,2005-08-11,1.5979,1.654,1.5854,1.6291,3908028,4.3423,234900000,561150000,36.2467,
600273.SH,嘉化能源,2005-08-12,1.6228,1.654,1.5667,1.5729,2907699,3.2308,226800000,541800000,34.9968,
600273.SH,嘉化能源,2005-08-15,1.5542,1.6166,1.5542,1.6104,1696379,1.8849,232200000,554700000,35.8301,
600273.SH,嘉化能源,2005-08-16,1.6104,1.6603,1.5979,1.6291,2920072,3.2445,234900000,561150000,36.2467,
600273.SH,嘉化能源,2005-08-17,1.6166,1.7227,1.6104,1.7165,5501553,6.1128,247500000,591250000,38.191,
600273.SH,嘉化能源,2005-08-18,1.7165,1.7289,1.6228,1.6291,3918284,4.3536,234900000,561150000,36.2467,
600273.SH,嘉化能源,2005-08-19,1.6228,1.6478,1.5604,1.5979,1915150,2.1279,230400000,550400000,35.5523,
600273.SH,嘉化能源,2005-08-22,1.5791,1.654,1.5791,1.6478,1593350,1.7704,237600000,567600000,36.6633,
600273.SH,嘉化能源,2005-08-23,1.6416,1.6977,1.6041,1.6853,3993595,4.4373,243000000,580500000,37.4966,
600273.SH,嘉化能源,2005-08-24,1.6853,1.7102,1.654,1.6728,3361976,3.7355,241200000,576200000,37.2188,
600273.SH,嘉化能源,2005-08-25,1.6603,1.704,1.654,1.6915,1360151,1.5113,243900000,582650000,37.6355,
600273.SH,嘉化能源,2005-08-26,1.6915,1.7352,1.6728,1.7289,2938910,3.2655,249300000,595550000,38.4687,
600273.SH,嘉化能源,2005-08-29,1.7414,1.7976,1.6915,1.7851,6882735,7.6475,257400000,614900000,39.7186,
600273.SH,嘉化能源,2005-08-30,1.7789,1.7789,1.7165,1.7227,2647631,2.9418,248400000,593400000,38.3298,
600273.SH,嘉化能源,2005-08-31,1.7165,1.7414,1.679,1.7414,2082750,2.3142,251100000,599850000,38.7465,
600273.SH,嘉化能源,2005-09-01,1.7227,1.7914,1.6977,1.7726,3672247,4.0803,255600000,610600000,39.4408,
600273.SH,嘉化能源,2005-09-02,1.7602,1.7664,1.7227,1.7664,2610582,2.9006,254700000,608450000,39.302,
600273.SH,嘉化能源,2005-09-05,1.7726,1.7976,1.7539,1.7914,2482468,2.7583,258300000,617050000,39.8575,
600273.SH,嘉化能源,2005-09-06,1.8101,1.8475,1.7227,1.7227,3519580,3.9106,248400000,593400000,38.3298,
600273.SH,嘉化能源,2005-09-07,1.704,1.7726,1.704,1.7664,2117709,2.353,254700000,608450000,39.302,
600273.SH,嘉化能源,2005-09-08,1.7851,1.8288,1.7539,1.8226,4626668,5.1407,262800000,627800000,40.5519,
600273.SH,嘉化能源,2005-09-09,1.8163,1.8351,1.7664,1.7726,1788400,1.9871,255600000,610600000,39.4408,
600273.SH,嘉化能源,2005-09-12,1.7726,1.8226,1.7602,1.8101,1713973,1.9044,261000000,623500000,40.2741,
600273.SH,嘉化能源,2005-09-13,1.7914,1.8351,1.7914,1.8351,1795035,1.9945,264600000,632100000,40.8296,
600273.SH,嘉化能源,2005-09-14,1.8226,1.8538,1.8101,1.8538,2716089,3.0179,267300000,638550000,41.2462,
600273.SH,嘉化能源,2005-09-15,1.8475,1.9661,1.8288,1.9412,4778927,5.3099,279900000,668650000,43.1905,
600273.SH,嘉化能源,2005-09-16,1.9349,1.9599,1.8912,1.9536,3805237,4.228,281700000,672950000,43.4683,
600273.SH,嘉化能源,2005-09-19,1.9349,1.9599,1.91,1.9349,1101200,1.2236,279000000,666500000,43.0516,
600273.SH,嘉化能源,2005-09-20,1.9724,1.9786,1.8912,1.91,1834896,2.0388,275400000,657900000,42.4961,
600273.SH,嘉化能源,2005-09-21,1.9162,1.9973,1.8663,1.9599,2949494,3.2772,282600000,675100000,43.6071,
600273.SH,嘉化能源,2005-09-22,1.9474,1.9474,1.8351,1.9162,3186232,3.5403,276300000,660050000,42.635,
600273.SH,嘉化能源,2005-09-23,1.8725,1.9162,1.86,1.8725,1074280,1.1936,270000000,645000000,41.6629,
600273.SH,嘉化能源,2005-09-26,1.86,1.8912,1.7976,1.8226,1094081,1.2156,262800000,627800000,40.5519,
600273.SH,嘉化能源,2005-09-27,1.8163,1.8413,1.7414,1.7477,739790,0.822,252000000,602000000,38.8853,
600273.SH,嘉化能源,2005-09-28,1.7539,1.7726,1.7289,1.7477,965636,1.0729,252000000,602000000,38.8853,
600273.SH,嘉化能源,2005-09-29,1.7414,1.8038,1.7414,1.7976,643335,0.7148,259200000,619200000,39.9964,
600273.SH,嘉化能源,2005-09-30,1.7976,1.7976,1.7602,1.7914,534025,0.5934,258300000,617050000,39.8575,
600273.SH,嘉化能源,2005-10-10,1.7664,1.7789,1.7602,1.7664,466953,0.5188,254700000,608450000,39.302,
600273.SH,嘉化能源,2005-10-11,1.7726,1.8288,1.7602,1.8226,650266,0.7225,262800000,627800000,40.5519,
600273.SH,嘉化能源,2005-10-12,1.8163,1.86,1.8101,1.8538,566305,0.6292,267300000,638550000,41.2462,
600273.SH,嘉化能源,2005-10-13,1.8413,1.86,1.8351,1.8351,544603,0.6051,264600000,632100000,40.8296,
600273.SH,嘉化能源,2005-10-14,1.7726,1.8538,1.7726,1.8475,848880,0.9432,266400000,636400000,41.1074,
600273.SH,嘉化能源,2005-10-17,1.8413,1.8413,1.7851,1.8038,502329,0.5581,260100000,621350000,40.1352,
600273.SH,嘉化能源,2005-10-18,1.8038,1.8226,1.7851,1.8163,2057910,2.2866,261900000,625650000,40.413,
600273.SH,嘉化能源,2005-10-19,1.7976,1.8226,1.7726,1.7789,1187200,1.3191,256500000,612750000,39.5797,
600273.SH,嘉化能源,2005-10-20,1.7851,1.8351,1.7602,1.8101,1713856,1.9043,261000000,623500000,40.2741,
600273.SH,嘉化能源,2005-10-21,1.7789,1.8351,1.7789,1.8288,1127300,1.2526,263700000,629950000,40.6907,
600273.SH,嘉化能源,2005-10-24,1.8288,1.8288,1.8288,1.8288,--,--,263700000,629950000,32.4989,
600273.SH,嘉化能源,2005-10-25,1.8288,1.8288,1.8288,1.8288,--,--,263700000,629950000,32.4989,
600273.SH,嘉化能源,2005-10-26,1.8288,1.8288,1.8288,1.8288,--,--,263700000,629950000,32.4989,
600273.SH,嘉化能源,2005-10-27,1.8288,1.8288,1.8288,1.8288,--,--,263700000,629950000,32.4989,
600273.SH,嘉化能源,2005-10-28,1.8288,1.8288,1.8288,1.8288,--,--,263700000,629950000,32.4989,
600273.SH,嘉化能源,2005-10-31,1.8288,1.8288,1.8288,1.8288,--,--,263700000,629950000,32.4989,
600273.SH,嘉化能源,2005-11-01,1.8288,1.8288,1.8288,1.8288,--,--,263700000,629950000,32.4989,
600273.SH,嘉化能源,2005-11-02,1.8288,1.8288,1.8288,1.8288,--,--,263700000,629950000,32.4989,
600273.SH,嘉化能源,2005-11-03,1.8101,1.8163,1.7102,1.7664,2588575,2.8762,254700000,608450000,31.3897,
600273.SH,嘉化能源,2005-11-04,1.7602,1.7726,1.7227,1.7602,632733,0.703,253800000,606300000,31.2788,
600273.SH,嘉化能源,2005-11-07,1.7602,1.8288,1.7602,1.8226,767764,0.8531,262800000,627800000,32.3879,
600273.SH,嘉化能源,2005-11-08,1.8226,1.8351,1.7789,1.8226,875675,0.973,262800000,627800000,32.3879,
600273.SH,嘉化能源,2005-11-09,1.8413,1.86,1.7976,1.8038,1048401,1.1649,260100000,621350000,32.0552,
600273.SH,嘉化能源,2005-11-10,1.7976,1.91,1.7789,1.8912,4829634,5.3663,272700000,651450000,33.608,
600273.SH,嘉化能源,2005-11-11,1.8725,1.885,1.8351,1.8787,1560587,1.734,270900000,647150000,33.3862,
600273.SH,嘉化能源,2005-11-14,1.8725,1.9474,1.8538,1.9224,5522132,6.1357,277200000,662200000,34.1626,
600273.SH,嘉化能源,2005-11-15,1.9224,1.9349,1.8351,1.9037,6390809,7.1009,274500000,655750000,33.8299,
600273.SH,嘉化能源,2005-11-16,1.9037,1.9037,1.9037,1.9037,--,--,274500000,655750000,33.8299,
600273.SH,嘉化能源,2005-11-17,1.9037,1.9037,1.9037,1.9037,--,--,274500000,655750000,33.8299,
600273.SH,嘉化能源,2005-11-18,1.9037,1.9037,1.9037,1.9037,--,--,274500000,655750000,33.8299,
600273.SH,嘉化能源,2005-11-21,1.9037,1.9037,1.9037,1.9037,--,--,274500000,655750000,33.8299,
600273.SH,嘉化能源,2005-11-22,1.9037,1.9037,1.9037,1.9037,--,--,274500000,655750000,33.8299,
600273.SH,嘉化能源,2005-11-23,1.9037,1.9037,1.9037,1.9037,--,--,274500000,655750000,33.8299,
600273.SH,嘉化能源,2005-11-24,1.9037,1.9037,1.9037,1.9037,--,--,274500000,655750000,33.8299,
600273.SH,嘉化能源,2005-11-25,1.9037,1.9037,1.9037,1.9037,--,--,274500000,655750000,33.8299,
600273.SH,嘉化能源,2005-11-28,1.9037,1.9037,1.9037,1.9037,--,--,274500000,655750000,33.8299,
600273.SH,嘉化能源,2005-11-29,1.9037,1.9037,1.9037,1.9037,--,--,274500000,655750000,33.8299,
600273.SH,嘉化能源,2005-11-30,1.9037,1.9037,1.9037,1.9037,--,--,274500000,655750000,33.8299,
600273.SH,嘉化能源,2005-12-01,1.9037,1.9037,1.9037,1.9037,--,--,274500000,655750000,33.8299,
600273.SH,嘉化能源,2005-12-02,1.9037,1.9037,1.9037,1.9037,--,--,274500000,655750000,33.8299,
600273.SH,嘉化能源,2005-12-05,1.9037,1.9037,1.9037,1.9037,--,--,274500000,655750000,33.8299,
600273.SH,嘉化能源,2005-12-06,1.9037,1.9037,1.9037,1.9037,--,--,274500000,655750000,33.8299,
600273.SH,嘉化能源,2005-12-07,1.9037,1.9037,1.9037,1.9037,--,--,274500000,655750000,33.8299,
600273.SH,嘉化能源,2005-12-08,1.9037,1.9037,1.9037,1.9037,--,--,274500000,655750000,33.8299,
600273.SH,嘉化能源,2005-12-09,1.9037,1.9037,1.9037,1.9037,--,--,274500000,655750000,33.8299,
600273.SH,嘉化能源,2005-12-12,1.9508,1.9674,1.8678,1.9259,3423254,2.8599,277704000,498800000,25.7329,
600273.SH,嘉化能源,2005-12-13,1.9342,1.9342,1.8761,1.9093,1257060,1.0502,275310000,494500000,25.5111,
600273.SH,嘉化能源,2005-12-14,1.9176,1.9259,1.8927,1.9176,2451750,2.0482,276507000,496650000,25.622,
600273.SH,嘉化能源,2005-12-15,1.9176,1.9674,1.9093,1.9176,2424272,2.0253,276507000,496650000,25.622,
600273.SH,嘉化能源,2005-12-16,1.9176,1.9342,1.901,1.9259,1526893,1.2756,277704000,498800000,25.7329,
600273.SH,嘉化能源,2005-12-19,1.9342,1.984,1.9259,1.9674,5310862,4.4368,283689000,509550000,26.2875,
600273.SH,嘉化能源,2005-12-20,1.9674,1.9674,1.9176,1.9508,1749012,1.4612,281295000,505250000,26.0656,
600273.SH,嘉化能源,2005-12-21,1.9508,1.9508,1.901,1.9176,1317647,1.1008,276507000,496650000,25.622,
600273.SH,嘉化能源,2005-12-22,1.901,1.9674,1.901,1.9508,1942411,1.6227,281295000,505250000,26.0656,
600273.SH,嘉化能源,2005-12-23,1.9425,2.0089,1.9342,1.9923,6321965,5.2815,287280000,516000000,26.6202,
600273.SH,嘉化能源,2005-12-26,1.9923,2.0256,1.984,1.9923,4164364,3.479,287280000,516000000,26.6202,
600273.SH,嘉化能源,2005-12-27,2.0006,2.0089,1.9591,2.0006,1783443,1.4899,288477000,518150000,26.7311,
600273.SH,嘉化能源,2005-12-28,2.0006,2.0339,1.984,2.0339,3852934,3.2188,293265000,526750000,27.1748,
600273.SH,嘉化能源,2005-12-29,2.0173,2.0671,2.0173,2.0505,3740448,3.1249,295659000,531050000,27.3967,
600273.SH,嘉化能源,2005-12-30,2.0588,2.0588,1.984,2.0006,2014221,1.6827,288477000,518150000,26.7311,
600273.SH,嘉化能源,2006-01-04,1.9923,2.0588,1.984,2.0422,2857713,2.3874,294462000,528900000,27.2857,
600273.SH,嘉化能源,2006-01-05,2.0505,2.0754,2.0173,2.0671,3931708,3.2846,298053000,535350000,27.6185,
600273.SH,嘉化能源,2006-01-06,2.0754,2.1086,2.0422,2.0754,6739694,5.6305,299250000,537500000,27.7294,
600273.SH,嘉化能源,2006-01-09,2.0837,2.1086,2.0505,2.1086,8249537,6.8918,304038000,546100000,28.1731,
600273.SH,嘉化能源,2006-01-10,2.092,2.1003,2.0671,2.092,2645800,2.2104,301644000,541800000,27.9512,
600273.SH,嘉化能源,2006-01-11,2.092,2.092,2.0339,2.0422,2947810,2.4627,294462000,528900000,27.2857,
600273.SH,嘉化能源,2006-01-12,2.0339,2.0754,2.0256,2.0671,2140592,1.7883,298053000,535350000,27.6185,
600273.SH,嘉化能源,2006-01-13,2.0588,2.0754,2.0339,2.0671,1791540,1.4967,298053000,535350000,27.6185,
600273.SH,嘉化能源,2006-01-16,2.0671,2.0671,2.0173,2.0173,1309001,1.0936,290871000,522450000,26.953,
600273.SH,嘉化能源,2006-01-17,2.0089,2.0256,1.9923,2.0006,1325522,1.1074,288477000,518150000,26.7311,
600273.SH,嘉化能源,2006-01-18,2.0006,2.0588,2.0006,2.0256,2021724,1.689,292068000,524600000,27.0639,
600273.SH,嘉化能源,2006-01-19,2.0256,2.0505,2.0089,2.0339,2056841,1.7183,293265000,526750000,27.1748,
600273.SH,嘉化能源,2006-01-20,2.0339,2.0339,1.9923,2.0006,1555962,1.2999,288477000,518150000,26.7311,
600273.SH,嘉化能源,2006-01-23,1.9923,2.0339,1.9757,2.0256,2059656,1.7207,292068000,524600000,27.0639,
600273.SH,嘉化能源,2006-01-24,2.0256,2.0588,2.0006,2.0339,3292668,2.7508,293265000,526750000,27.1748,
600273.SH,嘉化能源,2006-01-25,2.0339,2.0588,2.0173,2.0505,2232542,1.8651,295659000,531050000,27.3967,
600273.SH,嘉化能源,2006-02-06,2.0422,2.092,2.0422,2.0754,2687956,2.2456,299250000,537500000,27.7294,
600273.SH,嘉化能源,2006-02-07,2.0754,2.0837,2.0505,2.0837,2917947,2.4377,300447000,539650000,27.8403,
600273.SH,嘉化能源,2006-02-08,2.0671,2.1335,2.0588,2.1335,6317609,5.2779,307629000,552550000,28.5058,
600273.SH,嘉化能源,2006-02-09,2.1418,2.1501,2.0837,2.092,7655242,6.3954,301644000,541800000,27.9512,
600273.SH,嘉化能源,2006-02-10,2.092,2.1169,2.0754,2.1169,4722947,3.9457,305235000,548250000,28.284,
600273.SH,嘉化能源,2006-02-13,2.1169,2.1584,2.1169,2.1584,7132935,5.959,311220000,559000000,28.8386,
600273.SH,嘉化能源,2006-02-14,2.1584,2.1667,2.1252,2.1501,3060676,2.557,310023000,556850000,28.7277,
600273.SH,嘉化能源,2006-02-15,2.1501,2.1584,2.1169,2.1252,2375530,1.9846,306432000,550400000,28.3949,
600273.SH,嘉化能源,2006-02-16,2.1252,2.1252,2.0422,2.0422,2455700,2.0515,294462000,528900000,27.2857,
600273.SH,嘉化能源,2006-02-17,2.0422,2.0588,2.0006,2.0006,1970572,1.6463,288477000,518150000,26.7311,
600273.SH,嘉化能源,2006-02-20,2.0006,2.0173,1.9923,2.0006,1190234,0.9943,288477000,518150000,26.7311,
600273.SH,嘉化能源,2006-02-21,2.0006,2.0089,1.901,2.0089,2115034,1.7669,289674000,520300000,26.8421,
600273.SH,嘉化能源,2006-02-22,2.0089,2.0339,2.0006,2.0089,1225474,1.0238,289674000,520300000,26.8421,
600273.SH,嘉化能源,2006-02-23,1.9923,2.0173,1.9674,2.0089,1537356,1.2843,289674000,520300000,26.8421,
600273.SH,嘉化能源,2006-02-24,2.0089,2.0422,1.9923,2.0422,1717067,1.4345,294462000,528900000,27.2857,
600273.SH,嘉化能源,2006-02-27,2.0339,2.0671,2.0173,2.0256,1935451,1.6169,292068000,524600000,27.0639,
600273.SH,嘉化能源,2006-02-28,2.0256,2.0339,1.984,2.0256,1972656,1.648,292068000,524600000,27.0639,
600273.SH,嘉化能源,2006-03-01,2.0256,2.0339,2.0089,2.0256,1104446,0.9227,292068000,524600000,27.0639,
600273.SH,嘉化能源,2006-03-02,2.0339,2.0339,1.9674,1.9757,1284192,1.0728,284886000,511700000,26.3984,
600273.SH,嘉化能源,2006-03-03,1.9757,1.9923,1.9342,1.9591,1098695,0.9179,282492000,507400000,26.1766,
600273.SH,嘉化能源,2006-03-06,1.9591,2.0006,1.9508,1.9674,729469,0.6094,283689000,509550000,26.2875,
600273.SH,嘉化能源,2006-03-07,1.9674,1.9674,1.9259,1.9342,1437190,1.2007,278901000,500950000,25.8438,
600273.SH,嘉化能源,2006-03-08,1.9425,1.9674,1.9093,1.9425,1281690,1.0708,280098000,503100000,25.9547,
600273.SH,嘉化能源,2006-03-09,1.9508,1.9674,1.9176,1.9508,955979,0.7986,281295000,505250000,26.0656,
600273.SH,嘉化能源,2006-03-10,1.9508,1.9508,1.9259,1.9425,553892,0.4627,280098000,503100000,25.9547,
600273.SH,嘉化能源,2006-03-13,1.9425,1.9508,1.9259,1.9508,606516,0.5067,281295000,505250000,26.0656,
600273.SH,嘉化能源,2006-03-14,1.9508,1.9508,1.9176,1.9342,692679,0.5787,278901000,500950000,25.8438,
600273.SH,嘉化能源,2006-03-15,1.9342,1.9508,1.9259,1.9425,606626,0.5068,280098000,503100000,25.9547,
600273.SH,嘉化能源,2006-03-16,1.9425,1.9674,1.9259,1.9591,1093874,0.9138,282492000,507400000,26.1766,
600273.SH,嘉化能源,2006-03-17,1.9591,1.9591,1.9342,1.9425,615828,0.5145,280098000,503100000,25.9547,
600273.SH,嘉化能源,2006-03-20,1.9591,1.984,1.9342,1.984,1912348,1.5976,286083000,513850000,26.5093,
600273.SH,嘉化能源,2006-03-21,1.984,1.984,1.9591,1.984,1065790,0.8904,286083000,513850000,26.5093,
600273.SH,嘉化能源,2006-03-22,1.9757,2.0173,1.9674,2.0089,1758256,1.4689,289674000,520300000,26.8421,
600273.SH,嘉化能源,2006-03-23,2.0006,2.0256,1.984,2.0256,1178941,0.9849,292068000,524600000,27.0639,
600273.SH,嘉化能源,2006-03-24,2.0256,2.0256,1.9757,1.984,773501,0.6462,286083000,513850000,26.5093,
600273.SH,嘉化能源,2006-03-27,1.984,2.0089,1.9508,1.9923,854256,0.7137,287280000,516000000,26.6202,
600273.SH,嘉化能源,2006-03-28,2.0588,2.0588,1.9674,1.984,1256739,1.0499,286083000,513850000,33.5424,
600273.SH,嘉化能源,2006-03-29,1.984,2.0006,1.9674,1.984,1804193,1.5073,286083000,513850000,33.5424,
600273.SH,嘉化能源,2006-03-30,1.984,1.984,1.9176,1.9176,1816809,1.5178,276507000,496650000,32.4196,
600273.SH,嘉化能源,2006-03-31,1.901,1.9425,1.901,1.9342,925219,0.7729,278901000,500950000,32.7003,
600273.SH,嘉化能源,2006-04-03,1.9259,1.9591,1.9176,1.9508,1097026,0.9165,281295000,505250000,32.981,
600273.SH,嘉化能源,2006-04-04,1.9508,2.0006,1.9342,2.0006,2183420,1.8241,288477000,518150000,33.8231,
600273.SH,嘉化能源,2006-04-05,2.0173,2.0339,2.0006,2.0089,3185912,2.6616,289674000,520300000,33.9634,
600273.SH,嘉化能源,2006-04-06,2.0089,2.0256,1.9674,1.9923,2742041,2.2908,287280000,516000000,33.6827,
600273.SH,嘉化能源,2006-04-07,1.984,2.0505,1.984,2.0422,4413567,3.6872,294462000,528900000,34.5248,
600273.SH,嘉化能源,2006-04-10,2.0671,2.092,2.0256,2.0837,6203365,5.1824,300447000,539650000,35.2265,
600273.SH,嘉化能源,2006-04-11,2.0837,2.0837,2.0339,2.0588,2783666,2.3255,296856000,533200000,34.8055,
600273.SH,嘉化能源,2006-04-12,2.0754,2.1335,2.0339,2.1003,7254547,6.0606,302841000,543950000,35.5072,
600273.SH,嘉化能源,2006-04-13,2.1003,2.1003,2.0173,2.0256,3549722,2.9655,292068000,524600000,34.2441,
600273.SH,嘉化能源,2006-04-14,2.0256,2.0505,1.984,2.0422,2269266,1.8958,294462000,528900000,34.5248,
600273.SH,嘉化能源,2006-04-17,2.0422,2.0422,2.0006,2.0256,1279947,1.0693,292068000,524600000,34.2441,
600273.SH,嘉化能源,2006-04-18,2.0422,2.0588,2.0089,2.0588,1793797,1.4986,296856000,533200000,35.9771,
600273.SH,嘉化能源,2006-04-19,2.0671,2.1003,2.0505,2.0588,4289253,3.5833,296856000,533200000,35.9771,
600273.SH,嘉化能源,2006-04-20,2.0588,2.0671,1.9757,1.984,2175798,1.8177,286083000,513850000,34.6715,
600273.SH,嘉化能源,2006-04-21,1.9757,2.0089,1.9591,1.984,1834037,1.5322,286083000,513850000,34.6715,
600273.SH,嘉化能源,2006-04-24,1.984,2.0173,1.9093,1.9342,2451696,2.0482,278901000,500950000,33.801,
600273.SH,嘉化能源,2006-04-25,1.9259,1.9342,1.901,1.9093,1893839,1.5822,275310000,494500000,33.3658,
600273.SH,嘉化能源,2006-04-26,1.901,1.9425,1.8927,1.9342,1868282,1.5608,278901000,500950000,33.801,
600273.SH,嘉化能源,2006-04-27,1.9342,1.9342,1.9342,1.9342,--,--,278901000,500950000,33.801,
600273.SH,嘉化能源,2006-04-28,1.9176,2.0339,1.9093,1.9923,3351111,2.7996,287280000,516000000,34.8165,
600273.SH,嘉化能源,2006-05-08,1.9923,2.092,1.9923,2.0754,4991125,4.1697,299250000,537500000,36.2672,
600273.SH,嘉化能源,2006-05-09,2.0754,2.092,2.0339,2.092,4694875,3.9222,301644000,541800000,36.5574,
600273.SH,嘉化能源,2006-05-10,2.092,2.2165,2.0754,2.175,8655452,7.231,313614000,563300000,38.008,
600273.SH,嘉化能源,2006-05-11,2.1999,2.2331,2.092,2.1003,12819126,10.7094,302841000,543950000,36.7024,
600273.SH,嘉化能源,2006-05-12,2.0754,2.1667,2.0588,2.1584,5128198,4.2842,311220000,559000000,37.7179,
600273.SH,嘉化能源,2006-05-15,2.1667,2.3742,2.1584,2.3659,8957682,7.4834,341145000,612750000,41.3446,
600273.SH,嘉化能源,2006-05-16,2.3576,2.4655,2.2331,2.3327,10912084,9.1162,336357000,604150000,40.7644,
600273.SH,嘉化能源,2006-05-17,2.3908,2.5651,2.3659,2.5319,20593450,17.2042,365085000,655750000,44.246,
600273.SH,嘉化能源,2006-05-18,2.507,2.507,2.3659,2.4572,8285615,6.922,354312000,636400000,42.9404,
600273.SH,嘉化能源,2006-05-19,2.4406,2.4904,2.3908,2.4406,5849910,4.8871,351918000,632100000,42.6502,
600273.SH,嘉化能源,2006-05-22,2.4406,2.4821,2.4074,2.4655,6002308,5.0145,355509000,638550000,43.0855,
600273.SH,嘉化能源,2006-05-23,2.4489,2.4489,2.2746,2.2746,5835104,4.8748,327978000,589100000,39.7489,
600273.SH,嘉化能源,2006-05-24,2.2497,2.3161,2.1584,2.1999,4226347,3.5308,317205000,569750000,38.4433,
600273.SH,嘉化能源,2006-05-25,2.1999,2.258,2.1584,2.2331,2243447,1.8742,321993000,578350000,39.0235,
600273.SH,嘉化能源,2006-05-26,2.2414,2.2912,2.2165,2.2829,2487010,2.0777,329175000,591250000,39.8939,
600273.SH,嘉化能源,2006-05-29,2.2829,2.341,2.2497,2.341,2746344,2.2944,337554000,606300000,40.9094,
600273.SH,嘉化能源,2006-05-30,2.341,2.3493,2.2829,2.3244,2938902,2.4552,335160000,602000000,40.6193,
600273.SH,嘉化能源,2006-05-31,2.3161,2.3742,2.2663,2.2746,3039720,2.5394,327978000,589100000,39.7489,
600273.SH,嘉化能源,2006-06-01,2.2746,2.3908,2.2497,2.3825,5357134,4.4755,343539000,617050000,41.6348,
600273.SH,嘉化能源,2006-06-02,2.4074,2.4821,2.3742,2.4406,7777867,6.4978,351918000,632100000,42.6502,
600273.SH,嘉化能源,2006-06-05,2.4572,2.5319,2.424,2.5153,5950168,4.9709,362691000,651450000,43.9559,
600273.SH,嘉化能源,2006-06-06,2.5319,2.5651,2.4904,2.5319,6302944,5.2656,365085000,655750000,44.246,
600273.SH,嘉化能源,2006-06-07,2.5568,2.5734,2.3493,2.3908,6874221,5.7429,344736000,619200000,41.7798,
600273.SH,嘉化能源,2006-06-08,2.45,2.5006,2.3993,2.4668,12616442,10.5401,349524000,627800000,42.3601,
600273.SH,嘉化能源,2006-06-09,2.4584,2.4584,2.3063,2.3148,5062258,4.2291,327978000,589100000,39.7489,
600273.SH,嘉化能源,2006-06-12,2.3148,2.3401,2.2894,2.3232,1845678,1.5419,329175000,591250000,39.8939,
600273.SH,嘉化能源,2006-06-13,2.3401,2.3824,2.3063,2.3486,2142729,1.7901,332766000,597700000,40.3291,
600273.SH,嘉化能源,2006-06-14,2.357,2.4922,2.3317,2.4922,9483007,7.9223,353115000,634250000,42.7953,
600273.SH,嘉化能源,2006-06-15,2.4584,2.4922,2.4077,2.45,3282169,2.742,347130000,623500000,42.07,
600273.SH,嘉化能源,2006-06-16,2.45,2.4922,2.4331,2.4753,2672748,2.2329,350721000,629950000,42.5052,
600273.SH,嘉化能源,2006-06-19,2.45,2.4668,2.4077,2.4668,2331685,1.9479,349524000,627800000,42.3601,
600273.SH,嘉化能源,2006-06-20,2.45,2.4668,2.3908,2.4246,1865477,1.5585,343539000,617050000,41.6348,
600273.SH,嘉化能源,2006-06-21,2.4246,2.4415,2.3824,2.3908,2020687,1.6881,338751000,608450000,41.0545,
600273.SH,嘉化能源,2006-06-22,2.3655,2.3908,2.3317,2.3401,2319134,1.9375,331569000,595550000,40.1841,
600273.SH,嘉化能源,2006-06-23,2.3401,2.3824,2.3148,2.3655,1605051,1.3409,335160000,602000000,40.6193,
600273.SH,嘉化能源,2006-06-26,2.3908,2.4331,2.3486,2.4331,1948393,1.6277,344736000,619200000,41.7798,
600273.SH,嘉化能源,2006-06-27,2.4415,2.4922,2.4077,2.4668,2873732,2.4008,349524000,627800000,42.3601,
600273.SH,嘉化能源,2006-06-28,2.4837,2.5429,2.45,2.526,6026759,5.0349,357903000,642850000,43.3756,
600273.SH,嘉化能源,2006-06-29,2.526,2.5851,2.5006,2.5513,7563193,6.3185,361494000,649300000,43.8108,
600273.SH,嘉化能源,2006-06-30,2.5851,2.602,2.5091,2.5513,6528160,5.4538,361494000,649300000,43.8108,
600273.SH,嘉化能源,2006-07-03,2.5598,2.5851,2.5429,2.5682,4468819,3.7333,363888000,653600000,44.1009,
600273.SH,嘉化能源,2006-07-04,2.5682,2.6612,2.5513,2.6105,6404464,5.3504,369873000,664350000,44.8263,
600273.SH,嘉化能源,2006-07-05,2.6443,2.6443,2.5175,2.5682,4906200,4.0987,363888000,653600000,44.1009,
600273.SH,嘉化能源,2006-07-06,2.5429,2.5936,2.5344,2.5851,3571658,2.9838,366282000,657900000,44.3911,
600273.SH,嘉化能源,2006-07-07,2.5851,2.602,2.5344,2.5513,2982971,2.492,361494000,649300000,43.8108,
600273.SH,嘉化能源,2006-07-10,2.5513,2.5767,2.4922,2.526,3042914,2.5421,357903000,642850000,43.3756,
600273.SH,嘉化能源,2006-07-11,2.5175,2.5429,2.5006,2.5429,2010781,1.6799,360297000,647150000,43.6657,
600273.SH,嘉化能源,2006-07-12,2.5429,2.5429,2.5006,2.5175,2411979,2.015,356706000,640700000,43.2305,
600273.SH,嘉化能源,2006-07-13,2.5175,2.526,2.3063,2.3148,3668643,3.0649,327978000,589100000,39.7489,
600273.SH,嘉化能源,2006-07-14,2.2979,2.3824,2.2894,2.3232,2712762,2.2663,329175000,591250000,39.8939,
600273.SH,嘉化能源,2006-07-17,2.3148,2.3655,2.3063,2.3655,1339393,1.119,335160000,602000000,40.6193,
600273.SH,嘉化能源,2006-07-18,2.3655,2.3824,2.3317,2.3739,1300739,1.0867,336357000,604150000,40.7644,
600273.SH,嘉化能源,2006-07-19,2.3655,2.3655,2.2894,2.2979,1450619,1.2119,325584000,584800000,39.4587,
600273.SH,嘉化能源,2006-07-20,2.2979,2.3486,2.281,2.3486,1355010,1.132,332766000,597700000,40.3291,
600273.SH,嘉化能源,2006-07-21,2.3486,2.3655,2.3232,2.3486,1256670,1.0498,332766000,597700000,40.3291,
600273.SH,嘉化能源,2006-07-24,2.3232,2.3739,2.2979,2.3739,1540304,1.2868,336357000,604150000,40.7644,
600273.SH,嘉化能源,2006-07-25,2.3655,2.4331,2.357,2.3993,2268362,1.895,339948000,610600000,41.1996,
600273.SH,嘉化能源,2006-07-26,2.3993,2.6358,2.3739,2.5598,7835200,6.5457,362691000,651450000,43.9559,
600273.SH,嘉化能源,2006-07-27,2.5344,2.5936,2.4837,2.5429,4247696,3.5486,360297000,647150000,43.6657,
600273.SH,嘉化能源,2006-07-28,2.5767,2.7456,2.5767,2.6358,13327478,11.1341,373464000,670800000,45.2615,
600273.SH,嘉化能源,2006-07-31,2.6527,2.6527,2.4584,2.4668,4926162,4.1154,349524000,627800000,42.3601,
600273.SH,嘉化能源,2006-08-01,2.45,2.5091,2.3824,2.3908,2860252,2.3895,338751000,608450000,41.0545,
600273.SH,嘉化能源,2006-08-02,2.3908,2.4584,2.3655,2.4246,1981000,1.655,343539000,617050000,41.6348,
600273.SH,嘉化能源,2006-08-03,2.4668,2.4668,2.3739,2.4077,1175423,0.982,341145000,612750000,41.3446,
600273.SH,嘉化能源,2006-08-04,2.3908,2.4162,2.3063,2.3232,1697234,1.4179,329175000,591250000,39.8939,
600273.SH,嘉化能源,2006-08-07,2.3232,2.3232,2.1965,2.2219,1774593,1.4825,314811000,565450000,38.1531,
600273.SH,嘉化能源,2006-08-08,2.2134,2.2979,2.2134,2.2979,1154252,0.9643,325584000,584800000,39.4587,
600273.SH,嘉化能源,2006-08-09,2.2894,2.3401,2.281,2.3317,1207261,1.0086,330372000,593400000,40.039,
600273.SH,嘉化能源,2006-08-10,2.3317,2.3655,2.3148,2.357,1084730,0.9062,333963000,599850000,40.4742,
600273.SH,嘉化能源,2006-08-11,2.3655,2.3824,2.3148,2.3401,1071185,0.8949,331569000,595550000,40.1841,
600273.SH,嘉化能源,2006-08-14,2.3401,2.3655,2.2556,2.2641,1009431,0.8433,320796000,576200000,38.8785,
600273.SH,嘉化能源,2006-08-15,2.281,2.3232,2.2641,2.3232,575965,0.4812,329175000,591250000,37.4601,
600273.SH,嘉化能源,2006-08-16,2.3401,2.357,2.2979,2.3486,1230741,1.0282,332766000,597700000,37.8687,
600273.SH,嘉化能源,2006-08-17,2.3317,2.3317,2.2894,2.3148,930286,0.7772,327978000,589100000,37.3239,
600273.SH,嘉化能源,2006-08-18,2.3317,2.3317,2.2894,2.2979,557597,0.4658,325584000,584800000,37.0514,
600273.SH,嘉化能源,2006-08-21,2.2641,2.3148,2.2219,2.3063,883900,0.7384,326781000,586950000,37.1877,
600273.SH,嘉化能源,2006-08-22,2.281,2.3401,2.281,2.3232,892886,0.7459,329175000,591250000,37.4601,
600273.SH,嘉化能源,2006-08-23,2.3232,2.3401,2.2894,2.3063,1027681,0.8585,326781000,586950000,37.1877,
600273.SH,嘉化能源,2006-08-24,2.2894,2.5091,2.2894,2.3993,3277261,2.7379,339948000,610600000,38.6861,
600273.SH,嘉化能源,2006-08-25,2.3739,2.4331,2.357,2.3824,1515727,1.2663,337554000,606300000,38.4136,
600273.SH,嘉化能源,2006-08-28,2.3908,2.4415,2.3908,2.4162,1493345,1.2476,342342000,614900000,38.9585,
600273.SH,嘉化能源,2006-08-29,2.4162,2.4668,2.3993,2.4077,1637063,1.3676,341145000,612750000,38.8223,
600273.SH,嘉化能源,2006-08-30,2.4077,2.4415,2.3824,2.4246,1404482,1.1733,343539000,617050000,39.0947,
600273.SH,嘉化能源,2006-08-31,2.4246,2.4415,2.3908,2.4246,1429218,1.194,343539000,617050000,39.0947,
600273.SH,嘉化能源,2006-09-01,2.4162,2.4162,2.3486,2.357,1494837,1.2488,333963000,599850000,38.005,
600273.SH,嘉化能源,2006-09-04,2.357,2.357,2.357,2.357,--,--,333963000,599850000,38.005,
600273.SH,嘉化能源,2006-09-05,2.3824,2.4415,2.3824,2.4077,1615755,1.3498,341145000,612750000,38.8223,
600273.SH,嘉化能源,2006-09-06,2.4077,2.4415,2.3908,2.4415,1485459,1.241,345933000,621350000,39.3672,
600273.SH,嘉化能源,2006-09-07,2.4415,2.4415,2.3655,2.3739,1258987,1.0518,336357000,604150000,38.2774,
600273.SH,嘉化能源,2006-09-08,2.3824,2.4077,2.3739,2.3824,871765,0.7283,337554000,606300000,38.4136,
600273.SH,嘉化能源,2006-09-11,2.4077,2.4077,2.3317,2.3655,962922,0.8044,335160000,602000000,38.1412,
600273.SH,嘉化能源,2006-09-12,2.357,2.3993,2.357,2.3824,1161460,0.9703,337554000,606300000,38.4136,
600273.SH,嘉化能源,2006-09-13,2.3739,2.3908,2.357,2.357,1089763,0.9104,333963000,599850000,38.005,
600273.SH,嘉化能源,2006-09-14,2.3486,2.357,2.3148,2.3486,1095354,0.9151,332766000,597700000,37.8687,
600273.SH,嘉化能源,2006-09-15,2.3486,2.4753,2.3317,2.4584,4948698,4.1343,348327000,625650000,39.6396,
600273.SH,嘉化能源,2006-09-18,2.4837,2.4837,2.4331,2.4753,3773140,3.1522,350721000,629950000,39.912,
600273.SH,嘉化能源,2006-09-19,2.4837,2.5513,2.45,2.5344,7049083,5.889,359100000,645000000,40.8656,
600273.SH,嘉化能源,2006-09-20,2.5598,2.5767,2.5091,2.5091,5529371,4.6194,355509000,638550000,40.4569,
600273.SH,嘉化能源,2006-09-21,2.5851,2.5851,2.4584,2.4837,3121453,2.6077,351918000,632100000,40.0482,
600273.SH,嘉化能源,2006-09-22,2.4837,2.5006,2.4162,2.4246,2729691,2.2804,343539000,617050000,39.0947,
600273.SH,嘉化能源,2006-09-25,2.4246,2.4753,2.4077,2.4331,1903413,1.5902,344736000,619200000,39.2309,
600273.SH,嘉化能源,2006-09-26,2.45,2.45,2.4077,2.4162,1089717,0.9104,342342000,614900000,38.9585,
600273.SH,嘉化能源,2006-09-27,2.4162,2.4668,2.4077,2.4584,1144705,0.9563,348327000,625650000,39.6396,
600273.SH,嘉化能源,2006-09-28,2.45,2.4668,2.4246,2.4668,1255168,1.0486,349524000,627800000,39.7758,
600273.SH,嘉化能源,2006-09-29,2.4753,2.4753,2.4331,2.4668,1365413,1.1407,349524000,627800000,39.7758,
600273.SH,嘉化能源,2006-10-09,2.4584,2.5091,2.4584,2.5091,2814275,2.3511,355509000,638550000,40.4569,
600273.SH,嘉化能源,2006-10-10,2.5091,2.5429,2.4837,2.5175,2518955,2.1044,356706000,640700000,40.5931,
600273.SH,嘉化能源,2006-10-11,2.5091,2.526,2.4584,2.4922,1855456,1.5501,353115000,634250000,40.1845,
600273.SH,嘉化能源,2006-10-12,2.4837,2.5006,2.4668,2.4837,1731477,1.4465,351918000,632100000,40.0482,
600273.SH,嘉化能源,2006-10-13,2.4753,2.5006,2.4753,2.4922,1652521,1.3806,353115000,634250000,40.1845,
600273.SH,嘉化能源,2006-10-16,2.5006,2.5006,2.4415,2.4415,1930571,1.6128,345933000,621350000,39.3672,
600273.SH,嘉化能源,2006-10-17,2.4415,2.5513,2.4331,2.5344,5757316,4.8098,359100000,645000000,40.8656,
600273.SH,嘉化能源,2006-10-18,2.5429,2.6443,2.5091,2.5851,8168364,6.824,366282000,657900000,41.6829,
600273.SH,嘉化能源,2006-10-19,2.6358,2.6443,2.5598,2.5767,6435030,5.376,365085000,655750000,41.5466,
600273.SH,嘉化能源,2006-10-20,2.5767,2.5851,2.526,2.5513,2772693,2.3164,361494000,649300000,41.138,
600273.SH,嘉化能源,2006-10-23,2.5513,2.5851,2.4331,2.45,3047366,2.5458,347130000,623500000,42.5462,
600273.SH,嘉化能源,2006-10-24,2.45,2.526,2.4415,2.5006,2072011,1.731,354312000,636400000,43.4264,
600273.SH,嘉化能源,2006-10-25,2.4922,2.5175,2.45,2.4922,2284208,1.9083,353115000,634250000,43.2797,
600273.SH,嘉化能源,2006-10-26,2.4922,2.4922,2.45,2.4584,1451226,1.2124,348327000,625650000,42.6929,
600273.SH,嘉化能源,2006-10-27,2.45,2.4668,2.3993,2.3993,1723578,1.4399,339948000,610600000,41.6659,
600273.SH,嘉化能源,2006-10-30,2.3993,2.4584,2.3908,2.4415,1043513,0.8718,345933000,621350000,42.3994,
600273.SH,嘉化能源,2006-10-31,2.4331,2.4753,2.4162,2.4584,1472241,1.2299,348327000,625650000,42.6929,
600273.SH,嘉化能源,2006-11-01,2.4584,2.4584,2.4246,2.45,1115237,0.9317,347130000,623500000,42.5462,
600273.SH,嘉化能源,2006-11-02,2.45,2.45,2.4077,2.4331,1754387,1.4657,344736000,619200000,42.2527,
600273.SH,嘉化能源,2006-11-03,2.4331,2.4584,2.4331,2.4415,1549155,1.2942,345933000,621350000,42.3994,
600273.SH,嘉化能源,2006-11-06,2.4331,2.45,2.4162,2.4246,1328182,1.1096,343539000,617050000,42.106,
600273.SH,嘉化能源,2006-11-07,2.4246,2.4331,2.3739,2.3993,1855096,1.5498,339948000,610600000,41.6659,
600273.SH,嘉化能源,2006-11-08,2.3908,2.526,2.3739,2.4668,2591308,2.1648,349524000,627800000,42.8396,
600273.SH,嘉化能源,2006-11-09,2.45,2.4837,2.4162,2.45,1292429,1.0797,347130000,623500000,42.5462,
600273.SH,嘉化能源,2006-11-10,2.4584,2.4668,2.357,2.3739,1720434,1.4373,336357000,604150000,41.2258,
600273.SH,嘉化能源,2006-11-13,2.3655,2.3908,2.2725,2.281,1469048,1.2273,323190000,580500000,39.6119,
600273.SH,嘉化能源,2006-11-14,2.2472,2.3063,2.2472,2.3063,861697,0.7199,326781000,586950000,40.0521,
600273.SH,嘉化能源,2006-11-15,2.2979,2.3401,2.281,2.3317,861713,0.7199,330372000,593400000,40.4922,
600273.SH,嘉化能源,2006-11-16,2.3317,2.3486,2.3148,2.3232,1516804,1.2672,329175000,591250000,40.3455,
600273.SH,嘉化能源,2006-11-17,2.2979,2.3317,2.2556,2.3232,888491,0.7423,329175000,591250000,40.3455,
600273.SH,嘉化能源,2006-11-20,2.2979,2.3232,2.281,2.3063,1260481,1.053,326781000,586950000,40.0521,
600273.SH,嘉化能源,2006-11-21,2.2894,2.3063,2.2641,2.2894,1148738,0.9597,324387000,582650000,39.7587,
600273.SH,嘉化能源,2006-11-22,2.281,2.3317,2.281,2.3317,1070437,0.8943,330372000,593400000,40.4922,
600273.SH,嘉化能源,2006-11-23,2.3401,2.3739,2.3148,2.3148,1107068,0.9249,327978000,589100000,40.1988,
600273.SH,嘉化能源,2006-11-24,2.3232,2.3655,2.3148,2.3655,972753,0.8127,335160000,602000000,41.079,
600273.SH,嘉化能源,2006-11-27,2.3655,2.3824,2.3317,2.3824,1131015,0.9449,337554000,606300000,41.3725,
600273.SH,嘉化能源,2006-11-28,2.357,2.3993,2.3486,2.3739,1020348,0.8524,336357000,604150000,41.2258,
600273.SH,嘉化能源,2006-11-29,2.3486,2.3739,2.3317,2.3655,1006324,0.8407,335160000,602000000,41.079,
600273.SH,嘉化能源,2006-11-30,2.3655,2.4331,2.357,2.3908,2405388,2.0095,338751000,608450000,41.5192,
600273.SH,嘉化能源,2006-12-01,2.3908,2.3908,2.357,2.3908,2058102,1.7194,338751000,608450000,41.5192,
600273.SH,嘉化能源,2006-12-04,2.3655,2.4331,2.357,2.4162,3157792,2.6381,342342000,614900000,41.9593,
600273.SH,嘉化能源,2006-12-05,2.4162,2.4668,2.3908,2.4584,2886442,2.4114,348327000,625650000,42.6929,
600273.SH,嘉化能源,2006-12-06,2.45,2.4668,2.3655,2.3993,2626439,2.1942,339948000,610600000,41.6659,
600273.SH,嘉化能源,2006-12-07,2.3908,2.45,2.3908,2.4162,2358960,1.9707,342342000,614900000,41.9593,
600273.SH,嘉化能源,2006-12-08,2.4162,2.4162,2.3401,2.3486,1852797,1.5479,332766000,597700000,40.7856,
600273.SH,嘉化能源,2006-12-11,2.3655,2.4077,2.3232,2.3824,1705130,1.4245,337554000,606300000,41.3725,
600273.SH,嘉化能源,2006-12-12,2.3824,2.3993,2.3401,2.3824,1648983,1.3776,337554000,606300000,41.3725,
600273.SH,嘉化能源,2006-12-13,2.3655,2.3908,2.3401,2.3739,2077307,1.7354,336357000,604150000,41.2258,
600273.SH,嘉化能源,2006-12-14,2.3739,2.45,2.357,2.4246,3286076,2.7453,343539000,617050000,42.106,
600273.SH,嘉化能源,2006-12-15,2.4246,2.4415,2.3655,2.4246,2624417,2.1925,343539000,617050000,42.106,
600273.SH,嘉化能源,2006-12-18,2.4162,2.5006,2.3993,2.4753,3563530,2.9771,350721000,629950000,42.9863,
600273.SH,嘉化能源,2006-12-19,2.5006,2.5091,2.4246,2.4415,4098041,3.4236,345933000,621350000,42.3994,
600273.SH,嘉化能源,2006-12-20,2.4246,2.4753,2.3993,2.4584,3325203,2.7779,348327000,625650000,42.6929,
600273.SH,嘉化能源,2006-12-21,2.4584,2.4837,2.4331,2.4415,3796696,3.1718,345933000,621350000,42.3994,
600273.SH,嘉化能源,2006-12-22,2.4077,2.4837,2.4077,2.4668,2982691,2.4918,349524000,627800000,42.8396,
600273.SH,嘉化能源,2006-12-25,2.4668,2.4837,2.4415,2.4584,2967049,2.4787,348327000,625650000,42.6929,
600273.SH,嘉化能源,2006-12-26,2.4584,2.5513,2.4162,2.5091,6780128,5.6643,355509000,638550000,43.5731,
600273.SH,嘉化能源,2006-12-27,2.4922,2.5006,2.45,2.4584,2956662,2.4701,348327000,625650000,42.6929,
600273.SH,嘉化能源,2006-12-28,2.4668,2.4668,2.3824,2.3908,3365755,2.8118,338751000,608450000,41.5192,
600273.SH,嘉化能源,2006-12-29,2.4077,2.4246,2.3655,2.3824,3601526,3.0088,337554000,606300000,41.3725,
600273.SH,嘉化能源,2007-01-04,2.3824,2.4077,2.3824,2.3993,3247933,2.7134,339948000,610600000,41.6659,
600273.SH,嘉化能源,2007-01-05,2.3993,2.4415,2.3739,2.4331,2254021,1.8831,344736000,619200000,42.2527,
600273.SH,嘉化能源,2007-01-08,2.4415,2.5091,2.4331,2.5091,3812349,3.1849,355509000,638550000,43.5731,
600273.SH,嘉化能源,2007-01-09,2.5091,2.5767,2.4922,2.5429,5790320,4.8374,360297000,647150000,44.16,
600273.SH,嘉化能源,2007-01-10,2.5513,2.5767,2.5091,2.5767,5617236,4.6928,365085000,655750000,44.7468,
600273.SH,嘉化能源,2007-01-11,2.5851,2.6865,2.5598,2.6189,8860556,7.4023,371070000,666500000,45.4804,
600273.SH,嘉化能源,2007-01-12,2.602,2.6358,2.5175,2.526,6799261,5.6803,357903000,642850000,43.8666,
600273.SH,嘉化能源,2007-01-15,2.5175,2.6274,2.5175,2.6189,4618823,3.8587,371070000,666500000,45.4804,
600273.SH,嘉化能源,2007-01-16,2.6189,2.6696,2.5936,2.6612,5472054,4.5715,377055000,677250000,46.2139,
600273.SH,嘉化能源,2007-01-17,2.6612,2.8048,2.6358,2.6865,10289018,8.5957,380646000,683700000,46.6541,
600273.SH,嘉化能源,2007-01-18,2.6612,2.7541,2.6358,2.7372,4602385,3.8449,387828000,696600000,47.5343,
600273.SH,嘉化能源,2007-01-19,2.7372,3.0075,2.7203,2.9906,20763308,17.3461,423738000,761100000,51.9357,
600273.SH,嘉化能源,2007-01-22,2.9568,3.0667,2.9146,3.0413,13038769,10.8929,430920000,774000000,52.8159,
600273.SH,嘉化能源,2007-01-23,3.0244,3.3201,2.9653,3.3032,19431507,16.2335,468027000,840650000,57.364,
600273.SH,嘉化能源,2007-01-24,3.3032,3.3032,3.3032,3.3032,--,--,468027000,840650000,57.364,
600273.SH,嘉化能源,2007-01-25,3.3032,3.3032,3.3032,3.3032,--,--,468027000,840650000,57.364,
600273.SH,嘉化能源,2007-01-26,3.3032,3.3032,3.3032,3.3032,--,--,468027000,840650000,57.364,
600273.SH,嘉化能源,2007-01-29,3.3032,3.3032,3.3032,3.3032,--,--,468027000,840650000,57.364,
600273.SH,嘉化能源,2007-01-30,3.6327,3.6327,3.0413,3.1427,12182814,10.1778,445284000,799800000,52.4893,
600273.SH,嘉化能源,2007-01-31,3.1427,3.2863,2.9484,2.9737,8981756,7.5036,421344000,756800000,49.6673,
600273.SH,嘉化能源,2007-02-01,2.9399,2.9991,2.8639,2.9822,5821804,4.8637,422541000,758950000,49.8084,
600273.SH,嘉化能源,2007-02-02,2.9653,2.9906,2.8893,2.9146,3675912,3.0709,412965000,741750000,48.6796,
600273.SH,嘉化能源,2007-02-05,2.9146,2.9991,2.8977,2.9399,3579664,2.9905,416556000,748200000,49.1029,
600273.SH,嘉化能源,2007-02-06,3.016,3.1511,2.9399,3.1174,5974637,4.9913,441693000,793350000,52.0658,
600273.SH,嘉化能源,2007-02-07,3.1174,3.1511,3.0667,3.1258,4909390,4.1014,442890000,795500000,52.2069,
600273.SH,嘉化能源,2007-02-08,3.1511,3.2863,3.1089,3.2356,6920854,5.7818,458451000,823450000,54.0412,
600273.SH,嘉化能源,2007-02-09,3.2187,3.2356,3.1174,3.1934,4981646,4.1618,452466000,812700000,53.3357,
600273.SH,嘉化能源,2007-02-12,3.1934,3.261,3.1596,3.2525,5865915,4.9005,460845000,827750000,54.3234,
600273.SH,嘉化能源,2007-02-13,3.261,3.3624,3.1934,3.3201,7223445,6.0346,470421000,844950000,55.4522,
600273.SH,嘉化能源,2007-02-14,3.3117,3.6496,3.2948,3.6496,14750068,12.3225,517104000,928800000,60.9551,
600273.SH,嘉化能源,2007-02-15,3.7594,3.8777,3.658,3.751,14472361,12.0905,531468000,954600000,62.6483,
600273.SH,嘉化能源,2007-02-16,3.751,3.7932,3.5904,3.6834,8302852,6.9364,521892000,937400000,61.5195,
600273.SH,嘉化能源,2007-02-26,3.658,3.8777,3.6242,3.8439,6844080,5.7177,544635000,978250000,64.2004,
600273.SH,嘉化能源,2007-02-27,3.8439,3.903,3.4637,3.4637,9635196,8.0495,490770000,881500000,57.8509,
600273.SH,嘉化能源,2007-02-28,3.4637,3.4637,3.4637,3.4637,--,--,490770000,881500000,57.8509,
600273.SH,嘉化能源,2007-03-01,3.7594,3.7594,3.506,3.6411,9631621,8.0465,515907000,926650000,60.814,
600273.SH,嘉化能源,2007-03-02,3.6158,3.6918,3.5567,3.658,5817588,4.8601,518301000,930950000,61.0962,
600273.SH,嘉化能源,2007-03-05,3.658,3.751,3.506,3.6327,5386546,4.5,514710000,924500000,60.6729,
600273.SH,嘉化能源,2007-03-06,3.5989,3.6327,3.5144,3.5567,3986469,3.3304,503937000,905150000,59.403,
600273.SH,嘉化能源,2007-03-07,3.5567,3.6411,3.5482,3.6158,3876773,3.2387,512316000,920200000,60.3907,
600273.SH,嘉化能源,2007-03-08,3.6073,3.7679,3.5904,3.751,7118946,5.9473,531468000,954600000,62.6483,
600273.SH,嘉化能源,2007-03-09,3.751,3.7932,3.658,3.6918,4772868,3.9874,523089000,939550000,61.6606,
600273.SH,嘉化能源,2007-03-12,3.7087,3.8692,3.7003,3.8439,8220965,6.868,544635000,978250000,64.2004,
600273.SH,嘉化能源,2007-03-13,3.8777,4.0298,3.8354,3.9875,10257296,8.5692,564984000,1014800000,66.5991,
600273.SH,嘉化能源,2007-03-14,3.8861,4.2241,3.7848,4.1311,14672711,12.2579,585333000,1051350000,68.9978,
600273.SH,嘉化能源,2007-03-15,4.1142,4.3085,4.0551,4.1142,9079081,7.5849,582939000,1047050000,68.7156,
600273.SH,嘉化能源,2007-03-16,4.1227,4.1818,3.8946,3.9537,9128225,7.6259,560196000,1006200000,66.0347,
600273.SH,嘉化能源,2007-03-19,3.8608,4.0466,3.8185,4.0298,6575447,5.4933,570969000,1025550000,67.3046,
600273.SH,嘉化能源,2007-03-20,3.9875,4.1396,3.9875,4.1142,5269996,4.4027,582939000,1047050000,68.7156,
600273.SH,嘉化能源,2007-03-21,4.1311,4.2832,4.0551,4.241,9020978,7.5363,600894000,1079300000,70.8321,
600273.SH,嘉化能源,2007-03-22,4.2241,4.3085,4.1396,4.1734,9707095,8.1095,591318000,1062100000,69.7033,
600273.SH,嘉化能源,2007-03-23,4.1818,4.3339,4.1311,4.3339,9961454,8.322,614061000,1102950000,72.3842,
600273.SH,嘉化能源,2007-03-26,4.3761,4.5282,4.3761,4.5113,8537287,7.1322,639198000,1148100000,75.3473,
600273.SH,嘉化能源,2007-03-27,4.5282,4.7056,4.4606,4.6972,8706056,7.2732,665532000,1195400000,78.4515,
600273.SH,嘉化能源,2007-03-28,4.7225,4.7732,4.3339,4.5789,11536831,9.6381,648774000,1165300000,76.4761,
600273.SH,嘉化能源,2007-03-29,4.562,4.562,4.3085,4.3254,8822266,7.3703,612864000,1100800000,72.2431,
600273.SH,嘉化能源,2007-03-30,4.2494,4.4437,4.2494,4.3677,5646637,4.7173,618849000,1111550000,72.9486,
600273.SH,嘉化能源,2007-04-02,4.393,4.5282,4.3592,4.5197,5067232,4.2333,640395000,1150250000,75.4884,
600273.SH,嘉化能源,2007-04-03,4.5789,4.6803,4.5113,4.6042,11296384,9.4372,652365000,1171750000,76.8994,
600273.SH,嘉化能源,2007-04-04,4.5789,4.6803,4.5282,4.6549,9061648,7.5703,659547000,1184650000,77.746,
600273.SH,嘉化能源,2007-04-05,4.6211,4.8154,4.6127,4.7647,8499907,7.101,675108000,1212600000,79.5803,
600273.SH,嘉化能源,2007-04-06,4.714,4.8999,4.6634,4.8323,8048404,6.7238,684684000,1229800000,80.7091,
600273.SH,嘉化能源,2007-04-09,4.8661,4.9168,4.807,4.8492,8154347,6.8123,687078000,1234100000,80.9913,
600273.SH,嘉化能源,2007-04-10,4.8999,4.8999,4.6634,4.8154,8395496,7.0138,682290000,1225500000,80.4269,
600273.SH,嘉化能源,2007-04-11,4.807,5.2547,4.7901,5.1534,16228618,13.5577,730170000,1311500000,86.0709,
600273.SH,嘉化能源,2007-04-12,5.0942,5.3054,5.0266,5.1618,10712813,8.9497,731367000,1313650000,86.212,
600273.SH,嘉化能源,2007-04-13,5.1534,5.449,5.0858,5.1618,9620476,8.0372,731367000,1313650000,86.212,
600273.SH,嘉化能源,2007-04-16,5.1702,5.4237,5.1702,5.3815,8630634,7.2102,762489000,1369550000,89.8806,
600273.SH,嘉化能源,2007-04-17,5.4068,5.9221,5.3308,5.9221,14919327,12.4639,839097000,1507150000,98.911,
600273.SH,嘉化能源,2007-04-18,5.9559,6.3276,5.8376,6.0489,12376853,10.3399,857052000,1539400000,101.0275,
600273.SH,嘉化能源,2007-04-19,6.0489,6.0489,5.4406,5.5758,10942042,9.1412,790020000,1419000000,93.1259,
600273.SH,嘉化能源,2007-04-20,5.5673,5.9813,5.5673,5.9137,8608802,7.192,837900000,1505000000,98.7699,
600273.SH,嘉化能源,2007-04-23,5.9644,6.2263,5.9644,6.2263,8853181,7.3961,882189000,1584550000,103.2569,
600273.SH,嘉化能源,2007-04-24,6.3361,6.505,6.1333,6.3192,10607405,8.8617,895356000,1608200000,104.798,
600273.SH,嘉化能源,2007-04-25,6.2938,6.3023,6.0235,6.2347,7580719,6.3331,883386000,1586700000,103.397,
600273.SH,嘉化能源,2007-04-26,6.277,6.6318,6.2601,6.5219,9303142,7.772,924084000,1659800000,108.1605,
600273.SH,嘉化能源,2007-04-27,6.5304,6.75,6.4375,6.4966,7219927,6.0317,920493000,1653350000,107.7402,
600273.SH,嘉化能源,2007-04-30,6.505,6.5895,6.2178,6.4797,7831326,6.5425,918099000,1649050000,107.46,
600273.SH,嘉化能源,2007-05-08,6.6571,7.0119,6.5473,6.9866,10975575,9.1692,989919000,1778050000,115.8663,
600273.SH,嘉化能源,2007-05-09,7.0542,7.654,6.7585,7.5019,15682451,13.1015,1062936000,1909200000,124.4126,
600273.SH,嘉化能源,2007-05-10,7.5188,7.8652,7.3668,7.7554,11940232,9.9751,1098846000,1973700000,128.6158,
600273.SH,嘉化能源,2007-05-11,7.6033,8.5326,7.5188,8.5326,15234824,12.7275,1208970000,2171500000,141.5053,
600273.SH,嘉化能源,2007-05-14,8.2792,9.2929,8.1524,8.8114,18925239,15.8106,1248471000,2242450000,146.1288,
600273.SH,嘉化能源,2007-05-15,8.7354,8.9212,8.1947,8.2454,10704642,8.9429,1168272000,2098400000,136.7418,
600273.SH,嘉化能源,2007-05-16,8.1271,8.4481,7.6033,8.389,9341687,6.9578,1333221660,2134950000,139.1236,
600273.SH,嘉化能源,2007-05-17,8.4059,8.8705,8.2792,8.71,8502848,6.333,1384241220,2216650000,144.4475,
600273.SH,嘉化能源,2007-05-18,8.7016,8.8705,8.5326,8.6086,7136585,5.3154,1368129780,2190850000,142.7663,
600273.SH,嘉化能源,2007-05-21,8.1609,8.8705,8.1102,8.7354,9098366,6.7766,1388269080,2223100000,144.8678,
600273.SH,嘉化能源,2007-05-22,8.7354,9.2507,8.6171,8.9888,11152685,8.3067,1428547680,2287600000,149.071,
600273.SH,嘉化能源,2007-05-23,8.9888,9.8843,8.9803,9.6477,13564154,10.1027,1533272040,2455300000,159.9991,
600273.SH,嘉化能源,2007-05-24,9.6309,10.1208,9.4788,9.9688,14278563,10.6349,1584291600,2537000000,165.3231,
600273.SH,嘉化能源,2007-05-25,10.011,10.9403,9.8083,10.9319,14283127,10.6382,1737350280,2782100000,181.295,
600273.SH,嘉化能源,2007-05-28,11.236,11.6077,10.5686,10.7291,17913380,13.3421,1705127400,2730500000,177.9325,
600273.SH,嘉化能源,2007-05-29,10.6531,11.067,10.6024,10.991,11350238,8.4538,1746748620,2797150000,182.2757,
600273.SH,嘉化能源,2007-05-30,9.9096,10.7207,9.8927,9.8927,12734153,9.4846,1572208020,2517650000,164.0621,
600273.SH,嘉化能源,2007-05-31,9.2507,9.5041,8.9043,8.9043,11952146,8.9021,1415121480,2266100000,147.6699,
600273.SH,嘉化能源,2007-06-01,8.5326,9.0226,8.0173,8.0173,10222702,7.614,1274146380,2040350000,132.959,
600273.SH,嘉化能源,2007-06-04,7.9243,7.9243,7.2147,7.2147,9386940,6.9915,1146597480,1836100000,119.6491,
600273.SH,嘉化能源,2007-06-05,6.5557,7.6033,6.4966,7.578,13678832,10.1882,1204330140,1928550000,125.6736,
600273.SH,嘉化能源,2007-06-06,7.4766,7.8821,7.1893,7.5104,9791208,7.2926,1193589180,1911350000,124.5527,
600273.SH,嘉化能源,2007-06-07,7.5188,7.9074,7.3668,7.8821,7876026,5.8662,1252664460,2005950000,130.7173,
600273.SH,嘉化能源,2007-06-08,7.8399,7.9835,7.6286,7.7047,8810484,6.5622,1224469440,1960800000,127.7751,
600273.SH,嘉化能源,2007-06-11,7.6709,7.7638,7.4428,7.5357,6613371,4.9257,1197617040,1917800000,124.973,
600273.SH,嘉化能源,2007-06-12,7.5442,8.2876,7.5442,8.2876,13500517,10.0554,1317110220,2109150000,137.4423,
600273.SH,嘉化能源,2007-06-13,8.4481,9.1155,8.4059,9.0141,15697108,11.6914,1432575540,2294050000,149.4913,
600273.SH,嘉化能源,2007-06-14,9.0733,9.2084,8.3721,8.4904,9093071,6.7726,1349333100,2160750000,140.8048,
600273.SH,嘉化能源,2007-06-15,8.4481,8.7016,8.1778,8.3467,5875204,4.3759,1326508560,2124200000,138.423,
600273.SH,嘉化能源,2007-06-18,8.5495,9.1831,8.5495,9.1831,11107166,8.2728,1459427940,2337050000,152.2934,
600273.SH,嘉化能源,2007-06-19,9.369,9.8843,9.1324,9.4703,25414397,18.929,1505077020,2410150000,157.0569,
600273.SH,嘉化能源,2007-06-20,9.2845,9.7576,8.9381,9.124,12386603,9.2257,1450029600,2322000000,151.3126,
600273.SH,嘉化能源,2007-06-21,9.0057,9.3183,8.3636,8.7354,7101724,5.2895,1388269080,2223100000,144.8678,
600273.SH,嘉化能源,2007-06-22,8.7185,8.8705,7.8652,7.9328,9066408,6.7528,1260720180,2018850000,131.5579,
600273.SH,嘉化能源,2007-06-25,7.7131,8.2369,7.1387,7.1471,6678030,4.9739,1135856520,1818900000,118.5282,
600273.SH,嘉化能源,2007-06-26,7.0035,7.5864,6.505,7.4935,6146990,4.5784,1190903940,1907050000,124.2725,
600273.SH,嘉化能源,2007-06-27,7.4428,8.2454,7.4428,8.2454,3245357,2.4172,1310397120,2098400000,136.7418,
600273.SH,嘉化能源,2007-06-28,8.2454,8.2454,8.2454,8.2454,--,--,1310397120,2098400000,136.7418,
600273.SH,嘉化能源,2007-06-29,8.2454,8.2454,8.2454,8.2454,--,--,1310397120,2098400000,136.7418,
600273.SH,嘉化能源,2007-07-02,8.0426,8.0426,7.4174,7.5188,6838394,5.0933,1194931800,1913500000,124.6928,
600273.SH,嘉化能源,2007-07-03,7.5864,7.7554,6.9275,7.4681,3787236,2.8208,1186876080,1900600000,123.8522,
600273.SH,嘉化能源,2007-07-04,7.6033,7.823,7.1133,7.5949,3668633,2.7324,1207015380,1932850000,125.9538,
600273.SH,嘉化能源,2007-07-05,7.333,7.5104,6.8345,6.8345,2992381,2.2288,1086179580,1739350000,113.3444,
600273.SH,嘉化能源,2007-07-06,6.7585,7.2485,6.1756,7.1049,5494137,4.0921,1129143420,1808150000,117.8277,
600273.SH,嘉化能源,2007-07-09,7.2147,7.3245,6.8852,7.1133,4705942,3.505,1130486040,1810300000,117.9678,
600273.SH,嘉化能源,2007-07-10,7.0964,7.1133,6.4882,6.6064,3708342,2.762,1049928840,1681300000,109.5616,
600273.SH,嘉化能源,2007-07-11,6.5895,7.0795,6.4628,6.8768,2497331,1.86,1092892680,1750100000,114.0449,
600273.SH,嘉化能源,2007-07-12,6.995,6.995,6.6994,6.75,1769063,1.3176,1072753380,1717850000,111.9433,
600273.SH,嘉化能源,2007-07-13,6.75,6.8852,6.6825,6.8599,2175082,1.62,1090207440,1745800000,113.7647,
600273.SH,嘉化能源,2007-07-16,6.843,7.3668,6.843,7.1387,4845363,3.6089,1134513900,1816750000,118.3881,
600273.SH,嘉化能源,2007-07-17,7.1471,7.8567,7.1471,7.8567,6832739,5.0891,1248636600,1999500000,130.297,
600273.SH,嘉化能源,2007-07-18,7.9412,8.1778,7.6709,7.73,6592006,4.9098,1228497300,1967250000,128.1954,
600273.SH,嘉化能源,2007-07-19,7.6118,8.4312,7.6118,8.22,5561828,4.1425,1306369260,2091950000,136.3215,
600273.SH,嘉化能源,2007-07-20,7.9666,8.6171,7.9666,8.4397,8895791,6.6257,1341277380,2147850000,139.9642,
600273.SH,嘉化能源,2007-07-23,8.3214,8.7438,8.3214,8.6593,6964193,5.187,1376185500,2203750000,143.6069,
600273.SH,嘉化能源,2007-07-24,8.6593,9.369,8.4481,8.8029,8305415,6.186,1399010040,2240300000,145.9887,
600273.SH,嘉化能源,2007-07-25,8.8284,9.3802,8.8199,9.1764,6104509,4.5467,1451372220,2324150000,151.4527,
600273.SH,嘉化能源,2007-07-26,9.1255,9.3632,8.9982,9.2613,6001780,4.4702,1464798420,2345650000,152.8538,
600273.SH,嘉化能源,2007-07-27,9.2613,9.8301,9.0831,9.6943,5680934,4.2312,1533272040,2455300000,159.9991,
600273.SH,嘉化能源,2007-07-30,9.7707,10.5092,9.6603,9.9065,10688935,7.9613,1566837540,2509050000,163.5017,
600273.SH,嘉化能源,2007-07-31,9.6348,9.932,9.168,9.6518,9959200,7.4177,1526558940,2444550000,159.2986,
600273.SH,嘉化能源,2007-08-01,9.6433,9.6433,8.7181,8.735,6355076,4.7333,1381555980,2212350000,144.1673,
600273.SH,嘉化能源,2007-08-02,8.5737,9.168,8.5737,8.9812,5473946,4.0771,1420491960,2274700000,148.2303,
600273.SH,嘉化能源,2007-08-03,8.9812,9.7792,8.8963,9.2274,9810929,7.3073,1459427940,3424050000,152.2934,
600273.SH,嘉化能源,2007-08-06,9.2104,9.3377,8.9133,8.9897,7305854,5.4415,1421834580,3335850000,148.3705,
600273.SH,嘉化能源,2007-08-07,8.9982,9.8895,8.786,9.1,12344964,9.1947,1439288640,3376800000,150.1918,
600273.SH,嘉化能源,2007-08-08,8.9812,8.9982,8.404,8.7096,5348234,3.9834,1377528120,3231900000,143.747,
600273.SH,嘉化能源,2007-08-09,8.4125,8.6841,8.37,8.4549,5776818,4.3026,1337249520,3137400000,139.5439,
600273.SH,嘉化能源,2007-08-10,8.4464,8.6926,8.1917,8.3276,5028876,3.7456,1317110220,3090150000,137.4423,
600273.SH,嘉化能源,2007-08-13,8.3191,8.4294,7.8097,7.9031,4607371,3.4316,1249979220,2932650000,130.4371,
600273.SH,嘉化能源,2007-08-14,8.1069,8.6926,8.1069,8.6926,6517421,4.8543,1374842880,3225600000,210.1956,
600273.SH,嘉化能源,2007-08-15,8.8454,8.8708,8.3191,8.5058,4298794,3.2018,1345305240,3156300000,205.6796,
600273.SH,嘉化能源,2007-08-16,8.2766,8.4549,8.1493,8.3615,3337676,2.4859,1322480700,3102750000,202.19,
600273.SH,嘉化能源,2007-08-17,8.3191,8.6586,8.2087,8.4973,3387276,2.5229,1343962620,3153150000,205.4744,
600273.SH,嘉化能源,2007-08-20,8.5907,8.8793,8.4125,8.7096,5593138,4.1658,1377528120,3231900000,292.7445,
600273.SH,嘉化能源,2007-08-21,8.735,9.0406,8.5568,8.6077,4422063,3.2936,1361416680,3194100000,289.3206,
600273.SH,嘉化能源,2007-08-22,8.4549,8.5653,8.3191,8.4634,5235742,3.8996,1338592140,3140550000,284.47,
600273.SH,嘉化能源,2007-08-23,8.4889,9.1255,8.4634,8.6162,5465049,4.0704,1362759300,3197250000,289.6059,
600273.SH,嘉化能源,2007-08-24,8.6162,8.769,8.3615,8.6162,6771778,5.0437,1362759300,3197250000,289.6059,
600273.SH,嘉化能源,2007-08-27,8.7265,8.7265,8.387,8.6247,9191548,6.846,1364101920,3200400000,289.8912,
600273.SH,嘉化能源,2007-08-28,8.5737,8.5737,8.2681,8.3955,5548593,4.1327,1327851180,3115350000,282.1874,
600273.SH,嘉化能源,2007-08-29,8.3785,8.4889,7.9541,8.3955,9134885,6.8038,1327851180,3115350000,282.1874,
600273.SH,嘉化能源,2007-08-30,8.4719,8.7011,8.3191,8.6586,7523167,5.6033,1369472400,3213000000,291.0325,
600273.SH,嘉化能源,2007-08-31,8.7435,9.0746,8.5737,8.8878,8551337,6.3691,1405723140,3298050000,298.7363,
600273.SH,嘉化能源,2007-09-03,8.9982,9.4651,8.9982,9.0576,9725571,7.2437,1432575540,3361050000,304.4428,
600273.SH,嘉化能源,2007-09-04,9.0746,9.151,8.6756,8.7265,7987260,5.949,1380213360,3238200000,293.3151,
600273.SH,嘉化能源,2007-09-05,8.735,9.2444,8.6586,8.8539,6637566,4.9437,1400352660,3285450000,297.595,
600273.SH,嘉化能源,2007-09-06,8.8284,9.0831,8.6926,8.786,6579458,4.9005,1389611700,3260250000,295.3124,
600273.SH,嘉化能源,2007-09-07,8.7011,8.7096,8.3445,8.404,6158457,4.5869,1329193800,3118500000,282.4727,
600273.SH,嘉化能源,2007-09-10,8.4125,8.7011,8.0474,8.6162,5476337,4.0788,1362759300,3197250000,289.6059,
600273.SH,嘉化能源,2007-09-11,8.4889,8.7011,7.7758,7.8861,3763260,2.8029,1247293980,2926350000,265.0678,
600273.SH,嘉化能源,2007-09-12,7.9116,8.1153,7.5636,7.9201,4059596,3.0236,1252664460,2938950000,266.2092,
600273.SH,嘉化能源,2007-09-13,7.9371,7.9541,7.6485,7.8607,3478648,2.5909,1243266120,2916900000,264.2119,
600273.SH,嘉化能源,2007-09-14,7.8437,8.3276,7.8097,8.005,4268861,3.1795,1266090660,2970450000,269.0624,
600273.SH,嘉化能源,2007-09-17,8.0899,8.1917,7.8522,8.1578,4595359,3.4227,1290257820,3027150000,274.1983,
600273.SH,嘉化能源,2007-09-18,8.0644,8.4379,7.8946,8.4294,5542259,4.1279,1333221660,3127950000,283.3287,
600273.SH,嘉化能源,2007-09-19,8.6162,8.6586,8.0644,8.5228,7513648,5.5963,1347990480,3162600000,286.4673,
600273.SH,嘉化能源,2007-09-20,8.5737,8.9133,8.4973,8.6077,6280349,4.6777,1361416680,3194100000,289.3206,
600273.SH,嘉化能源,2007-09-21,8.6332,8.6417,8.0135,8.2087,3524080,2.6248,1298313540,3046050000,275.9102,
600273.SH,嘉化能源,2007-09-24,8.1069,8.2427,7.9795,8.0389,2685332,2.0001,1271461140,2983050000,270.2037,
600273.SH,嘉化能源,2007-09-25,8.0389,8.2087,7.8777,8.0984,1967342,1.4653,1280859480,3005100000,272.201,
600273.SH,嘉化能源,2007-09-26,7.8946,8.1493,7.7503,7.8437,2767728,2.0614,1240580880,2910600000,263.6412,
600273.SH,嘉化能源,2007-09-27,7.7079,7.9371,7.7079,7.7758,2071529,1.5429,1229839920,2885400000,261.3586,
600273.SH,嘉化能源,2007-09-28,7.8522,7.9456,7.7164,7.8437,2905626,2.1641,1240580880,2910600000,263.6412,
600273.SH,嘉化能源,2007-10-08,7.9795,8.005,7.7249,7.8097,2166317,1.6135,1235210400,2898000000,262.4999,
600273.SH,嘉化能源,2007-10-09,7.7758,7.8692,7.6485,7.7928,3240046,2.4132,1232525160,2891700000,261.9293,
600273.SH,嘉化能源,2007-10-10,7.8013,7.8692,7.6994,7.8097,2798859,2.0846,1235210400,2898000000,262.4999,
600273.SH,嘉化能源,2007-10-11,7.8182,7.8522,7.3004,7.4277,4673792,3.4811,1174792500,2756250000,249.6602,
600273.SH,嘉化能源,2007-10-12,7.4277,7.4532,6.7062,7.1561,4704585,3.504,1131828660,2655450000,240.5298,
600273.SH,嘉化能源,2007-10-15,7.1561,7.2749,6.7232,6.8845,3856763,2.8726,1088864820,2554650000,231.3994,
600273.SH,嘉化能源,2007-10-16,7.0457,7.207,6.8929,7.0373,3650240,2.7187,1113031980,2611350000,236.5352,
600273.SH,嘉化能源,2007-10-17,6.9354,7.1901,6.9354,7.0797,2623066,1.9537,1119745080,2627100000,237.9619,
600273.SH,嘉化能源,2007-10-18,6.9693,7.4023,6.9184,7.2919,5648331,4.2069,1153310580,2705850000,245.095,
600273.SH,嘉化能源,2007-10-19,7.1816,7.3004,6.7996,7.0542,3612541,2.6907,1115717220,2617650000,237.1059,
600273.SH,嘉化能源,2007-10-22,7.207,7.207,6.7911,6.8505,4750398,3.5382,1083494340,2542050000,93.5795,
600273.SH,嘉化能源,2007-10-23,6.8845,7.0033,6.6213,6.8165,4022147,2.9957,1078123860,2529450000,93.1156,
600273.SH,嘉化能源,2007-10-24,6.7741,6.9524,6.443,6.6637,4167254,3.1038,1053956700,2472750000,91.0284,
600273.SH,嘉化能源,2007-10-25,6.5025,6.6298,6.0016,6.0016,3636766,2.7087,949232340,2227050000,81.9835,
600273.SH,嘉化能源,2007-10-26,6.0016,6.2818,5.8149,6.1629,3144215,2.3419,974742120,2286900000,84.1867,
600273.SH,嘉化能源,2007-10-29,6.2223,6.5704,6.2223,6.4345,2271534,1.6919,1017705960,2387700000,87.8974,
600273.SH,嘉化能源,2007-10-30,6.5194,6.9948,6.2648,6.9354,4650095,3.4634,1096920540,2573550000,94.7391,
600273.SH,嘉化能源,2007-10-31,6.9439,7.0967,6.7996,6.9948,3805471,2.8344,1106318880,2595600000,95.5508,
600273.SH,嘉化能源,2007-11-01,7.0457,7.3004,6.6637,7.1137,5530260,4.119,1125115560,2639700000,97.1742,
600273.SH,嘉化能源,2007-11-02,7.0882,7.2834,6.8165,6.9693,3039722,2.264,1102291020,2586150000,95.2029,
600273.SH,嘉化能源,2007-11-05,6.9524,7.1561,6.7911,7.0712,1886192,1.4049,1118402460,2623950000,96.5944,
600273.SH,嘉化能源,2007-11-06,7.0797,7.4957,6.9184,7.3513,5115446,3.81,1162708920,2727900000,100.4211,
600273.SH,嘉化能源,2007-11-07,7.3513,7.4023,6.876,7.1306,2989473,2.2266,1127800800,2646000000,97.4061,
600273.SH,嘉化能源,2007-11-08,7.0457,7.2155,6.7996,6.9354,4032392,3.0034,1096920540,2573550000,94.7391,
600273.SH,嘉化能源,2007-11-09,6.5958,7.0967,6.5958,6.9014,3314797,2.4689,1091550060,2560950000,94.2752,
600273.SH,嘉化能源,2007-11-12,6.7911,7.1731,6.7826,7.0118,3283819,2.4458,1109004120,2601900000,95.7827,
600273.SH,嘉化能源,2007-11-13,7.1137,7.2749,6.876,7.1221,3733245,2.7806,1126458180,2642850000,97.2902,
600273.SH,嘉化能源,2007-11-14,7.2155,7.4108,7.1221,7.3344,5005165,3.7279,1160023680,2721600000,100.1892,
600273.SH,嘉化能源,2007-11-15,7.2155,7.3683,6.9863,7.0882,3034587,2.2602,1121087700,2630250000,96.8263,
600273.SH,嘉化能源,2007-11-16,6.9354,7.0373,6.7911,6.9863,4629396,3.448,1104976260,2592450000,95.4348,
600273.SH,嘉化能源,2007-11-19,6.9609,7.1731,6.8335,7.0967,2819152,2.0997,1122430320,2633400000,96.9423,
600273.SH,嘉化能源,2007-11-20,7.0457,7.2919,6.9184,7.2834,5945528,4.4283,1151967960,2702700000,99.4934,
600273.SH,嘉化能源,2007-11-21,7.2749,7.2749,6.9948,7.0288,2967205,2.21,1111689360,2608200000,96.0146,
600273.SH,嘉化能源,2007-11-22,6.9524,6.9863,6.7062,6.7486,3204362,2.3866,1067382900,2504250000,92.1879,
600273.SH,嘉化能源,2007-11-23,6.6892,6.842,6.5364,6.825,1978512,1.4736,1079466480,2532600000,93.2316,
600273.SH,嘉化能源,2007-11-26,6.859,6.9184,6.5619,6.6298,2387513,1.7782,1048586220,2460150000,90.5645,
600273.SH,嘉化能源,2007-11-27,6.5364,6.6637,6.477,6.5109,1837228,1.3684,1029789540,2416050000,88.9411,
600273.SH,嘉化能源,2007-11-28,6.5025,6.5958,6.1969,6.3666,2039781,1.5193,1006965000,2362500000,86.9698,
600273.SH,嘉化能源,2007-11-29,6.4345,6.6213,6.2987,6.5534,1521869,1.1335,1036502640,2431800000,89.5209,
600273.SH,嘉化能源,2007-11-30,6.5534,6.5534,6.2563,6.2818,2002881,1.4918,993538800,2331000000,85.8102,
600273.SH,嘉化能源,2007-12-03,6.2818,6.3581,6.0865,6.3157,1190520,0.8867,998909280,2343600000,86.274,
600273.SH,嘉化能源,2007-12-04,6.3666,6.4261,6.2223,6.2733,1767807,1.3167,992196180,2327850000,85.6942,
600273.SH,嘉化能源,2007-12-05,6.2733,6.6977,6.1969,6.6298,6878375,5.1231,1048586220,2460150000,90.5645,
600273.SH,嘉化能源,2007-12-06,6.5789,6.6043,6.3836,6.5279,3904951,2.9085,1032474780,2422350000,89.173,
600273.SH,嘉化能源,2007-12-07,6.5364,6.6383,6.4176,6.5704,2495353,1.8586,1039187880,2438100000,89.7528,
600273.SH,嘉化能源,2007-12-10,6.477,6.6722,6.4176,6.6298,4756866,3.543,1048586220,2460150000,90.5645,
600273.SH,嘉化能源,2007-12-11,6.6298,6.8335,6.5873,6.8165,5038857,3.753,1078123860,2529450000,93.1156,
600273.SH,嘉化能源,2007-12-12,6.7317,6.8081,6.6383,6.7911,3108477,2.2402,1110080000,2520000000,92.7677,
600273.SH,嘉化能源,2007-12-13,6.6892,6.859,6.6213,6.6977,4470983,3.2221,1094816400,2485350000,91.4922,
600273.SH,嘉化能源,2007-12-14,6.5619,6.9269,6.46,6.859,5341678,3.8496,1121180800,2545200000,93.6954,
600273.SH,嘉化能源,2007-12-17,6.9609,7.1137,6.8675,6.9524,6827689,4.9205,1136444400,2579850000,94.971,
600273.SH,嘉化能源,2007-12-18,6.9354,7.0118,6.6637,6.7062,2812078,2.0266,1096204000,2488500000,91.6081,
600273.SH,嘉化能源,2007-12-19,6.842,6.9014,6.7062,6.8505,2601502,1.8748,1119793200,2542050000,93.5795,
600273.SH,嘉化能源,2007-12-20,6.9184,7.0797,6.8675,6.9778,3968560,2.86,1140607200,2589300000,95.3189,
600273.SH,嘉化能源,2007-12-21,6.9778,6.9778,6.9778,6.9778,--,--,1140607200,2589300000,95.3189,
600273.SH,嘉化能源,2007-12-24,6.9778,6.9778,6.9778,6.9778,--,--,1140607200,2589300000,95.3189,
600273.SH,嘉化能源,2007-12-25,6.9778,6.9778,6.9778,6.9778,--,--,1140607200,2589300000,95.3189,
600273.SH,嘉化能源,2007-12-26,6.9778,6.9778,6.9778,6.9778,--,--,1140607200,2589300000,95.3189,
600273.SH,嘉化能源,2007-12-27,6.9778,6.9778,6.9778,6.9778,--,--,1140607200,2589300000,95.3189,
600273.SH,嘉化能源,2007-12-28,7.1985,7.6739,7.0118,7.207,13918984,10.031,1178072400,2674350000,98.4498,
600273.SH,嘉化能源,2008-01-02,7.258,7.4872,7.0712,7.4617,7139687,5.1453,1219700400,2768850000,101.9286,
600273.SH,嘉化能源,2008-01-03,7.4532,7.6315,7.3768,7.5975,6452021,4.6498,1241902000,2819250000,103.7839,
600273.SH,嘉化能源,2008-01-04,7.5551,7.7673,7.3938,7.7588,7445396,5.3657,1268266400,2879100000,105.9871,
600273.SH,嘉化能源,2008-01-07,7.7418,7.8437,7.64,7.7758,5988802,4.3159,1271041600,2885400000,106.2191,
600273.SH,嘉化能源,2008-01-08,7.7843,7.8097,7.3683,7.4277,6678488,4.813,1214150000,2756250000,101.4647,
600273.SH,嘉化能源,2008-01-09,7.3853,7.6909,7.3853,7.6739,3576674,2.5776,1254390400,2847600000,104.8276,
600273.SH,嘉化能源,2008-01-10,7.6994,7.8013,7.5551,7.6315,5356737,3.8604,1247452400,2831850000,104.2477,
600273.SH,嘉化能源,2008-01-11,7.589,7.6315,7.3683,7.4957,3220986,2.3213,1225250800,2781450000,102.3924,
600273.SH,嘉化能源,2008-01-14,7.5126,7.6824,7.3853,7.6654,4152666,2.9927,1253002800,2844450000,104.7116,
600273.SH,嘉化能源,2008-01-15,7.7164,7.9201,7.6485,7.8437,7432844,5.3566,1282142400,2910600000,107.1467,
600273.SH,嘉化能源,2008-01-16,7.8692,7.8692,7.4957,7.5211,4589194,3.3073,1229413600,2790900000,102.7403,
600273.SH,嘉化能源,2008-01-17,7.5211,7.7249,7.1137,7.3853,4015151,2.8936,1207212000,2740500000,100.8849,
600273.SH,嘉化能源,2008-01-18,7.3853,7.7418,7.3853,7.7079,3759436,2.7093,1259940800,2860200000,105.2914,
600273.SH,嘉化能源,2008-01-21,7.7758,8.1153,7.64,7.7928,10385201,7.4843,1273816800,2891700000,106.451,
600273.SH,嘉化能源,2008-01-22,7.64,7.64,7.0118,7.0118,6119263,4.41,1146157600,2601900000,95.7827,
600273.SH,嘉化能源,2008-01-23,6.859,7.2749,6.6468,7.1561,5736635,4.1342,1169746800,2655450000,97.754,
600273.SH,嘉化能源,2008-01-24,7.1137,7.3768,7.0627,7.2919,4823526,3.4762,1191948400,2705850000,99.6094,
600273.SH,嘉化能源,2008-01-25,7.2495,7.4787,7.0882,7.4277,4109110,2.9613,1214150000,2756250000,101.4647,
600273.SH,嘉化能源,2008-01-28,7.3429,8.0644,7.1985,7.9541,22140393,15.9559,1300181200,2951550000,108.6542,
600273.SH,嘉化能源,2008-01-29,7.9031,8.3191,7.6569,8.2766,21980728,15.8408,1352910000,3071250000,113.0607,
600273.SH,嘉化能源,2008-01-30,9.1085,9.1085,7.7333,7.7843,13819884,9.9596,1272429200,2888550000,106.335,
600273.SH,嘉化能源,2008-01-31,7.6654,7.8777,7.0033,7.0033,9051338,6.523,1144770000,2598750000,95.6667,
600273.SH,嘉化能源,2008-02-01,6.8845,7.0203,6.3072,6.3836,7368905,5.3105,1043475200,2368800000,87.2017,
600273.SH,嘉化能源,2008-02-04,6.6892,6.9439,6.6213,6.9099,4875357,3.5135,1129506400,2564100000,94.3912,
600273.SH,嘉化能源,2008-02-05,6.7911,6.9184,6.5789,6.7571,3970296,2.8613,1104529600,2507400000,92.3039,
600273.SH,嘉化能源,2008-02-13,6.6298,6.876,6.5873,6.7401,2366758,1.7056,1101754400,2501100000,92.072,
600273.SH,嘉化能源,2008-02-14,6.7656,6.9863,6.7656,6.9524,2713833,1.9558,1136444400,2579850000,94.971,
600273.SH,嘉化能源,2008-02-15,6.9099,6.9099,6.6637,6.7996,3441094,2.4799,1111467600,2523150000,92.8837,
600273.SH,嘉化能源,2008-02-18,6.859,7.0797,6.8165,7.0203,3834149,2.7632,1147545200,2605050000,95.8987,
600273.SH,嘉化能源,2008-02-19,7.0203,7.258,6.9524,7.207,3953551,2.8492,1178072400,2674350000,98.4498,
600273.SH,嘉化能源,2008-02-20,7.1901,7.2665,7.0457,7.1052,3561308,2.5665,1161421200,2636550000,97.0583,
600273.SH,嘉化能源,2008-02-21,7.0882,7.1901,6.7911,7.1221,3649329,2.63,1164196400,2642850000,97.2902,
600273.SH,嘉化能源,2008-02-22,7.1985,7.3429,6.9863,7.224,6755900,4.8688,1180847600,2680650000,98.6817,
600273.SH,嘉化能源,2008-02-25,7.3174,7.3429,6.876,6.8929,3827687,2.7585,1126731200,2557800000,94.1593,
600273.SH,嘉化能源,2008-02-26,7.0712,7.1137,6.6128,6.9354,3209232,2.3128,1133669200,2573550000,94.7391,
600273.SH,嘉化能源,2008-02-27,6.9524,7.241,6.7911,7.2155,3146831,2.2678,1179460000,2677500000,98.5657,
600273.SH,嘉化能源,2008-02-28,7.2155,7.5721,7.1306,7.4617,9028813,6.5068,1219700400,2768850000,101.9286,
600273.SH,嘉化能源,2008-02-29,7.5721,7.5721,7.3089,7.3768,9019262,6.4999,1205824400,2737350000,100.769,
600273.SH,嘉化能源,2008-03-03,7.3853,7.5466,7.1816,7.5381,5278237,3.8039,1232188800,2797200000,102.9722,
600273.SH,嘉化能源,2008-03-04,7.5381,7.7249,7.4193,7.4702,5617087,4.0481,1221088000,2772000000,102.0445,
600273.SH,嘉化能源,2008-03-05,7.4702,7.8437,7.4702,7.7503,6614441,4.7668,1266878800,2875950000,105.8712,
600273.SH,嘉化能源,2008-03-06,7.8097,7.9286,7.6145,7.7333,5366855,3.8677,1264103600,2869650000,105.6393,
600273.SH,嘉化能源,2008-03-07,7.6909,7.8946,7.4277,7.4787,3608803,2.6008,1222475600,2775150000,102.1605,
600273.SH,嘉化能源,2008-03-10,7.4277,7.4532,7.0033,7.0712,2570922,1.8528,1155870800,2623950000,96.5944,
600273.SH,嘉化能源,2008-03-11,7.0373,7.3598,6.9778,7.3004,2057376,1.4827,1193336000,2709000000,99.7253,
600273.SH,嘉化能源,2008-03-12,7.4532,7.4532,7.0288,7.1476,1969496,1.4194,1168359200,2652300000,97.638,
600273.SH,嘉化能源,2008-03-13,7.0373,7.1816,6.5958,6.8081,2908988,2.0964,1112855200,2526300000,92.9997,
600273.SH,嘉化能源,2008-03-14,6.7656,6.9014,6.6977,6.842,986985,0.7113,1118405600,2538900000,93.4635,
600273.SH,嘉化能源,2008-03-17,6.8165,6.859,6.1544,6.1544,3748047,2.7011,1006010000,2283750000,84.0708,
600273.SH,嘉化能源,2008-03-18,5.8488,6.2308,5.5432,5.6026,3161806,2.2786,915816000,2079000000,76.5334,
600273.SH,嘉化能源,2008-03-19,5.7554,5.9252,5.5178,5.8149,5629042,4.0567,950506000,2157750000,79.4324,
600273.SH,嘉化能源,2008-03-20,5.6875,6.0271,5.2631,5.8998,5084766,3.6644,964382000,2189250000,80.592,
600273.SH,嘉化能源,2008-03-21,5.7724,6.1799,5.6875,6.1374,4958459,3.5734,1003234800,2277450000,83.8388,
600273.SH,嘉化能源,2008-03-24,6.112,6.1799,5.8828,5.8913,3533872,2.5468,962994400,2186100000,80.476,
600273.SH,嘉化能源,2008-03-25,5.9422,6.0101,5.6875,5.9082,3506987,2.5274,965769600,2192400000,80.7079,
600273.SH,嘉化能源,2008-03-26,5.9082,6.0271,5.8318,5.8913,2448520,1.7646,962994400,2186100000,80.476,
600273.SH,嘉化能源,2008-03-27,5.7385,5.8573,5.5432,5.6281,2930292,2.1118,919978800,2088450000,76.8813,
600273.SH,嘉化能源,2008-03-28,5.6026,5.8149,5.365,5.7979,2497113,1.7996,947730800,2151450000,79.2005,
600273.SH,嘉化能源,2008-03-31,5.6451,5.696,5.4329,5.4498,1808720,1.3035,890839200,2022300000,74.4461,
600273.SH,嘉化能源,2008-04-01,5.4583,5.5432,4.9575,4.983,2631208,1.8962,814521200,1849050000,68.0683,
600273.SH,嘉化能源,2008-04-02,5.0763,5.1358,4.6264,4.6774,2028412,1.4618,764567600,1735650000,63.8938,
600273.SH,嘉化能源,2008-04-03,4.7113,4.9235,4.4991,4.8641,2097064,1.5113,795094800,1804950000,66.4449,
600273.SH,嘉化能源,2008-04-07,4.8386,5.1273,4.7113,5.0763,1618977,1.1667,829784800,1883700000,69.3439,
600273.SH,嘉化能源,2008-04-08,5.0933,5.2376,5.0254,5.1188,2034395,1.4661,836722800,1899450000,69.9237,
600273.SH,嘉化能源,2008-04-09,5.1697,5.2037,4.8132,4.8386,2106038,1.5178,790932000,1795500000,66.097,
600273.SH,嘉化能源,2008-04-10,4.7368,4.9999,4.4906,4.9914,1860448,1.3408,815908800,1852200000,68.1843,
600273.SH,嘉化能源,2008-04-11,4.9914,5.0424,4.8471,4.9745,1726302,1.2441,813133600,1845900000,67.9524,
600273.SH,嘉化能源,2008-04-14,4.8386,4.8641,4.567,4.6264,2096857,1.5111,756242000,1716750000,63.198,
600273.SH,嘉化能源,2008-04-15,4.6264,4.7877,4.4821,4.7538,1689943,1.2179,777056000,1764000000,64.9374,
600273.SH,嘉化能源,2008-04-16,4.7113,4.7707,4.567,4.6604,1155613,0.8328,761792400,1729350000,63.6619,
600273.SH,嘉化能源,2008-04-17,4.6264,4.7028,4.2869,4.3633,2329229,1.6786,713226400,1619100000,59.6033,
600273.SH,嘉化能源,2008-04-18,4.6519,4.6519,3.9473,4.2869,2143059,1.5444,700738000,1590750000,58.5596,
600273.SH,嘉化能源,2008-04-21,4.584,4.584,4.168,4.185,1763800,1.2711,684086800,1552950000,57.1681,
600273.SH,嘉化能源,2008-04-22,4.2105,4.2529,3.8539,4.1595,1962014,1.414,679924000,1543500000,56.8202,
600273.SH,嘉化能源,2008-04-23,4.0831,4.4057,4.0831,4.3633,1741290,1.2549,713226400,1619100000,59.6033,
600273.SH,嘉化能源,2008-04-24,4.7707,4.7962,4.5925,4.7962,4294928,3.0952,783994000,1779750000,65.5172,
600273.SH,嘉化能源,2008-04-25,4.6689,4.8641,4.4991,4.6434,5107047,3.6805,759017200,1723050000,34.113,
600273.SH,嘉化能源,2008-04-28,4.55,4.6179,4.4142,4.4651,2765303,1.9929,729877600,1656900000,32.8034,
600273.SH,嘉化能源,2008-04-29,4.4142,4.567,4.4142,4.4906,1963642,1.4151,734040400,1666350000,32.9905,
600273.SH,嘉化能源,2008-04-30,4.4821,4.6604,4.4651,4.6349,2442650,1.7603,757629600,1719900000,34.0507,
600273.SH,嘉化能源,2008-05-05,4.6774,5.1018,4.6434,5.1018,8191055,5.903,833947600,1893150000,37.4807,
600273.SH,嘉化能源,2008-05-06,5.1188,5.5602,5.1103,5.3565,14948061,10.7726,875575600,1987650000,39.3516,
600273.SH,嘉化能源,2008-05-07,5.2631,5.2886,5.0084,5.0169,5856691,4.2207,820071600,1861650000,36.857,
600273.SH,嘉化能源,2008-05-08,5.0254,5.1782,4.932,5.1358,3289333,2.3705,839498000,1905750000,37.7301,
600273.SH,嘉化能源,2008-05-09,5.1442,5.1952,4.8386,4.9914,3559275,2.5651,815908800,1852200000,36.67,
600273.SH,嘉化能源,2008-05-12,4.8302,5.0848,4.8047,5.0254,2992983,2.1569,821459200,1864800000,36.9194,
600273.SH,嘉化能源,2008-05-13,4.7707,5.0424,4.7538,4.966,2963727,2.1359,811746000,1842750000,36.4829,
600273.SH,嘉化能源,2008-05-14,4.9999,5.2206,4.9914,5.1273,3116595,2.246,838110400,1902600000,37.6678,
600273.SH,嘉化能源,2008-05-15,5.1188,5.2376,5.0424,5.0594,4106018,2.9591,827009600,1877400000,37.1689,
600273.SH,嘉化能源,2008-05-16,5.0594,5.0678,4.8471,4.966,2608001,1.8795,811746000,1842750000,36.4829,
600273.SH,嘉化能源,2008-05-19,4.9745,5.0678,4.8896,5.0084,1292284,0.9313,818684000,1858500000,36.7947,
600273.SH,嘉化能源,2008-05-20,5.0169,5.0339,4.5076,4.5925,1996340,1.4387,750691600,1704150000,33.7388,
600273.SH,嘉化能源,2008-05-21,4.5415,4.7113,4.3208,4.6689,2871402,2.0693,763180000,1732500000,34.3001,
600273.SH,嘉化能源,2008-05-22,4.6094,5.1358,4.55,5.1358,5659707,4.0788,839498000,1905750000,37.7301,
600273.SH,嘉化能源,2008-05-23,5.2801,5.4414,4.8811,4.9999,9101835,6.5594,817296400,1855350000,36.7323,
600273.SH,嘉化能源,2008-05-26,4.7622,4.9235,4.55,4.601,4102420,2.9565,752079200,1707300000,33.8012,
600273.SH,嘉化能源,2008-05-27,4.567,4.6604,4.4906,4.6094,1335036,0.9621,753466800,1710450000,33.8636,
600273.SH,嘉化能源,2008-05-28,4.584,4.7538,4.5161,4.6943,1716095,1.2367,767342800,1741950000,34.4872,
600273.SH,嘉化能源,2008-05-29,4.6943,4.7962,4.584,4.5925,2034044,1.4659,750691600,1704150000,33.7388,
600273.SH,嘉化能源,2008-05-30,4.5925,4.5925,4.5925,4.5925,--,--,750691600,1704150000,33.7388,
600273.SH,嘉化能源,2008-06-02,4.5925,4.6519,4.5161,4.6179,1493717,1.0765,754854400,1713600000,33.9259,
600273.SH,嘉化能源,2008-06-03,4.6264,4.7453,4.55,4.6943,1613946,1.1631,767342800,1741950000,34.4872,
600273.SH,嘉化能源,2008-06-04,4.6604,4.6689,4.4651,4.567,1190867,0.8582,746528800,1694700000,33.5518,
600273.SH,嘉化能源,2008-06-05,4.584,4.6604,4.5076,4.6094,1312456,0.9458,753466800,1710450000,33.8636,
600273.SH,嘉化能源,2008-06-06,4.6519,4.7028,4.567,4.6094,853918,0.6154,753466800,1710450000,33.8636,
600273.SH,嘉化能源,2008-06-10,4.4227,4.4651,4.151,4.151,1272700,0.9172,678536400,1540350000,30.4959,
600273.SH,嘉化能源,2008-06-11,4.0662,4.151,3.9473,3.9473,1150983,0.8295,645234000,1464750000,28.9992,
600273.SH,嘉化能源,2008-06-12,3.9473,4.1171,3.82,3.9643,1368261,0.9861,648009200,1471050000,29.1239,
600273.SH,嘉化能源,2008-06-13,3.9473,4.0577,3.7351,3.7351,1435315,1.0344,610544000,1386000000,27.4401,
600273.SH,嘉化能源,2008-06-16,3.7436,3.7945,3.5314,3.6078,1135644,0.8184,589730000,1338750000,26.5046,
600273.SH,嘉化能源,2008-06-17,3.6417,3.6502,3.2682,3.3022,1767526,1.2738,539776400,1225350000,24.2595,
600273.SH,嘉化能源,2008-06-18,3.2767,3.5229,3.2088,3.5144,1869630,1.3474,574466400,1304100000,25.8186,
600273.SH,嘉化能源,2008-06-19,3.4719,3.4719,3.1663,3.1663,1777172,1.2808,517574800,1174950000,23.2617,
600273.SH,嘉化能源,2008-06-20,3.2088,3.3531,3.039,3.2003,1345593,0.9697,523125200,1187550000,23.5112,
600273.SH,嘉化能源,2008-06-23,3.1918,3.2937,3.1409,3.2343,1083342,0.7807,528675600,1200150000,23.7606,
600273.SH,嘉化能源,2008-06-24,3.2173,3.3955,3.1748,3.3701,1208955,0.8713,550877200,1250550000,24.7585,
600273.SH,嘉化能源,2008-06-25,3.3361,3.5314,3.3191,3.5229,2097092,1.5113,575854000,1307250000,25.881,
600273.SH,嘉化能源,2008-06-26,3.5229,3.6247,3.438,3.5653,2076103,1.4962,582792000,1323000000,26.1928,
600273.SH,嘉化能源,2008-06-27,3.5653,3.5653,3.5653,3.5653,--,--,582792000,1323000000,26.1928,
600273.SH,嘉化能源,2008-06-30,3.2512,3.4125,3.2258,3.3191,1639450,1.1815,542551600,1231650000,24.3843,
600273.SH,嘉化能源,2008-07-01,3.3107,3.3786,3.1579,3.1833,818172,0.5896,520350000,1181250000,23.3864,
600273.SH,嘉化能源,2008-07-02,3.1579,3.3531,3.1494,3.2427,723719,0.5216,530063200,1203300000,23.823,
600273.SH,嘉化能源,2008-07-03,3.2258,3.421,3.1069,3.3446,2133594,1.5376,546714400,1241100000,24.5714,
600273.SH,嘉化能源,2008-07-04,3.2682,3.3701,3.2597,3.3022,1352492,0.9747,539776400,1225350000,24.2595,
600273.SH,嘉化能源,2008-07-07,3.3107,3.5059,3.3022,3.4889,2548596,1.8367,570303600,1294650000,25.6315,
600273.SH,嘉化能源,2008-07-08,3.5144,3.7775,3.455,3.6927,5182771,3.7351,603606000,1370250000,27.1283,
600273.SH,嘉化能源,2008-07-09,3.82,3.8624,3.6163,3.7436,4713851,3.3971,611931600,1389150000,27.5025,
600273.SH,嘉化能源,2008-07-10,3.6757,3.82,3.6332,3.6757,4528539,3.2636,600830800,1363950000,27.0036,
600273.SH,嘉化能源,2008-07-11,3.7266,3.7266,3.5059,3.5738,2268851,1.6351,584179600,1326150000,26.2552,
600273.SH,嘉化能源,2008-07-14,3.5738,3.6683,3.5223,3.6683,1516016,1.0925,592505200,1345050000,26.6294,
600273.SH,嘉化能源,2008-07-15,3.6941,3.7456,3.5394,3.5996,2091400,1.5072,581404400,1319850000,26.1305,
600273.SH,嘉化能源,2008-07-16,3.5996,3.5996,3.359,3.5051,2082564,1.5008,566140800,1285200000,25.4445,
600273.SH,嘉化能源,2008-07-17,3.548,3.8229,3.5137,3.5738,3600622,2.5949,577241600,1310400000,25.9434,
600273.SH,嘉化能源,2008-07-18,3.5996,3.6855,3.4106,3.6511,2382424,1.7169,589730000,1338750000,26.5046,
600273.SH,嘉化能源,2008-07-21,3.5996,3.7972,3.5394,3.7542,3388908,2.4423,606381200,1376550000,27.253,
600273.SH,嘉化能源,2008-07-22,3.737,3.8573,3.7027,3.7972,3721457,2.6819,613319200,1392300000,27.5648,
600273.SH,嘉化能源,2008-07-23,3.8315,3.8573,3.6941,3.7113,2183390,1.5735,599443200,1360800000,26.9412,
600273.SH,嘉化能源,2008-07-24,3.737,3.8659,3.6941,3.8058,2667577,1.9224,614706800,1395450000,27.6272,
600273.SH,嘉化能源,2008-07-25,3.7972,4.0721,3.7628,3.9776,7646033,5.5103,642458800,1458450000,28.8745,
600273.SH,嘉化能源,2008-07-28,3.9346,4.3728,3.8831,4.3728,14495373,10.4464,706288400,1603350000,31.7432,
600273.SH,嘉化能源,2008-07-29,4.3212,4.3728,4.0807,4.0979,9076937,6.5415,661885200,1502550000,29.7476,
600273.SH,嘉化能源,2008-07-30,4.1752,4.3384,4.0034,4.0979,5720551,4.1226,661885200,1502550000,29.7476,
600273.SH,嘉化能源,2008-07-31,4.0979,4.1838,3.8401,3.8573,3831085,2.7609,623032400,1414350000,28.0014,
600273.SH,嘉化能源,2008-08-01,3.9432,4.1064,3.8401,3.9346,7299974,5.2609,635520800,1442700000,28.5626,
600273.SH,嘉化能源,2008-08-04,3.9089,3.9089,3.6855,3.7027,4324315,3.1164,598055600,1357650000,26.8788,
600273.SH,嘉化能源,2008-08-05,3.7027,3.737,3.5051,3.5223,3277019,2.3616,568916000,1291500000,25.5692,
600273.SH,嘉化能源,2008-08-06,3.5309,3.6254,3.3934,3.5652,2028449,1.4618,575854000,1307250000,25.881,
600273.SH,嘉化能源,2008-08-07,3.5566,3.5824,3.4535,3.5566,1971011,1.4204,574466400,1304100000,25.8186,
600273.SH,嘉化能源,2008-08-08,3.548,3.5566,3.2044,3.2044,3122800,2.2505,517574800,1174950000,23.2617,
600273.SH,嘉化能源,2008-08-11,3.2474,3.2474,2.8865,2.9037,2351563,1.6947,469008800,1064700000,21.079,
600273.SH,嘉化能源,2008-08-12,2.9037,2.9639,2.8178,2.9037,1343749,0.9684,469008800,1064700000,21.079,
600273.SH,嘉化能源,2008-08-13,2.8779,2.9123,2.7319,2.8608,1343176,0.968,462070800,1048950000,20.7672,
600273.SH,嘉化能源,2008-08-14,2.8178,2.9896,2.8178,2.9467,1726223,1.244,475946800,1080450000,21.3908,
600273.SH,嘉化能源,2008-08-15,2.9209,2.9724,2.8694,2.9123,1066631,0.7687,470396400,1067850000,21.1413,
600273.SH,嘉化能源,2008-08-18,2.9209,2.9209,2.6202,2.6202,1984114,1.4299,423218000,960750000,19.021,
600273.SH,嘉化能源,2008-08-19,2.6202,2.6975,2.5343,2.6804,1522590,1.0973,432931200,982800000,19.4575,
600273.SH,嘉化能源,2008-08-20,2.6202,2.9209,2.5944,2.8951,2641357,1.9035,467621200,1061550000,19.3358,
600273.SH,嘉化能源,2008-08-21,2.8436,2.9553,2.7577,2.8006,2625008,1.8918,452357600,1026900000,18.7047,
600273.SH,嘉化能源,2008-08-22,2.7577,2.8006,2.6718,2.7405,1076885,0.7761,442644400,1004850000,18.3031,
600273.SH,嘉化能源,2008-08-25,2.7663,2.8006,2.7061,2.7577,1229880,0.8863,445419600,1011150000,18.4178,
600273.SH,嘉化能源,2008-08-26,2.7233,2.7233,2.4999,2.646,1324710,0.9547,427380800,970200000,17.6719,
600273.SH,嘉化能源,2008-08-27,2.5944,2.6804,2.5601,2.6804,966261,0.6964,432931200,982800000,17.9014,
600273.SH,嘉化能源,2008-08-28,2.6889,2.6975,2.6288,2.6632,888541,0.6403,430156000,976500000,17.7867,
600273.SH,嘉化能源,2008-08-29,2.6546,2.792,2.6546,2.7491,1331305,0.9594,444032000,1008000000,18.3604,
600273.SH,嘉化能源,2008-09-01,2.7147,2.7491,2.6202,2.6632,808096,0.5824,430156000,976500000,17.7867,
600273.SH,嘉化能源,2008-09-02,2.6718,2.8264,2.6374,2.7663,1835856,1.323,446807200,1014300000,18.4752,
600273.SH,嘉化能源,2008-09-03,2.7491,2.8436,2.6889,2.8006,1680439,1.211,452357600,1026900000,18.7047,
600273.SH,嘉化能源,2008-09-04,2.7749,2.9037,2.7491,2.8865,2646214,1.907,466233600,1058400000,19.2785,
600273.SH,嘉化能源,2008-09-05,2.7834,2.7834,2.6632,2.6718,1896445,1.3667,431543600,979650000,17.844,
600273.SH,嘉化能源,2008-09-08,2.6374,2.7061,2.4914,2.5343,1265138,0.9117,409342000,929250000,16.926,
600273.SH,嘉化能源,2008-09-09,2.5429,2.6374,2.5343,2.603,1192589,0.8595,420442800,954450000,17.385,
600273.SH,嘉化能源,2008-09-10,2.603,2.6804,2.5429,2.603,1023835,0.7378,420442800,954450000,17.385,
600273.SH,嘉化能源,2008-09-11,2.5944,2.6288,2.5171,2.5343,741095,0.5341,409342000,929250000,16.926,
600273.SH,嘉化能源,2008-09-12,2.5171,2.5859,2.5171,2.5429,870182,0.6271,410729600,932400000,16.9834,
600273.SH,嘉化能源,2008-09-16,2.5773,2.5773,2.4484,2.4999,1208155,0.8707,403791600,916650000,16.6965,
600273.SH,嘉化能源,2008-09-17,2.5257,2.5515,2.457,2.4742,897479,0.6468,399628800,907200000,16.5244,
600273.SH,嘉化能源,2008-09-18,2.4484,2.4484,2.225,2.3539,2579947,1.8593,380202400,863100000,15.7211,
600273.SH,嘉化能源,2008-09-19,2.5429,2.5859,2.4742,2.5859,2199334,1.585,417667600,948150000,17.2703,
600273.SH,嘉化能源,2008-09-22,2.7319,2.8264,2.603,2.6804,3547832,2.5568,432931200,982800000,17.9014,
600273.SH,嘉化能源,2008-09-23,2.5859,2.5944,2.4398,2.4484,2240660,1.6148,395466000,897750000,16.3523,
600273.SH,嘉化能源,2008-09-24,2.4484,2.5343,2.3711,2.5257,1206479,0.8695,407954400,926100000,16.8686,
600273.SH,嘉化能源,2008-09-25,2.5429,2.6889,2.5257,2.5859,2115247,1.5244,417667600,948150000,17.2703,
600273.SH,嘉化能源,2008-09-26,2.603,2.6202,2.5171,2.5601,1199618,0.8645,413504800,938700000,17.0982,
600273.SH,嘉化能源,2008-10-06,2.5257,2.6202,2.4484,2.5085,1370257,0.9875,405179200,919800000,16.7539,
600273.SH,嘉化能源,2008-10-07,2.4226,2.5343,2.4226,2.4914,782879,0.5642,402404000,913500000,16.6391,
600273.SH,嘉化能源,2008-10-08,2.4312,2.4828,2.3625,2.414,902001,0.65,389915600,885150000,16.1228,
600273.SH,嘉化能源,2008-10-09,2.4656,2.4742,2.3883,2.4054,776767,0.5598,388528000,882000000,16.0654,
600273.SH,嘉化能源,2008-10-10,2.3195,2.3195,2.1993,2.225,1342469,0.9675,359388400,815850000,14.8605,
600273.SH,嘉化能源,2008-10-13,2.1907,2.2508,2.0618,2.2508,1969215,1.4192,363551200,825300000,15.0326,
600273.SH,嘉化能源,2008-10-14,2.3109,2.3195,2.1477,2.1477,1005720,0.7248,346900000,787500000,14.3441,
600273.SH,嘉化能源,2008-10-15,2.1219,2.1735,2.1134,2.1649,877909,0.6327,349675200,793800000,14.4588,
600273.SH,嘉化能源,2008-10-16,2.0876,2.225,2.0618,2.1219,1717612,1.2378,342737200,778050000,14.172,
600273.SH,嘉化能源,2008-10-17,2.1477,2.1907,2.1048,2.1563,995091,0.7171,348287600,790650000,14.4015,
600273.SH,嘉化能源,2008-10-20,2.1821,2.2336,2.1477,2.225,1268661,0.9143,359388400,815850000,14.8605,
600273.SH,嘉化能源,2008-10-21,2.2164,2.2938,2.2079,2.2508,1387512,0.9999,363551200,825300000,15.0326,
600273.SH,嘉化能源,2008-10-22,2.3195,2.4656,2.2852,2.3195,6390620,4.6055,374652000,850500000,15.4916,
600273.SH,嘉化能源,2008-10-23,2.2336,2.2336,2.0876,2.1821,3929930,2.8322,352450400,800100000,14.5736,
600273.SH,嘉化能源,2008-10-24,2.1391,2.1821,2.0962,2.1219,1432913,1.0327,342737200,778050000,14.172,
600273.SH,嘉化能源,2008-10-27,2.0704,2.0704,1.9072,1.9072,1895704,1.3662,308047200,699300000,12.7375,
600273.SH,嘉化能源,2008-10-28,1.9072,1.9673,1.8127,1.9587,1686855,1.2157,316372800,718200000,13.0818,
600273.SH,嘉化能源,2008-10-29,1.9673,2.0017,1.8814,1.89,1370478,0.9877,305272000,693000000,12.6228,
600273.SH,嘉化能源,2008-10-30,1.89,1.9415,1.8556,1.9244,856610,0.6173,310822400,705600000,12.8523,
600273.SH,嘉化能源,2008-10-31,1.9415,1.9415,1.847,1.8556,1157600,0.8342,299721600,680400000,18.9028,
600273.SH,嘉化能源,2008-11-03,1.8556,1.9158,1.847,1.8556,985731,0.7104,299721600,680400000,18.9028,
600273.SH,嘉化能源,2008-11-04,1.8127,1.8642,1.7783,1.8127,761766,0.549,292783600,664650000,18.4653,
600273.SH,嘉化能源,2008-11-05,1.8384,1.9158,1.8299,1.89,1638617,1.1809,305272000,693000000,19.2529,
600273.SH,嘉化能源,2008-11-06,1.847,1.8642,1.8213,1.847,843681,0.608,298334000,677250000,18.8153,
600273.SH,嘉化能源,2008-11-07,1.8213,1.9329,1.8041,1.9244,1948723,1.4044,310822400,705600000,19.603,
600273.SH,嘉化能源,2008-11-10,1.9244,2.0704,1.9244,2.0618,2658403,1.9158,333024000,756000000,21.0032,
600273.SH,嘉化能源,2008-11-11,2.0189,2.0618,1.9759,1.9931,2247797,1.6199,321923200,730800000,20.3031,
600273.SH,嘉化能源,2008-11-12,1.9673,2.0962,1.9673,2.0876,2679577,1.9311,337186800,765450000,21.2657,
600273.SH,嘉化能源,2008-11-13,2.0704,2.1993,2.0446,2.1563,3637177,2.6212,348287600,790650000,21.9658,
600273.SH,嘉化能源,2008-11-14,2.1821,2.3367,2.1305,2.2938,6699453,4.8281,370489200,841050000,23.366,
600273.SH,嘉化能源,2008-11-17,2.3883,2.4828,2.3024,2.414,6435226,4.6377,389915600,885150000,24.5912,
600273.SH,嘉化能源,2008-11-18,2.4398,2.5429,2.1735,2.1993,5537694,3.9908,355225600,806400000,22.4034,
600273.SH,嘉化能源,2008-11-19,2.1993,2.3625,2.1649,2.3453,3577370,2.5781,378814800,859950000,23.8911,
600273.SH,嘉化能源,2008-11-20,2.5773,2.5773,2.5773,2.5773,7264877,5.2356,416280000,945000000,26.254,
600273.SH,嘉化能源,2008-11-21,2.5773,2.5773,2.3195,2.4484,11560984,8.3316,395466000,897750000,24.9413,
600273.SH,嘉化能源,2008-11-24,2.4742,2.4742,2.2336,2.2336,5053821,3.6421,360776000,819000000,22.7534,
600273.SH,嘉化能源,2008-11-25,2.3109,2.3539,2.2079,2.2852,3540068,2.5512,369101600,837900000,23.2785,
600273.SH,嘉化能源,2008-11-26,2.3195,2.4742,2.2164,2.3281,5276114,3.8023,376039600,853650000,23.7161,
600273.SH,嘉化能源,2008-11-27,2.457,2.4914,2.3109,2.3195,4760161,3.4305,374652000,850500000,23.6286,
600273.SH,嘉化能源,2008-11-28,2.3453,2.3453,2.2422,2.2938,2527512,1.8215,370489200,841050000,23.366,
600273.SH,嘉化能源,2008-12-01,2.3883,2.4828,2.3024,2.4054,4379773,3.1564,388528000,882000000,24.5037,
600273.SH,嘉化能源,2008-12-02,2.4226,2.6116,2.3625,2.5601,11298046,8.1421,413504800,938700000,26.0789,
600273.SH,嘉化能源,2008-12-03,2.6632,2.6804,2.5085,2.603,11317070,8.1559,420442800,954450000,26.5165,
600273.SH,嘉化能源,2008-12-04,2.6546,2.6804,2.5171,2.5601,9144584,6.5902,413504800,938700000,26.0789,
600273.SH,嘉化能源,2008-12-05,2.5773,2.6374,2.5343,2.603,5875174,4.2341,420442800,954450000,26.5165,
600273.SH,嘉化能源,2008-12-08,2.6288,2.7319,2.5773,2.7233,9395452,6.771,439869200,998550000,27.7417,
600273.SH,嘉化能源,2008-12-09,2.6718,2.7491,2.6116,2.6202,6461933,4.6569,423218000,960750000,26.6915,
600273.SH,嘉化能源,2008-12-10,2.6202,2.6804,2.5601,2.6718,6042075,4.3543,431543600,979650000,27.2166,
600273.SH,嘉化能源,2008-12-11,2.646,2.6718,2.5343,2.5429,4230400,3.0487,410729600,932400000,25.9039,
600273.SH,嘉化能源,2008-12-12,2.4999,2.5515,2.3281,2.3969,5076573,3.6585,387140400,878850000,24.4162,
600273.SH,嘉化能源,2008-12-15,2.414,2.457,2.3195,2.4226,2306689,1.6624,391303200,888300000,24.6787,
600273.SH,嘉化能源,2008-12-16,2.4054,2.4742,2.3625,2.4656,1761849,1.2697,398241200,904050000,25.1163,
600273.SH,嘉化能源,2008-12-17,2.4828,2.5343,2.457,2.4999,2382567,1.717,403791600,916650000,25.4663,
600273.SH,嘉化能源,2008-12-18,2.4914,2.5773,2.4742,2.5687,2944913,2.1223,414892400,941850000,26.1664,
600273.SH,嘉化能源,2008-12-19,2.5515,2.6804,2.5515,2.603,5027727,3.6233,420442800,954450000,26.5165,
600273.SH,嘉化能源,2008-12-22,2.6202,2.7061,2.5429,2.6632,5846026,4.213,430156000,976500000,27.1291,
600273.SH,嘉化能源,2008-12-23,2.6632,2.6632,2.4398,2.4484,4397006,3.1688,395466000,897750000,24.9413,
600273.SH,嘉化能源,2008-12-24,2.3969,2.5171,2.3797,2.4828,3064806,2.2087,401016400,910350000,25.2913,
600273.SH,嘉化能源,2008-12-25,2.4914,2.4999,2.3539,2.4054,2341637,1.6875,388528000,882000000,24.5037,
600273.SH,嘉化能源,2008-12-26,2.4054,2.4312,2.3539,2.3797,1370921,0.988,384365200,872550000,24.2411,
600273.SH,嘉化能源,2008-12-29,2.3797,2.3797,2.3797,2.3797,--,--,384365200,872550000,24.2411,
600273.SH,嘉化能源,2008-12-30,2.3883,2.3883,2.3109,2.3195,2093850,1.509,374652000,850500000,23.6286,
600273.SH,嘉化能源,2008-12-31,2.3281,2.3281,2.2422,2.2594,1341248,0.9666,364938800,828450000,23.016,
600273.SH,嘉化能源,2009-01-05,2.2766,2.3539,2.2766,2.3453,1882968,1.357,378814800,859950000,23.8911,
600273.SH,嘉化能源,2009-01-06,2.3195,2.4656,2.3195,2.457,3674350,2.648,396853600,900900000,25.0288,
600273.SH,嘉化能源,2009-01-07,2.4312,2.5085,2.4312,2.4398,2737340,1.9727,394078400,894600000,24.8537,
600273.SH,嘉化能源,2009-01-08,2.4226,2.4398,2.3711,2.3797,2446144,1.7629,384365200,872550000,24.2411,
600273.SH,嘉化能源,2009-01-09,2.3797,2.5687,2.3711,2.5687,7405019,5.3366,414892400,941850000,26.1664,
600273.SH,嘉化能源,2009-01-12,2.5773,2.6288,2.4999,2.6202,12024371,8.6656,423218000,960750000,26.6915,
600273.SH,嘉化能源,2009-01-13,2.5944,2.6288,2.4828,2.5859,9141811,6.5882,417667600,948150000,26.3415,
600273.SH,嘉化能源,2009-01-14,2.5343,2.6889,2.5171,2.6804,8633197,6.2217,432931200,982800000,27.3041,
600273.SH,嘉化能源,2009-01-15,2.6288,2.6804,2.603,2.6288,4815057,3.4701,424605600,963900000,26.779,
600273.SH,嘉化能源,2009-01-16,2.646,2.6718,2.5859,2.5859,5494535,3.9597,417667600,948150000,26.3415,
600273.SH,嘉化能源,2009-01-19,2.5944,2.6202,2.5343,2.5773,3280279,2.364,416280000,945000000,26.254,
600273.SH,嘉化能源,2009-01-20,2.603,2.603,2.5343,2.5773,1861290,1.3414,416280000,945000000,26.254,
600273.SH,嘉化能源,2009-01-21,2.5859,2.835,2.5773,2.835,24067016,17.3443,457908000,1039500000,28.8793,
600273.SH,嘉化能源,2009-01-22,2.8092,2.8264,2.6889,2.792,15524968,11.1884,450970000,1023750000,28.4418,
600273.SH,嘉化能源,2009-01-23,2.7749,2.792,2.6889,2.7061,7646080,5.5103,437094000,992250000,27.5667,
600273.SH,嘉化能源,2009-02-02,2.7061,2.8006,2.6546,2.792,7127085,5.1363,450970000,1023750000,28.4418,
600273.SH,嘉化能源,2009-02-03,2.835,3.0669,2.835,2.981,16340454,11.7761,481497200,1093050000,30.3671,
600273.SH,嘉化能源,2009-02-04,3.0068,3.0326,2.8608,2.9982,11904766,8.5794,484272400,1099350000,30.5421,
600273.SH,嘉化能源,2009-02-05,3.0154,3.0154,2.8178,2.8522,10099331,7.2783,460683200,1045800000,29.0544,
600273.SH,嘉化能源,2009-02-06,2.8694,2.9724,2.8608,2.9553,8517594,6.1384,477334400,1083600000,30.1045,
600273.SH,嘉化能源,2009-02-09,2.9896,3.0927,2.9037,3.0669,13230524,9.5348,495373200,1124550000,31.2422,
600273.SH,嘉化能源,2009-02-10,3.0498,3.1357,2.9896,3.1357,9508579,6.8525,506474000,1149750000,31.9423,
600273.SH,嘉化能源,2009-02-11,3.0755,3.17,2.9982,3.0755,10383747,7.4832,496760800,1127700000,31.3297,
600273.SH,嘉化能源,2009-02-12,3.0669,3.1013,2.9553,3.0927,7136272,5.1429,499536000,1134000000,31.5047,
600273.SH,嘉化能源,2009-02-13,3.0927,3.2388,3.0841,3.1872,10593481,7.6344,514799600,1168650000,32.4674,
600273.SH,嘉化能源,2009-02-16,3.213,3.3419,3.1872,3.3161,9018344,6.4992,535613600,1215900000,33.7801,
600273.SH,嘉化能源,2009-02-17,3.2645,3.3161,3.1529,3.17,7396386,5.3303,512024400,1162350000,32.2924,
600273.SH,嘉化能源,2009-02-18,3.1099,3.1443,2.9639,2.981,5983611,4.3122,481497200,1093050000,30.3671,
600273.SH,嘉化能源,2009-02-19,3.0068,3.0755,2.981,3.0498,3870427,2.7893,492598000,1118250000,31.0672,
600273.SH,嘉化能源,2009-02-20,3.0498,3.1529,3.0326,3.1529,3680369,2.6523,509249200,1156050000,32.1173,
600273.SH,嘉化能源,2009-02-23,3.1786,3.3848,3.1185,3.3504,9314689,6.7128,541164000,1228500000,34.1301,
600273.SH,嘉化能源,2009-02-24,3.3333,3.4965,3.2216,3.2388,12808690,9.2308,523125200,1187550000,32.9925,
600273.SH,嘉化能源,2009-02-25,3.2903,3.3075,3.0927,3.2474,6241720,4.4982,524512800,1190700000,33.08,
600273.SH,嘉化能源,2009-02-26,3.2474,3.3075,2.9467,3.024,5650263,4.072,488435200,1108800000,30.8046,
600273.SH,嘉化能源,2009-02-27,2.9639,3.0154,2.7405,2.7663,4992964,3.5983,446807200,1014300000,28.1792,
600273.SH,嘉化能源,2009-03-02,2.7749,2.8694,2.7491,2.8522,3579007,2.5793,460683200,1045800000,29.0544,
600273.SH,嘉化能源,2009-03-03,2.7491,2.8694,2.7491,2.8264,2853372,2.0563,456520400,1036350000,28.7918,
600273.SH,嘉化能源,2009-03-04,2.8436,3.024,2.8436,3.024,4832251,3.4825,488435200,1108800000,30.8046,
600273.SH,嘉化能源,2009-03-05,3.0669,3.0755,2.9467,3.0326,5445334,3.9243,489822800,1111950000,30.8922,
600273.SH,嘉化能源,2009-03-06,2.9896,3.024,2.9381,2.9982,3891032,2.8041,484272400,1099350000,30.5421,
600273.SH,嘉化能源,2009-03-09,3.0068,3.0755,2.8522,2.8608,4328747,3.1196,462070800,1048950000,29.1419,
600273.SH,嘉化能源,2009-03-10,2.835,2.9553,2.835,2.9467,2245964,1.6186,475946800,1080450000,30.017,
600273.SH,嘉化能源,2009-03-11,2.981,3.0326,2.9467,2.9724,3547814,2.5568,480109600,1089900000,30.2796,
600273.SH,嘉化能源,2009-03-12,2.9724,3.024,2.8779,2.9982,3318417,2.3915,484272400,1099350000,30.5421,
600273.SH,嘉化能源,2009-03-13,3.0068,3.0498,2.9639,2.9724,3434700,2.4753,480109600,1089900000,30.2796,
600273.SH,嘉化能源,2009-03-16,2.9982,3.1099,2.9209,3.1013,4518121,3.2561,500923600,1137150000,31.5923,
600273.SH,嘉化能源,2009-03-17,3.1013,3.213,3.0669,3.1786,6668239,4.8056,513412000,1165500000,32.3799,
600273.SH,嘉化能源,2009-03-18,3.213,3.2903,3.1529,3.1529,7880779,5.6794,509249200,1156050000,32.1173,
600273.SH,嘉化能源,2009-03-19,3.1872,3.2216,3.1357,3.2216,5715384,4.1189,520350000,1181250000,32.8174,
600273.SH,嘉化能源,2009-03-20,3.213,3.2302,3.1185,3.1614,6078845,4.3808,510636800,1159200000,32.2048,
600273.SH,嘉化能源,2009-03-23,3.1357,3.2216,3.1185,3.2044,6256963,4.5092,517574800,1174950000,32.6424,
600273.SH,嘉化能源,2009-03-24,3.2302,3.2989,3.2044,3.2731,8119169,5.8512,528675600,1200150000,33.3425,
600273.SH,嘉化能源,2009-03-25,3.2559,3.2989,3.2302,3.2474,7264931,5.2356,524512800,1190700000,33.08,
600273.SH,嘉化能源,2009-03-26,3.2817,3.3075,3.1443,3.2903,7145093,5.1492,531450800,1206450000,33.5175,
600273.SH,嘉化能源,2009-03-27,3.2989,3.4793,3.2559,3.4364,16151977,11.6402,555040000,1260000000,35.0053,
600273.SH,嘉化能源,2009-03-30,3.4535,3.5824,3.3848,3.5223,13441358,9.6868,568916000,1291500000,35.8804,
600273.SH,嘉化能源,2009-03-31,3.4879,3.737,3.3762,3.7199,18666526,13.4524,600830800,1363950000,37.8932,
600273.SH,嘉化能源,2009-04-01,3.7113,3.8831,3.6082,3.78,21545472,15.5271,610544000,1386000000,38.5058,
600273.SH,嘉化能源,2009-04-02,3.7886,3.8487,3.6082,3.6254,20203004,14.5597,585567200,1329300000,36.9306,
600273.SH,嘉化能源,2009-04-03,3.6168,3.9089,3.4965,3.8831,24758835,17.8429,627195200,1423800000,39.556,
600273.SH,嘉化能源,2009-04-07,3.9089,4.0893,3.8058,3.926,25896285,18.6626,634133200,1439550000,39.9935,
600273.SH,嘉化能源,2009-04-08,3.8659,3.8659,3.5309,3.5566,19776772,14.2525,574466400,1304100000,36.2305,
600273.SH,嘉化能源,2009-04-09,3.4965,3.591,3.4364,3.5738,9291568,6.6961,577241600,1310400000,36.4055,
600273.SH,嘉化能源,2009-04-10,3.5824,3.6339,3.5394,3.6339,9354398,6.7414,586954800,1332450000,37.0181,
600273.SH,嘉化能源,2009-04-13,3.6597,3.6855,3.5824,3.6339,10080592,7.2648,586954800,1332450000,37.0181,
600273.SH,嘉化能源,2009-04-14,3.6254,3.6511,3.5738,3.6254,7327352,5.2806,585567200,1329300000,36.9306,
600273.SH,嘉化能源,2009-04-15,3.6082,3.6683,3.5824,3.6597,7846891,5.655,591117600,1341900000,37.2806,
600273.SH,嘉化能源,2009-04-16,3.6683,3.8315,3.6597,3.8058,13648175,9.8358,614706800,1395450000,38.7683,
600273.SH,嘉化能源,2009-04-17,3.7972,3.7972,3.6425,3.6597,7908226,5.6992,591117600,1341900000,37.2806,
600273.SH,嘉化能源,2009-04-20,3.5996,3.7542,3.5652,3.7456,9225212,6.6483,604993600,1373400000,2294.0056,
600273.SH,嘉化能源,2009-04-21,3.6941,3.7628,3.6339,3.7113,6988581,5.0365,599443200,1360800000,2272.9597,
600273.SH,嘉化能源,2009-04-22,3.737,3.8229,3.5824,3.591,10427465,7.5147,580016800,1316700000,2199.2991,
600273.SH,嘉化能源,2009-04-23,3.5223,3.591,3.4364,3.548,5104479,3.6786,573078800,1300950000,2172.9917,
600273.SH,嘉化能源,2009-04-24,3.5566,3.5824,3.5051,3.5137,3578550,2.5789,567528400,1288350000,2151.9458,
600273.SH,嘉化能源,2009-04-27,3.5223,3.548,3.2731,3.3075,4889596,3.5238,534226000,1212750000,2025.6702,
600273.SH,嘉化能源,2009-04-28,3.3161,3.4192,3.2817,3.3934,2523299,1.8185,548102000,1244250000,2078.2849,
600273.SH,嘉化能源,2009-04-29,3.402,3.4965,3.3676,3.4965,2674442,1.9274,564753200,1282050000,2141.4226,
600273.SH,嘉化能源,2009-04-30,3.5223,3.5738,3.4793,3.5566,3745232,2.6991,574466400,1304100000,2178.2532,
600273.SH,嘉化能源,2009-05-04,3.5566,3.7113,3.5309,3.6769,5458863,3.934,593892800,1348200000,2251.9138,
600273.SH,嘉化能源,2009-05-05,3.7199,3.7199,3.591,3.6769,4646775,3.3488,593892800,1348200000,2251.9138,
600273.SH,嘉化能源,2009-05-06,3.6597,3.9089,3.6339,3.8401,13866480,9.9931,620257200,1408050000,2351.8821,
600273.SH,嘉化能源,2009-05-07,3.8401,3.8487,3.6511,3.7456,9141328,6.5879,604993600,1373400000,2294.0056,
600273.SH,嘉化能源,2009-05-08,3.7199,3.7972,3.6254,3.78,7980918,5.7516,610544000,1386000000,2315.0515,
600273.SH,嘉化能源,2009-05-11,3.78,3.78,3.78,3.78,--,--,610544000,1386000000,2315.0515,
600273.SH,嘉化能源,2009-05-12,3.591,3.7542,3.5738,3.737,5928101,4.2722,603606000,1370250000,2288.7441,
600273.SH,嘉化能源,2009-05-13,3.737,3.7886,3.6683,3.7456,5530480,3.9856,604993600,1373400000,2294.0056,
600273.SH,嘉化能源,2009-05-14,3.6941,3.7714,3.6769,3.737,4308439,3.105,603606000,1370250000,2288.7441,
600273.SH,嘉化能源,2009-05-15,3.7542,3.8659,3.7284,3.8315,9305734,6.7064,618869600,1404900000,2346.6204,
600273.SH,嘉化能源,2009-05-18,3.8401,3.9346,3.737,3.8917,9086732,6.5485,628582800,1426950000,2383.4509,
600273.SH,嘉化能源,2009-05-19,3.8745,3.9174,3.78,3.8487,7221589,5.2044,621644800,1411200000,2357.1436,
600273.SH,嘉化能源,2009-05-20,3.8487,3.9776,3.8315,3.8831,10246645,7.3844,627195200,1423800000,2378.1895,
600273.SH,嘉化能源,2009-05-21,3.8401,3.9089,3.6855,3.7027,5704611,4.1111,598055600,1357650000,2267.6982,
600273.SH,嘉化能源,2009-05-22,3.7027,3.8229,3.6941,3.737,4547042,3.2769,603606000,1370250000,2288.7441,
600273.SH,嘉化能源,2009-05-25,3.6168,3.9604,3.5824,3.9518,11538967,8.3158,638296000,1449000000,2420.2813,
600273.SH,嘉化能源,2009-05-26,3.9604,4.0807,3.8487,3.8573,16181864,11.6618,623032400,1414350000,2362.405,
600273.SH,嘉化能源,2009-05-27,3.8745,4.158,3.8401,4.1322,18138400,13.0718,667435600,1515150000,2530.7722,
600273.SH,嘉化能源,2009-06-01,4.0549,4.1923,4.0463,4.115,13768529,9.9225,664660400,1508850000,2520.2493,
600273.SH,嘉化能源,2009-06-02,4.0979,4.115,3.9604,4.0034,10219088,7.3646,646621600,1467900000,2451.8501,
600273.SH,嘉化能源,2009-06-03,4.0034,4.0549,3.9604,4.0205,5030774,3.6255,649396800,1474200000,2462.373,
600273.SH,嘉化能源,2009-06-04,4.0119,4.0119,3.8487,3.9174,7663102,5.5226,632745600,1436400000,2399.2354,
600273.SH,嘉化能源,2009-06-05,3.8917,3.969,3.8917,3.926,4146497,2.9883,634133200,1439550000,2404.4968,
600273.SH,嘉化能源,2009-06-08,3.926,4.1408,3.926,4.0807,10097943,7.2773,659110000,1496250000,2499.2034,
600273.SH,嘉化能源,2009-06-09,4.1064,4.2783,4.0205,4.2439,15854778,11.426,685474400,1556100000,2599.1716,
600273.SH,嘉化能源,2009-06-10,4.1752,4.2697,4.1064,4.1666,10674540,7.6928,672986000,1527750000,2551.8184,
600273.SH,嘉化能源,2009-06-11,4.1752,4.2783,4.1236,4.2095,10547965,7.6016,679924000,1543500000,2578.1257,
600273.SH,嘉化能源,2009-06-12,4.1923,4.347,4.0205,4.1322,11595894,8.3568,667435600,1515150000,2530.7722,
600273.SH,嘉化能源,2009-06-15,4.1494,4.5446,4.0807,4.5446,20421949,14.7175,734040400,1666350000,2783.3235,
600273.SH,嘉化能源,2009-06-16,4.5102,4.6734,4.3985,4.4758,19764006,14.2433,722939600,1641150000,2741.2314,
600273.SH,嘉化能源,2009-06-17,4.4673,4.7164,4.4243,4.6047,15907983,11.4644,743753600,1688400000,2820.1538,
600273.SH,嘉化能源,2009-06-18,4.6391,5.0428,4.536,4.9483,21309817,15.3573,799257600,1814400000,3030.613,
600273.SH,嘉化能源,2009-06-19,4.871,5.1202,4.8109,4.9741,16752938,12.0733,803420400,1823850000,3046.3975,
600273.SH,嘉化能源,2009-06-22,4.9999,5.2318,4.9398,4.9827,13190216,9.5058,804808000,1827000000,3051.6589,
600273.SH,嘉化能源,2009-06-23,5.0944,5.3263,4.8195,5.0085,19855947,14.3096,808970800,1836450000,3067.4434,
600273.SH,嘉化能源,2009-06-24,4.8882,5.0428,4.7765,4.8367,13697223,9.8712,781218800,1773450000,2962.2139,
600273.SH,嘉化能源,2009-06-25,4.8195,4.8968,4.7508,4.8281,8705768,6.274,779831200,1770300000,2956.9521,
600273.SH,嘉化能源,2009-06-26,4.8367,4.9655,4.682,4.9569,9682810,6.9781,800645200,1817550000,3035.8745,
600273.SH,嘉化能源,2009-06-29,5.0514,5.1803,4.9226,4.9999,14179270,10.2186,807583200,1833300000,3062.1819,
600273.SH,嘉化能源,2009-06-30,4.9827,4.9827,4.725,4.8195,7010029,5.0519,778443600,1767150000,2951.6907,
600273.SH,嘉化能源,2009-07-01,4.7937,4.8624,4.7336,4.8023,5302376,3.8213,775668400,1760850000,2941.1677,
600273.SH,嘉化能源,2009-07-02,4.8023,4.8453,4.725,4.7851,4990570,3.5965,772893200,1754550000,2930.6448,
600273.SH,嘉化能源,2009-07-03,4.8109,4.9827,4.7765,4.8624,6801691,4.9018,785381600,1782900000,2977.9983,
600273.SH,嘉化能源,2009-07-06,4.8968,4.9054,4.7422,4.8023,4405703,3.1751,775668400,1760850000,2941.1677,
600273.SH,嘉化能源,2009-07-07,4.7937,5.1373,4.7679,5.0343,6038010,4.3514,813133600,1845900000,3083.2278,
600273.SH,嘉化能源,2009-07-08,4.9827,4.9827,4.871,4.9312,6190808,4.4615,796482400,1808100000,3020.0901,
600273.SH,嘉化能源,2009-07-09,4.9655,5.1116,4.914,5.0772,7209132,5.1954,820071600,1861650000,3109.5352,
600273.SH,嘉化能源,2009-07-10,5.1545,5.3263,5.0858,5.1545,11021076,7.9425,832560000,1890000000,3156.8884,
600273.SH,嘉化能源,2009-07-13,5.103,5.2404,5.0944,5.1717,8717137,6.2822,835335200,1896300000,3167.4116,
600273.SH,嘉化能源,2009-07-14,5.2233,5.2318,5.1459,5.1803,4904720,3.5347,836722800,1899450000,3172.6731,
600273.SH,嘉化能源,2009-07-15,5.2061,5.2061,5.0343,5.0772,7892733,5.688,820071600,1861650000,3109.5352,
600273.SH,嘉化能源,2009-07-16,5.0686,5.3693,5.0257,5.3607,13964480,10.0638,865862400,1965600000,3283.1641,
600273.SH,嘉化能源,2009-07-17,5.3779,5.8848,5.2576,5.8074,20732924,14.9416,938017600,2129400000,3556.761,
600273.SH,嘉化能源,2009-07-20,5.7129,5.9793,5.627,5.8762,11510908,8.2956,949118400,2154600000,3598.853,
600273.SH,嘉化能源,2009-07-21,5.9277,5.9707,5.6013,5.6098,9758624,7.0327,906102800,2056950000,3435.7471,
600273.SH,嘉化能源,2009-07-22,5.6013,5.7903,5.5153,5.6958,7199788,5.1887,919978800,2088450000,3488.3618,
600273.SH,嘉化能源,2009-07-23,5.67,5.7645,5.5411,5.6184,3316765,2.3903,907490400,2060100000,3441.0085,
600273.SH,嘉化能源,2009-07-24,5.6614,5.7043,5.5239,5.6098,4699620,3.3869,906102800,2056950000,3435.7471,
600273.SH,嘉化能源,2009-07-27,5.5755,5.7903,5.5497,5.7301,6982958,5.0324,925529200,2101050000,3509.4077,
600273.SH,嘉化能源,2009-07-28,5.7301,5.7301,5.5497,5.627,7043497,5.076,908878000,2063250000,3446.27,
600273.SH,嘉化能源,2009-07-29,5.5927,5.5927,5.0686,5.0944,8665226,6.2448,822846800,1867950000,3120.0581,
600273.SH,嘉化能源,2009-07-30,5.1717,5.2748,5.0171,5.2233,5799628,4.1796,843660800,1915200000,3198.9805,
600273.SH,嘉化能源,2009-07-31,5.2318,5.2748,5.1631,5.2748,7250269,5.225,851986400,1934100000,3230.5493,
600273.SH,嘉化能源,2009-08-03,5.2662,5.3006,5.1545,5.249,7563922,5.4511,847823600,1924650000,3214.7649,
600273.SH,嘉化能源,2009-08-04,5.2404,5.4294,5.2061,5.4037,8025328,5.7836,872800400,1981350000,3309.4714,
600273.SH,嘉化能源,2009-08-05,5.4037,5.5583,5.2576,5.4123,6821480,4.916,874188000,1984500000,3314.7329,
600273.SH,嘉化能源,2009-08-06,5.3693,5.4294,5.2318,5.3349,4552833,3.2811,861699600,1956150000,3267.3796,
600273.SH,嘉化能源,2009-08-07,5.3349,5.4638,5.1545,5.3178,5851918,4.2173,858924400,1949850000,3256.8567,
600273.SH,嘉化能源,2009-08-10,5.292,5.4123,5.2576,5.3607,5723961,4.1251,865862400,1965600000,3283.1641,
600273.SH,嘉化能源,2009-08-11,5.3607,5.3951,5.2147,5.3435,4622766,3.3315,863087200,1959300000,3272.6411,
600273.SH,嘉化能源,2009-08-12,5.3349,5.3349,4.8624,5.0171,5219737,3.7617,810358400,1839600000,3072.7048,
600273.SH,嘉化能源,2009-08-13,4.9827,5.0944,4.7765,4.9913,4621836,3.3308,806195600,1830150000,3056.9204,
600273.SH,嘉化能源,2009-08-14,4.9398,5.0858,4.7422,4.871,5701389,4.1088,786769200,1786050000,2983.2598,
600273.SH,嘉化能源,2009-08-17,4.7508,4.8453,4.3813,4.3813,5088193,3.6669,707676000,1606500000,2683.3552,
600273.SH,嘉化能源,2009-08-18,4.2954,4.4758,4.2095,4.4157,4114853,2.9654,713226400,1619100000,2704.4011,
600273.SH,嘉化能源,2009-08-19,4.4157,4.4415,3.9862,4.0377,3456981,2.4913,652172000,1480500000,2472.896,
600273.SH,嘉化能源,2009-08-20,3.9948,4.2095,3.9948,4.1494,2567556,1.8504,670210800,1521450000,2541.2952,
600273.SH,嘉化能源,2009-08-21,4.1322,4.4243,4.1064,4.3126,5310509,3.8271,696575200,1581300000,2641.2634,
600273.SH,嘉化能源,2009-08-24,4.304,4.6047,4.2181,4.4329,6587840,4.7477,716001600,1625400000,2714.9241,
600273.SH,嘉化能源,2009-08-25,4.4157,4.6219,4.2868,4.6047,10107300,7.284,743753600,1688400000,-72.2125,
600273.SH,嘉化能源,2009-08-26,4.5188,4.8281,4.4758,4.6305,9819586,7.0767,747916400,1697850000,-72.6167,
600273.SH,嘉化能源,2009-08-27,4.5703,4.8367,4.4587,4.7593,9096481,6.5555,768730400,1745100000,-74.6376,
600273.SH,嘉化能源,2009-08-28,4.7679,4.7679,4.4844,4.493,4638709,3.343,725714800,1647450000,-70.4611,
600273.SH,嘉化能源,2009-08-31,4.4157,4.5016,4.2095,4.2267,3862544,2.7836,682699200,1549800000,-66.2846,
600273.SH,嘉化能源,2009-09-01,4.2439,4.2868,4.1236,4.1494,2713184,1.9553,670210800,1521450000,-65.0721,
600273.SH,嘉化能源,2009-09-02,4.1494,4.2181,4.0979,4.1923,1938703,1.3972,677148800,1537200000,-65.7457,
600273.SH,嘉化能源,2009-09-03,4.2353,4.4329,4.2095,4.3899,3900023,2.8106,709063600,1609650000,-68.8444,
600273.SH,嘉化能源,2009-09-04,4.3728,4.4844,4.3298,4.4501,3540431,2.5515,718776800,1631700000,-69.7875,
600273.SH,嘉化能源,2009-09-07,4.4501,4.8023,4.3813,4.7851,8493314,6.1209,772893200,1754550000,-75.0417,
600273.SH,嘉化能源,2009-09-08,4.6563,5.1288,4.6219,5.1202,14283712,10.2938,827009600,1877400000,-80.296,
600273.SH,嘉化能源,2009-09-09,5.1288,5.2576,4.9999,5.1202,12653630,9.1191,827009600,1877400000,-80.296,
600273.SH,嘉化能源,2009-09-10,5.1545,5.3263,4.9827,5.2662,12135336,8.7456,850598800,1930950000,-82.5863,
600273.SH,嘉化能源,2009-09-11,5.3693,5.7731,5.2662,5.6442,26032311,18.7607,911653200,2069550000,-88.5142,
600273.SH,嘉化能源,2009-09-14,5.5669,5.9105,5.4552,5.8676,21620328,15.5811,947730800,2151450000,-92.0171,
600273.SH,嘉化能源,2009-09-15,5.8246,6.4002,5.7043,6.3143,25813833,18.6032,1019886000,2315250000,-99.0228,
600273.SH,嘉化能源,2009-09-16,6.3573,6.4432,6.0308,6.2628,23510082,16.943,1011560400,2296350000,-98.2144,
600273.SH,嘉化能源,2009-09-17,6.2799,6.6322,6.1425,6.2628,30966300,22.3164,1011560400,2296350000,-98.2144,
600273.SH,嘉化能源,2009-09-18,6.2885,6.3744,5.6356,5.6872,29563262,21.3053,918591200,2085300000,-89.1878,
600273.SH,嘉化能源,2009-09-21,5.7215,5.8418,5.4638,5.7559,14720389,10.6085,929692000,2110500000,-90.2656,
600273.SH,嘉化能源,2009-09-22,5.7043,5.9277,5.4982,5.627,11673494,8.4127,908878000,2063250000,-88.2448,
600273.SH,嘉化能源,2009-09-23,5.5153,5.6872,5.3435,5.6184,10556296,7.6076,907490400,2060100000,-88.11,
600273.SH,嘉化能源,2009-09-24,5.5239,5.627,5.3435,5.4982,8931865,6.4369,888064000,2016000000,-86.2239,
600273.SH,嘉化能源,2009-09-25,5.4982,5.4982,5.0514,5.0858,10691893,7.7053,821459200,1864800000,-79.7571,
600273.SH,嘉化能源,2009-09-28,5.0514,5.1803,4.5789,4.6648,11501757,8.289,753466800,1710450000,-73.1556,
600273.SH,嘉化能源,2009-09-29,4.6648,4.725,4.3813,4.6133,10946886,7.8891,745141200,1691550000,-72.3472,
600273.SH,嘉化能源,2009-09-30,4.6133,4.7851,4.5789,4.6906,9046052,6.5192,757629600,1719900000,-73.5598,
600273.SH,嘉化能源,2009-10-09,4.7422,4.9312,4.6992,4.8624,7887973,5.6846,785381600,1782900000,-76.2543,
600273.SH,嘉化能源,2009-10-12,4.9827,5.3092,4.9483,5.0686,12042858,8.6789,818684000,1858500000,-79.4876,
600273.SH,嘉化能源,2009-10-13,4.9827,5.1803,4.8624,5.1717,6861121,4.9446,835335200,1896300000,-81.1043,
600273.SH,嘉化能源,2009-10-14,5.1545,5.4037,5.0944,5.3865,10895621,7.8521,870025200,1975050000,-84.4725,
600273.SH,嘉化能源,2009-10-15,5.3521,5.6356,5.2233,5.6013,14288411,10.2972,904715200,2053800000,-87.8406,
600273.SH,嘉化能源,2009-10-16,5.6614,5.8418,5.4896,5.7301,18164187,13.0904,925529200,2101050000,-89.8615,
600273.SH,嘉化能源,2009-10-19,5.67,6.0738,5.627,5.9878,18738003,13.5039,967157200,2195550000,-93.9032,
600273.SH,嘉化能源,2009-10-20,5.9964,6.0995,5.8504,5.9793,18585625,13.3941,965769600,2192400000,-93.7685,
600273.SH,嘉化能源,2009-10-21,6.0136,6.1511,5.5927,5.6442,21957894,15.8244,911653200,2069550000,-88.5142,
600273.SH,嘉化能源,2009-10-22,5.5583,5.6614,5.3779,5.4982,17405279,12.5434,888064000,2016000000,-86.2239,
600273.SH,嘉化能源,2009-10-23,5.5153,5.7043,5.481,5.6528,11360578,8.1872,913040800,2072700000,-88.6489,
600273.SH,嘉化能源,2009-10-26,5.67,5.67,5.4037,5.481,9133643,6.5823,885288800,2009700000,-53.7485,
600273.SH,嘉化能源,2009-10-27,5.4638,5.8332,5.3349,5.7301,16225083,11.6929,925529200,2101050000,-56.1916,
600273.SH,嘉化能源,2009-10-28,5.7301,6.3057,5.6013,6.1597,23844609,17.1841,994909200,2258550000,-60.4039,
600273.SH,嘉化能源,2009-10-29,6.0136,6.426,5.9277,6.2885,20092950,14.4804,1015723200,2305800000,-61.6675,
600273.SH,嘉化能源,2009-10-30,6.2885,6.4861,6.1425,6.2198,14067921,10.1383,1004622400,2280600000,-60.9936,
600273.SH,嘉化能源,2009-11-02,6.0308,6.4432,6.0136,6.3487,13586064,9.7911,1025436400,2327850000,-62.2573,
600273.SH,嘉化能源,2009-11-03,6.3401,6.9844,6.2713,6.8641,21113069,15.2155,1108692400,2516850000,-67.312,
600273.SH,嘉化能源,2009-11-04,6.8727,7.0531,6.7353,6.8298,15655655,11.2825,1103142000,2504250000,-66.975,
600273.SH,嘉化能源,2009-11-05,6.9157,7.1734,6.7267,7.0617,12179316,8.7773,1140607200,2589300000,-69.2496,
600273.SH,嘉化能源,2009-11-06,7.0789,7.2851,7.0016,7.1304,11622812,8.3762,1151708000,2614500000,-69.9236,
600273.SH,嘉化能源,2009-11-09,7.2163,7.3796,6.9586,7.0617,8758066,6.3117,1140607200,2589300000,-69.2496,
600273.SH,嘉化能源,2009-11-10,7.2163,7.2163,6.7868,6.804,13432722,9.6805,1098979200,2494800000,-66.7223,
600273.SH,嘉化能源,2009-11-11,6.8212,6.9844,6.7868,6.9586,7609938,5.4842,1123956000,2551500000,-68.2387,
600273.SH,嘉化能源,2009-11-12,7.0016,7.2851,6.9157,7.2249,9994487,7.2027,1166971600,2649150000,-70.8503,
600273.SH,嘉化能源,2009-11-13,7.2163,7.4139,7.0359,7.371,7502587,5.4069,1190560800,2702700000,-72.2825,
600273.SH,嘉化能源,2009-11-16,7.4225,7.56,7.3194,7.5084,8643930,6.2294,1212762400,2753100000,-73.6304,
600273.SH,嘉化能源,2009-11-17,7.4998,7.895,7.4225,7.7747,9134821,6.5832,1255778000,2850750000,-76.242,
600273.SH,嘉化能源,2009-11-18,7.6802,7.9466,7.6717,7.7232,7456258,5.3735,1247452400,2831850000,-75.7365,
600273.SH,嘉化能源,2009-11-19,7.706,8.1527,7.5772,8.1184,11238960,8.0996,1311282000,2976750000,-79.6118,
600273.SH,嘉化能源,2009-11-20,8.1613,8.9345,8.0067,8.9345,12182405,8.7795,1443104000,3276000000,-87.6151,
600273.SH,嘉化能源,2009-11-23,8.7627,9.4414,8.6596,8.9689,12574530,9.0621,1448654400,3288600000,-87.9521,
600273.SH,嘉化能源,2009-11-24,9.0032,9.1579,8.5136,8.5565,12681258,9.139,1382049600,3137400000,-83.9083,
600273.SH,嘉化能源,2009-11-25,8.5479,9.3641,8.2301,9.2953,11278904,8.1284,1501383200,3408300000,-91.1534,
600273.SH,嘉化能源,2009-11-26,9.2953,9.2953,9.2953,9.2953,--,--,1501383200,3408300000,-91.1534,
600273.SH,嘉化能源,2009-11-27,9.0204,9.6304,8.8916,9.1493,17320251,12.4822,1477794000,3354750000,-89.7212,
600273.SH,嘉化能源,2009-11-30,9.1149,9.5015,9.1149,9.45,13050333,9.405,1526360000,3465000000,-92.6698,
600273.SH,嘉化能源,2009-12-01,9.5101,10.395,9.3984,10.395,12665623,9.1277,1678996000,3811500000,-101.9368,
600273.SH,嘉化能源,2009-12-02,10.5238,11.4345,10.5238,11.4345,16750512,12.0716,1846895600,4192650000,-112.1305,
600273.SH,嘉化能源,2009-12-03,11.2712,12.5427,10.9791,12.4396,19075326,13.747,2009244800,4561200000,-121.9872,
600273.SH,嘉化能源,2009-12-04,12.7145,12.8691,11.1939,11.9156,20384713,14.6906,1924601200,4369050000,-116.8482,
600273.SH,嘉化能源,2009-12-07,11.6664,12.2678,11.2197,11.6836,11984195,8.6366,1887136000,4284000000,-114.5736,
600273.SH,嘉化能源,2009-12-08,11.5977,11.7695,11.0651,11.3228,9994934,7.203,1828856800,4151700000,-111.0353,
600273.SH,嘉化能源,2009-12-09,11.151,11.6836,10.919,11.529,9294227,6.6981,1862159200,4227300000,-113.0572,
600273.SH,嘉化能源,2009-12-10,11.4259,11.7266,11.1939,11.34,6002165,4.3256,1831632000,4158000000,-111.2038,
600273.SH,嘉化能源,2009-12-11,11.2884,11.4774,11.0651,11.1166,5134158,3.7,1795554400,4076100000,-109.0134,
600273.SH,嘉化能源,2009-12-14,11.1166,12.1905,11.0479,12.1561,11698554,5.4412,3042250000,4457250000,-119.2071,
600273.SH,嘉化能源,2009-12-15,12.0272,12.4997,11.5633,11.7008,10545441,4.9049,2928300000,4290300000,-114.7421,
600273.SH,嘉化能源,2009-12-16,11.5118,11.675,11.2369,11.3915,5952632,2.7687,2850900000,4176900000,-111.7093,
600273.SH,嘉化能源,2009-12-17,11.34,11.4688,11.0736,11.108,4689970,2.1814,2779950000,4072950000,-108.9292,
600273.SH,嘉化能源,2009-12-18,11.108,11.108,9.9998,9.9998,10077556,4.6872,2502600000,3666600000,-98.0615,
600273.SH,嘉化能源,2009-12-21,10.1372,10.5668,9.8795,10.5238,9016939,4.1939,2633750000,3858750000,-103.2005,
600273.SH,嘉化能源,2009-12-22,10.5754,10.73,10.3005,10.4207,6263986,2.9135,2607950000,3820950000,-102.1895,
600273.SH,嘉化能源,2009-12-23,10.395,10.6956,10.2661,10.6871,4886211,2.2727,2674600000,3918600000,-104.8011,
600273.SH,嘉化能源,2009-12-24,10.7472,11.4345,10.5754,11.297,5686962,2.6451,2827250000,4142250000,-110.7825,
600273.SH,嘉化能源,2009-12-25,11.2541,11.4602,11.1767,11.3829,3884295,1.8066,2848750000,4173750000,-111.625,
600273.SH,嘉化能源,2009-12-28,11.3829,11.8898,11.34,11.6492,5267676,2.4501,2915400000,4271400000,-114.2366,
600273.SH,嘉化能源,2009-12-29,11.7609,11.7609,11.2626,11.6063,4600145,2.1396,2904650000,4255650000,-113.8154,
600273.SH,嘉化能源,2009-12-30,11.4774,11.5891,11.0736,11.34,5702123,2.6522,2838000000,4158000000,-111.2038,
600273.SH,嘉化能源,2009-12-31,11.34,11.5805,11.1681,11.5204,4720542,2.1956,2883150000,4224150000,-112.9729,
600273.SH,嘉化能源,2010-01-04,11.5633,11.5633,11.1681,11.2283,3983954,1.853,2810050000,4117050000,-110.1086,
600273.SH,嘉化能源,2010-01-05,11.1853,11.34,11.0049,11.2111,6047309,2.8127,2805750000,4110750000,-109.9401,
600273.SH,嘉化能源,2010-01-06,11.1681,11.3743,11.1681,11.3228,3722242,1.7313,2833700000,4151700000,-111.0353,
600273.SH,嘉化能源,2010-01-07,11.2541,11.3829,10.7472,10.8159,4192238,1.9499,2706850000,3965850000,-106.0648,
600273.SH,嘉化能源,2010-01-08,10.7987,10.8073,10.3091,10.7644,3852007,1.7916,2693950000,3946950000,-105.5593,
600273.SH,嘉化能源,2010-01-11,10.8331,11.0651,10.5238,10.584,2444388,1.1369,2648800000,3880800000,-103.7902,
600273.SH,嘉化能源,2010-01-12,10.5496,11.151,10.5066,11.1166,3211678,1.4938,2782100000,4076100000,-109.0134,
600273.SH,嘉化能源,2010-01-13,10.8245,11.2884,10.8159,10.9534,3986877,1.8544,2741250000,4016250000,-107.4127,
600273.SH,嘉化能源,2010-01-14,10.9534,11.8554,10.9534,11.7523,7672484,3.5686,2941200000,4309200000,-115.2476,
600273.SH,嘉化能源,2010-01-15,11.7695,12.3451,11.7523,11.8984,7765921,3.6121,2977750000,4362750000,-116.6797,
600273.SH,嘉化能源,2010-01-18,11.7695,12.5083,11.6664,12.3966,7226588,3.3612,3102450000,4545450000,-121.5659,
600273.SH,嘉化能源,2010-01-19,12.4052,12.5427,11.9929,12.2162,4013821,1.8669,3057300000,4479300000,-119.7968,
600273.SH,嘉化能源,2010-01-20,12.2334,12.285,11.1681,11.3056,6138179,2.855,2829400000,4145400000,-110.8668,
600273.SH,嘉化能源,2010-01-21,11.4087,11.5977,11.2712,11.4001,2694775,1.2534,2853050000,4180050000,-111.7935,
600273.SH,嘉化能源,2010-01-22,11.2712,11.2712,10.4809,10.9018,3790886,1.7632,2728350000,3997350000,-106.9073,
600273.SH,嘉化能源,2010-01-25,10.8245,10.9963,10.395,10.5238,2073541,0.9644,2633750000,3858750000,-103.2005,
600273.SH,嘉化能源,2010-01-26,10.7644,10.8932,10.1372,10.3692,3260986,1.5167,2595050000,3802050000,-101.6841,
600273.SH,嘉化能源,2010-01-27,10.3091,10.6183,10.1716,10.5066,1986392,0.9239,2629450000,3852450000,-103.032,
600273.SH,嘉化能源,2010-01-28,10.4723,10.6527,10.2231,10.5754,2183744,1.0157,2646650000,3877650000,-103.7059,
600273.SH,嘉化能源,2010-01-29,10.5152,10.919,10.395,10.7816,2279195,1.0601,2698250000,3953250000,-105.7278,
600273.SH,嘉化能源,2010-02-01,10.7816,10.7816,10.2317,10.5066,2461272,1.1448,2629450000,3852450000,-103.032,
600273.SH,嘉化能源,2010-02-02,10.5238,10.6956,9.4586,9.5187,4446863,2.0683,2382200000,3490200000,-93.3438,
600273.SH,嘉化能源,2010-02-03,9.5273,10.1974,8.7369,10.1716,8578919,3.9902,2545600000,3729600000,-99.7464,
600273.SH,嘉化能源,2010-02-04,9.8795,10.4637,9.7936,10.3692,3344520,1.5556,2595050000,3802050000,-101.6841,
600273.SH,嘉化能源,2010-02-05,9.8881,10.1802,9.6647,9.8795,2932907,1.3641,2472500000,3622500000,-96.8821,
600273.SH,嘉化能源,2010-02-08,10.0943,10.0943,9.6905,10.0084,1284317,0.5974,2504750000,3669750000,-98.1458,
600273.SH,嘉化能源,2010-02-09,9.7936,10.0427,9.6562,9.7936,1315550,0.6119,2451000000,3591000000,-96.0396,
600273.SH,嘉化能源,2010-02-10,9.8795,10.0341,9.7936,9.9826,1252251,0.5824,2498300000,3660300000,-97.893,
600273.SH,嘉化能源,2010-02-11,9.9311,10.4809,9.8709,10.395,3072531,1.4291,2601500000,3811500000,-101.9368,
600273.SH,嘉化能源,2010-02-12,10.4121,10.541,10.1286,10.4809,2218807,1.032,2623000000,3843000000,-102.7793,
600273.SH,嘉化能源,2010-02-22,10.2231,10.4809,10.2231,10.395,1391622,0.6473,2601500000,3811500000,-101.9368,
600273.SH,嘉化能源,2010-02-23,10.4637,10.4637,10.1372,10.3262,1254503,0.5835,2584300000,3786300000,-101.2628,
600273.SH,嘉化能源,2010-02-24,10.1802,11.1681,10.163,11.108,5375925,2.5004,2779950000,4072950000,-108.9292,
600273.SH,嘉化能源,2010-02-25,11.0908,11.151,10.9791,11.0479,3153137,1.4666,2764900000,4050900000,-108.3394,
600273.SH,嘉化能源,2010-02-26,11.0479,11.1596,10.8073,11.0307,3383354,1.5737,2760600000,4044600000,-108.1709,
600273.SH,嘉化能源,2010-03-01,10.9877,11.1252,10.8159,11.0565,5270201,2.4513,2767050000,4054050000,-108.4237,
600273.SH,嘉化能源,2010-03-02,11.0565,11.6321,10.9104,11.34,7637023,3.5521,2838000000,4158000000,-111.2038,
600273.SH,嘉化能源,2010-03-03,11.4431,11.8125,11.1939,11.34,8485103,3.9466,2838000000,4158000000,-111.2038,
600273.SH,嘉化能源,2010-03-04,11.34,11.34,10.4207,10.6097,6479797,3.0139,2655250000,3890250000,-104.0429,
600273.SH,嘉化能源,2010-03-05,10.584,10.7214,10.2231,10.4036,3677481,1.7105,2603650000,3814650000,-102.021,
600273.SH,嘉化能源,2010-03-08,10.4723,10.6441,10.1372,10.5238,2413660,1.1226,2633750000,3858750000,-103.2005,
600273.SH,嘉化能源,2010-03-09,10.4637,10.4637,10.2919,10.4121,2328877,1.0832,2605800000,3817800000,-102.1053,
600273.SH,嘉化能源,2010-03-10,10.4809,10.5496,10.2919,10.3176,1644050,0.7647,2582150000,3783150000,-101.1786,
600273.SH,嘉化能源,2010-03-11,10.4637,10.4637,9.8022,10.0599,3929973,1.8279,2517650000,3688650000,-98.6512,
600273.SH,嘉化能源,2010-03-12,10.0599,10.1974,9.7936,10.0341,2426466,1.1286,2511200000,3679200000,-98.3985,
600273.SH,嘉化能源,2010-03-15,10.0513,10.2747,9.8967,10.1974,2876097,1.3377,2552050000,3739050000,-99.9992,
600273.SH,嘉化能源,2010-03-16,10.2747,10.6613,10.1544,10.6011,4488588,2.0877,2653100000,3887100000,-103.9587,
600273.SH,嘉化能源,2010-03-17,10.6183,10.8331,10.5324,10.8245,4108891,1.9111,2709000000,3969000000,-106.1491,
600273.SH,嘉化能源,2010-03-18,11.0135,11.34,10.7644,10.8417,5826117,2.7098,2713300000,3975300000,-106.3176,
600273.SH,嘉化能源,2010-03-19,10.6956,10.9104,10.4981,10.9018,4024308,1.8718,2728350000,3997350000,-106.9073,
600273.SH,嘉化能源,2010-03-22,10.9104,11.0221,10.7128,10.9791,2556495,1.1891,2747700000,4025700000,-107.6655,
600273.SH,嘉化能源,2010-03-23,10.9534,10.9963,10.7042,10.8761,2318163,1.0782,2721900000,3987900000,-106.6545,
600273.SH,嘉化能源,2010-03-24,10.8245,10.919,10.6269,10.8417,3216039,1.4958,2713300000,3975300000,-106.3176,
600273.SH,嘉化能源,2010-03-25,10.7386,10.7386,10.4207,10.4293,2318440,1.0783,2610100000,3824100000,-102.2738,
600273.SH,嘉化能源,2010-03-26,10.4121,10.8245,10.3434,10.8159,3068483,1.4272,2706850000,3965850000,-106.0648,
600273.SH,嘉化能源,2010-03-29,10.8245,10.8932,10.5668,10.6011,2424911,1.1279,2653100000,3887100000,-103.9587,
600273.SH,嘉化能源,2010-03-30,10.6527,11.108,10.6011,11.0135,8364501,3.8905,2756300000,4038300000,-108.0025,
600273.SH,嘉化能源,2010-03-31,11.0221,11.529,10.9963,11.3915,11642690,5.4152,2850900000,4176900000,-111.7093,
600273.SH,嘉化能源,2010-04-01,11.3915,11.6149,11.2626,11.4087,7914741,3.6813,2855200000,4183200000,-111.8777,
600273.SH,嘉化能源,2010-04-02,11.6149,11.6321,11.3829,11.4345,5861456,2.7263,2861650000,4192650000,-112.1305,
600273.SH,嘉化能源,2010-04-06,11.5032,11.5805,11.1767,11.5547,4779919,2.2232,2891750000,4236750000,-113.3099,
600273.SH,嘉化能源,2010-04-07,11.5118,12.3623,11.34,12.1733,9827394,4.5709,3046550000,4463550000,-119.3756,
600273.SH,嘉化能源,2010-04-08,12.1991,12.474,11.9843,12.0272,8200138,3.814,3010000000,4410000000,-117.9434,
600273.SH,嘉化能源,2010-04-09,11.9499,12.6887,11.9241,12.5169,8275312,3.849,3132550000,4589550000,-122.7454,
600273.SH,嘉化能源,2010-04-12,12.5255,13.7712,12.3709,13.7712,14757293,6.8639,3446450000,5049450000,-135.0452,
600273.SH,嘉化能源,2010-04-13,14.132,14.2437,12.955,13.522,15414864,7.1697,3384100000,4958100000,-132.6021,
600273.SH,嘉化能源,2010-04-14,13.6423,13.7884,13.23,13.6423,9117644,4.2408,3414200000,5002200000,-170.3016,
600273.SH,嘉化能源,2010-04-15,13.7884,14.7334,13.5908,14.2265,18401991,8.5591,3560400000,5216400000,-177.5941,
600273.SH,嘉化能源,2010-04-16,13.9602,14.931,13.2214,14.5787,14556741,6.7706,3648550000,5345550000,-181.991,
600273.SH,嘉化能源,2010-04-19,14.1921,14.7935,13.6595,13.8399,10662326,4.9592,3463650000,5074650000,-172.7682,
600273.SH,嘉化能源,2010-04-20,13.7626,14.089,13.2471,14.0117,7123271,3.3131,3506650000,5137650000,-174.913,
600273.SH,嘉化能源,2010-04-21,14.089,15.0942,13.6595,14.6904,10221681,4.7543,3676500000,5386500000,-183.3852,
600273.SH,嘉化能源,2010-04-22,14.3983,16.1337,14.3983,15.6182,17807210,8.2824,3908700000,5726700000,-194.9674,
600273.SH,嘉化能源,2010-04-23,15.2574,15.5065,14.2609,14.4241,22870428,10.6374,3609850000,5288850000,-180.0607,
600273.SH,嘉化能源,2010-04-26,14.175,14.7591,13.7282,13.9086,12254296,5.6997,3480850000,5099850000,-173.6261,
600273.SH,嘉化能源,2010-04-27,13.5135,13.8829,13.2901,13.8399,8876107,4.1284,3463650000,5074650000,-172.7682,
600273.SH,嘉化能源,2010-04-28,13.5564,14.3725,13.4791,13.7798,9178852,4.2692,3448600000,5052600000,-172.0175,
600273.SH,嘉化能源,2010-04-29,13.8743,14.175,13.3846,13.4018,6261480,2.9123,3354000000,4914000000,-167.2988,
600273.SH,嘉化能源,2010-04-30,13.3159,13.4877,12.5513,12.6286,8253484,3.8388,3160500000,4630500000,-157.6469,
600273.SH,嘉化能源,2010-05-04,12.3709,12.8434,12.0444,12.6028,4727553,2.1989,3154050000,4621050000,-157.3252,
600273.SH,嘉化能源,2010-05-05,12.6028,12.6028,12.6028,12.6028,--,--,3154050000,4621050000,-157.3252,
600273.SH,嘉化能源,2010-05-06,13.0238,13.8657,12.9293,13.8657,13578947,6.3158,3470100000,5084100000,-173.0899,
600273.SH,嘉化能源,2010-05-07,13.7282,14.4413,13.376,13.4877,23775783,11.0585,3375500000,4945500000,-168.3712,
600273.SH,嘉化能源,2010-05-10,13.333,13.986,12.6286,13.187,15905002,7.3977,3300250000,4835250000,-164.6177,
600273.SH,嘉化能源,2010-05-11,13.4877,14.2351,13.3674,13.5478,16801110,7.8145,3390550000,4967550000,-169.1219,
600273.SH,嘉化能源,2010-05-12,13.144,13.4877,12.4654,12.5685,12156723,5.6543,3145450000,4608450000,-156.8962,
600273.SH,嘉化能源,2010-05-13,12.4396,13.0324,11.4345,12.9207,10448658,4.8598,3233600000,4737600000,-161.2932,
600273.SH,嘉化能源,2010-05-14,12.7145,13.4877,12.285,13.2729,10769454,5.009,3321750000,4866750000,-165.6901,
600273.SH,嘉化能源,2010-05-17,12.9722,13.187,12.4997,12.809,8474237,3.9415,3205650000,4696650000,-159.899,
600273.SH,嘉化能源,2010-05-18,13.1355,13.4705,12.4825,13.3674,11071428,5.1495,3345400000,4901400000,-166.8698,
600273.SH,嘉化能源,2010-05-19,13.3588,14.4155,13.1612,13.9602,13068026,6.0782,3493750000,5118750000,-174.2695,
600273.SH,嘉化能源,2010-05-20,13.6681,14.553,13.5736,14.1148,12645346,5.8816,3532450000,5175450000,-176.1999,
600273.SH,嘉化能源,2010-05-21,13.7454,14.699,13.5994,14.553,12038416,5.5993,3642100000,5336100000,-181.6693,
600273.SH,嘉化能源,2010-05-24,14.845,15.7213,14.4413,15.2918,16090363,7.4839,3827000000,5607000000,-190.8922,
600273.SH,嘉化能源,2010-05-25,14.9911,15.5495,14.7763,14.9997,11164773,5.1929,3753900000,5499900000,-187.2459,
600273.SH,嘉化能源,2010-05-26,14.931,15.455,14.8279,15.0684,7521077,3.4982,3771100000,5525100000,-188.1039,
600273.SH,嘉化能源,2010-05-27,14.8708,15.5495,14.3554,15.3089,12161595,5.6566,3831300000,5613300000,-191.1067,
600273.SH,嘉化能源,2010-05-28,15.4722,15.5495,14.845,14.8966,8822903,4.1037,3728100000,5462100000,-185.959,
600273.SH,嘉化能源,2010-05-31,14.8193,15.2832,14.4413,14.5358,7216508,3.3565,3637800000,5329800000,-181.4548,
600273.SH,嘉化能源,2010-06-01,14.321,14.5014,13.333,13.8657,8057002,3.7474,3470100000,5084100000,-173.0899,
600273.SH,嘉化能源,2010-06-02,14.0805,14.742,13.5736,14.364,9263095,4.3084,3594800000,5266800000,-179.31,
600273.SH,嘉化能源,2010-06-03,14.2437,14.8536,14.089,14.4327,6822733,3.1734,3612000000,5292000000,-180.1679,
600273.SH,嘉化能源,2010-06-04,14.3897,14.7935,14.2007,14.4585,4045761,1.8817,3618450000,5301450000,-180.4896,
600273.SH,嘉化能源,2010-06-07,14.132,15.1973,14.0461,15.0255,7919128,3.6833,3760350000,5509350000,-187.5677,
600273.SH,嘉化能源,2010-06-08,14.931,15.1973,14.6045,14.9739,5411803,2.5171,3747450000,5490450000,-186.9242,
600273.SH,嘉化能源,2010-06-09,14.9224,15.7213,14.9224,15.5151,10064983,4.6814,3882900000,5688900000,-193.6805,
600273.SH,嘉化能源,2010-06-10,15.5065,15.979,15.2918,15.7643,7963345,3.7039,3945250000,5780250000,-196.7905,
600273.SH,嘉化能源,2010-06-11,15.7729,15.9704,15.0426,15.2059,7173184,3.3364,3805500000,5575500000,-189.8198,
600273.SH,嘉化能源,2010-06-17,15.12,15.3347,14.4327,14.4585,4291995,1.9963,3618450000,5301450000,-180.4896,
600273.SH,嘉化能源,2010-06-18,14.467,14.6303,13.0152,13.0152,10185586,4.7375,3257250000,4772250000,-162.4728,
600273.SH,嘉化能源,2010-06-21,12.809,13.5564,12.7317,13.2901,8210520,3.8188,3326050000,4873050000,-165.9046,
600273.SH,嘉化能源,2010-06-22,13.3159,13.8313,13.23,13.3932,4529643,2.1068,3351850000,4910850000,-167.1915,
600273.SH,嘉化能源,2010-06-23,13.2385,13.4018,12.955,13.1526,4020761,1.8701,3291650000,4822650000,-164.1887,
600273.SH,嘉化能源,2010-06-24,13.3159,13.7025,13.1612,13.5822,6418611,2.9854,3399150000,4980150000,-169.5509,
600273.SH,嘉化能源,2010-06-25,13.4877,13.5478,13.0324,13.2643,2770836,1.2888,3319600000,4863600000,-165.5829,
600273.SH,嘉化能源,2010-06-28,13.2643,13.4361,12.9465,13.2729,2864501,1.3323,3321750000,4866750000,-165.6901,
600273.SH,嘉化能源,2010-06-29,13.376,13.376,12.2506,12.3881,4011348,1.8657,3100300000,4542300000,-154.6441,
600273.SH,嘉化能源,2010-06-30,12.1991,12.4568,11.151,11.151,6471814,3.0101,2790700000,4088700000,-139.2012,
600273.SH,嘉化能源,2010-07-01,11.151,11.5118,10.7386,10.8245,4470508,2.0793,2709000000,3969000000,-135.1259,
600273.SH,嘉化能源,2010-07-02,10.7472,10.8761,9.8881,10.5066,5756114,2.6773,2629450000,3852450000,-131.1579,
600273.SH,嘉化能源,2010-07-05,10.4809,10.4809,9.9826,10.2919,3367091,1.5661,2575700000,3773700000,-128.4769,
600273.SH,嘉化能源,2010-07-06,10.2231,10.9104,10.0857,10.8245,4779888,2.2232,2709000000,3969000000,-135.1259,
600273.SH,嘉化能源,2010-07-07,10.8331,11.4345,10.8245,11.2369,5552725,2.5827,2812200000,4120200000,-140.2736,
600273.SH,嘉化能源,2010-07-08,11.2197,11.3829,10.6527,10.8675,5375020,2.5,2719750000,3984750000,-135.6621,
600273.SH,嘉化能源,2010-07-09,11.0565,11.3657,10.7816,11.2541,4814429,2.2393,2816500000,4126500000,-140.4881,
600273.SH,嘉化能源,2010-07-12,11.1939,11.7867,11.1939,11.6063,5552671,2.5826,2904650000,4255650000,-144.885,
600273.SH,嘉化能源,2010-07-13,11.5891,11.9843,11.3829,11.8296,5930406,2.7583,2960550000,4337550000,-147.6733,
600273.SH,嘉化能源,2010-07-14,11.7695,11.9843,11.5118,11.6664,5400932,2.5121,2919700000,4277700000,-145.6357,
600273.SH,嘉化能源,2010-07-15,11.6406,11.7351,10.962,11.0307,4188784,1.9483,2760600000,4044600000,-137.6998,
600273.SH,嘉化能源,2010-07-16,10.9448,11.4516,10.8073,11.4001,3928933,1.8274,2853050000,4180050000,-142.3112,
600273.SH,嘉化能源,2010-07-19,11.1767,11.7094,11.0822,11.5633,3790000,1.7628,2893900000,4239900000,-144.3488,
600273.SH,嘉化能源,2010-07-20,11.6321,11.9413,11.4946,11.8211,4549589,2.1161,2958400000,4334400000,-147.5661,
600273.SH,嘉化能源,2010-07-21,11.9327,12.3537,11.7351,11.7867,6302536,2.9314,2949800000,4321800000,-147.1371,
600273.SH,嘉化能源,2010-07-22,11.6836,12.2506,11.6149,12.1046,5932349,2.7592,3029350000,4438350000,-151.1051,
600273.SH,嘉化能源,2010-07-23,12.0272,12.096,11.675,11.8898,4254288,1.9787,2975600000,4359600000,-148.424,
600273.SH,嘉化能源,2010-07-26,11.9843,12.1475,11.6922,11.9327,3747959,1.7432,2986350000,4375350000,-148.9603,
600273.SH,嘉化能源,2010-07-27,11.8554,12.3537,11.7781,12.2764,7262986,3.3781,3072350000,4501350000,-153.25,
600273.SH,嘉化能源,2010-07-28,12.2334,12.4482,12.0272,12.3279,6689192,3.1113,3085250000,4520250000,-153.8934,
600273.SH,嘉化能源,2010-07-29,12.3279,12.4396,11.8554,12.1475,5620214,2.6141,3040100000,4454100000,-151.6413,
600273.SH,嘉化能源,2010-07-30,12.1991,12.1991,11.9156,12.0272,3513912,1.6344,3010000000,4410000000,-150.1399,
600273.SH,嘉化能源,2010-08-02,12.0358,12.242,11.8468,12.2076,5789232,2.6927,3055150000,4476150000,-152.392,
600273.SH,嘉化能源,2010-08-03,12.1217,12.2678,11.8554,11.8554,4147035,1.9289,2967000000,4347000000,-147.9951,
600273.SH,嘉化能源,2010-08-04,11.8984,12.1905,11.7351,12.1475,6431593,2.9914,3040100000,4454100000,-151.6413,
600273.SH,嘉化能源,2010-08-05,12.1561,12.7317,12.1303,12.3537,13296407,6.1844,3091700000,4529700000,-154.2151,
600273.SH,嘉化能源,2010-08-06,12.242,12.5341,11.9585,12.4911,12186392,5.6681,3126100000,4580100000,-155.931,
600273.SH,嘉化能源,2010-08-09,12.5427,12.5427,12.2764,12.4482,11273870,5.2437,3115350000,4564350000,-155.3948,
600273.SH,嘉化能源,2010-08-10,12.3966,12.766,12.1303,12.1475,9527261,3.0245,4454100000,4454100000,-151.6413,
600273.SH,嘉化能源,2010-08-11,12.0272,12.1303,11.7266,11.9671,7862257,2.496,4387950000,4387950000,-149.3892,
600273.SH,嘉化能源,2010-08-12,11.7781,11.8898,11.2884,11.3142,11617530,3.6881,4148550000,4148550000,-141.2388,
600273.SH,嘉化能源,2010-08-13,11.2197,11.5118,11.1767,11.4516,5176342,1.6433,4198950000,4198950000,-142.9547,
600273.SH,嘉化能源,2010-08-16,11.3915,11.864,11.34,11.8211,7815853,2.4812,4334400000,4334400000,-147.5661,
600273.SH,嘉化能源,2010-08-17,11.8468,12.3193,11.7266,12.242,9972609,3.1659,4488750000,4488750000,-152.821,
600273.SH,嘉化能源,2010-08-18,12.1389,12.4997,12.0101,12.2764,11348532,3.6027,4501350000,4501350000,-153.25,
600273.SH,嘉化能源,2010-08-19,12.3537,12.852,12.2162,12.5255,17239397,5.4728,4592700000,4592700000,-156.36,
600273.SH,嘉化能源,2010-08-20,12.5169,12.9894,12.2592,12.6973,17593285,5.5852,4655700000,4655700000,-158.5049,
600273.SH,嘉化能源,2010-08-23,12.7231,13.5736,12.4997,13.5306,21753682,6.9059,4961250000,4961250000,-168.9074,
600273.SH,嘉化能源,2010-08-24,13.3416,13.522,12.9808,13.187,17140864,5.4415,4835250000,4835250000,-164.6177,
600273.SH,嘉化能源,2010-08-25,13.041,13.3159,12.5856,12.6114,12780516,4.0573,4624200000,4624200000,-157.4324,
600273.SH,嘉化能源,2010-08-26,12.6715,12.8348,12.3021,12.5341,8400176,2.6667,4595850000,4595850000,-156.4672,
600273.SH,嘉化能源,2010-08-27,12.4997,12.9035,12.2076,12.8863,9061622,2.8767,4725000000,4725000000,-160.8642,
600273.SH,嘉化能源,2010-08-30,12.998,13.1956,12.7575,13.1011,11859236,3.7648,4803750000,4803750000,468.8419,
600273.SH,嘉化能源,2010-08-31,13.0238,13.4791,12.809,13.2901,12392581,3.9342,4873050000,4873050000,475.6055,
600273.SH,嘉化能源,2010-09-01,13.1698,13.2729,12.4224,12.5856,11740188,3.727,4614750000,4614750000,450.3957,
600273.SH,嘉化能源,2010-09-02,12.6715,12.8434,12.4997,12.6372,8275146,2.627,4633650000,4633650000,452.2403,
600273.SH,嘉化能源,2010-09-03,12.6973,13.4705,12.5083,13.0495,15223145,4.8327,4784850000,4784850000,466.9973,
600273.SH,嘉化能源,2010-09-06,13.2128,13.2901,12.5685,12.6114,12318022,3.9105,4624200000,4624200000,451.318,
600273.SH,嘉化能源,2010-09-07,12.5942,12.6887,12.3107,12.5169,9126478,2.8973,4589550000,4589550000,447.9362,
600273.SH,嘉化能源,2010-09-08,12.3623,12.6801,12.2506,12.5856,7284740,2.3126,4614750000,4614750000,450.3957,
600273.SH,嘉化能源,2010-09-09,12.5942,13.0152,12.5427,12.6973,11791525,3.7433,4655700000,4655700000,454.3924,
600273.SH,嘉化能源,2010-09-10,12.6114,13.333,12.5942,13.2385,22126314,7.0242,4854150000,4854150000,473.7609,
600273.SH,嘉化能源,2010-09-13,13.1355,13.5306,12.8863,13.3932,16396028,5.2051,4910850000,4910850000,479.2948,
600273.SH,嘉化能源,2010-09-14,13.4018,13.9086,13.2729,13.6423,17440618,5.5367,5002200000,5002200000,488.2104,
600273.SH,嘉化能源,2010-09-15,13.6509,13.7368,12.9722,13.0495,11879122,3.7711,4784850000,4784850000,466.9973,
600273.SH,嘉化能源,2010-09-16,13.144,13.2128,12.2248,12.62,9218672,2.9266,4627350000,4627350000,451.6254,
600273.SH,嘉化能源,2010-09-17,12.5513,12.6286,12.1733,12.5341,9262426,2.9405,4595850000,4595850000,448.5511,
600273.SH,嘉化能源,2010-09-20,12.5255,12.5341,11.907,12.0444,6359917,2.019,4416300000,4416300000,431.0271,
600273.SH,嘉化能源,2010-09-21,12.0874,12.1475,11.7695,11.8039,3622410,1.15,4328100000,4328100000,422.4189,
600273.SH,嘉化能源,2010-09-27,11.8554,12.1733,11.8125,12.1561,3751028,1.1908,4457250000,4457250000,435.0238,
600273.SH,嘉化能源,2010-09-28,12.1647,12.3279,11.8898,11.9241,3652317,1.1595,4372200000,4372200000,426.723,
600273.SH,嘉化能源,2010-09-29,11.9241,12.1475,11.5204,11.6836,7120152,2.2604,4284000000,4284000000,418.1147,
600273.SH,嘉化能源,2010-09-30,11.5461,11.6836,11.3228,11.6578,5101205,1.6194,4274550000,4274550000,417.1924,
600273.SH,嘉化能源,2010-10-08,11.7266,12.0186,11.7266,11.9585,5361343,1.702,4384800000,4384800000,427.9528,
600273.SH,嘉化能源,2010-10-11,12.0272,12.1131,11.7609,11.9585,9246239,2.9353,4384800000,4384800000,427.9528,
600273.SH,嘉化能源,2010-10-12,11.9327,12.1131,11.7867,11.9757,7992239,2.5372,4391100000,4391100000,428.5676,
600273.SH,嘉化能源,2010-10-13,12.096,12.62,12.0358,12.5942,15240763,4.8383,4617900000,4617900000,450.7031,
600273.SH,嘉化能源,2010-10-14,12.6028,12.62,11.7266,11.7609,13002302,4.1277,4312350000,4312350000,420.8817,
600273.SH,嘉化能源,2010-10-15,11.7695,12.2506,11.5118,11.9156,10485551,3.3287,4369050000,4369050000,426.4156,
600273.SH,嘉化能源,2010-10-18,11.9671,11.9671,10.9104,11.2369,9273959,2.9441,4120200000,4120200000,402.128,
600273.SH,嘉化能源,2010-10-19,11.151,11.5547,11.151,11.5118,5058696,1.6059,4221000000,4221000000,411.966,
600273.SH,嘉化能源,2010-10-20,11.3743,11.7266,11.2025,11.5461,5836095,1.8527,4233600000,4233600000,413.1958,
600273.SH,嘉化能源,2010-10-21,11.5719,11.7523,11.4259,11.6149,5041195,1.6004,4258800000,4258800000,415.6552,
600273.SH,嘉化能源,2010-10-22,11.6836,11.7094,11.5118,11.6492,7382187,2.3436,4271400000,4271400000,416.885,
600273.SH,嘉化能源,2010-10-25,11.718,12.1475,11.7094,11.9671,9768834,3.1012,4387950000,4387950000,97.4309,
600273.SH,嘉化能源,2010-10-26,11.8898,12.5255,11.8812,12.4997,16759475,5.3205,4583250000,4583250000,101.7674,
600273.SH,嘉化能源,2010-10-27,12.3881,12.4224,12.0358,12.0874,11285748,3.5828,4432050000,4432050000,98.4101,
600273.SH,嘉化能源,2010-10-28,12.0272,12.285,12.0272,12.1475,6454248,2.049,4454100000,4454100000,98.8997,
600273.SH,嘉化能源,2010-10-29,12.1303,12.4396,12.1303,12.3709,7732871,2.4549,4536000000,4536000000,100.7182,
600273.SH,嘉化能源,2010-11-01,12.4224,13.0495,12.285,12.9808,18008423,5.717,4759650000,4759650000,105.6842,
600273.SH,嘉化能源,2010-11-02,13.0066,13.3416,12.5083,12.5942,17681229,5.6131,4617900000,4617900000,102.5367,
600273.SH,嘉化能源,2010-11-03,12.6973,13.1355,12.5427,12.766,12149017,3.8568,4680900000,4680900000,103.9356,
600273.SH,嘉化能源,2010-11-04,12.8176,13.0839,12.62,13.0495,10425924,3.3098,4784850000,4784850000,106.2437,
600273.SH,嘉化能源,2010-11-05,13.3159,13.4018,12.8777,13.2471,15567966,4.9422,4857300000,4857300000,107.8524,
600273.SH,嘉化能源,2010-11-08,13.3159,13.3159,12.9808,13.2128,10211451,3.2417,4844700000,4844700000,107.5726,
600273.SH,嘉化能源,2010-11-09,13.2128,13.2471,12.7145,12.8434,11499727,3.6507,4709250000,4709250000,104.5651,
600273.SH,嘉化能源,2010-11-10,12.8691,13.1097,12.8691,13.041,10456276,3.3195,4781700000,4781700000,106.1738,
600273.SH,嘉化能源,2010-11-11,12.9636,13.041,12.7145,12.7317,12183404,3.8677,4668300000,4668300000,103.6558,
600273.SH,嘉化能源,2010-11-12,12.7489,12.852,11.4602,11.7008,11134621,3.5348,4290300000,4290300000,95.2626,
600273.SH,嘉化能源,2010-11-15,11.6063,12.0874,11.6063,12.0358,5488582,1.7424,4413150000,4413150000,97.9904,
600273.SH,嘉化能源,2010-11-16,12.0272,12.1819,11.4259,11.5032,5626349,1.7861,4217850000,4217850000,93.6539,
600273.SH,嘉化能源,2010-11-17,11.4431,11.7351,11.1681,11.2197,4154122,1.3188,4113900000,4113900000,91.3458,
600273.SH,嘉化能源,2010-11-18,11.4431,11.5204,11.2541,11.4431,2313933,0.7346,4195800000,4195800000,93.1643,
600273.SH,嘉化能源,2010-11-19,11.5118,11.6406,11.3314,11.6235,4150437,1.3176,4261950000,4261950000,94.6331,
600273.SH,嘉化能源,2010-11-22,11.5118,11.8125,11.4688,11.7266,4392380,1.3944,4299750000,4299750000,95.4725,
600273.SH,嘉化能源,2010-11-23,11.6836,11.6836,11.1681,11.2712,3412085,1.0832,4132800000,4132800000,91.7655,
600273.SH,嘉化能源,2010-11-24,11.2369,11.5977,11.1681,11.5461,3564402,1.1316,4233600000,4233600000,94.0037,
600273.SH,嘉化能源,2010-11-25,11.5977,12.1991,11.5461,12.0616,6354073,2.0172,4422600000,4422600000,98.2003,
600273.SH,嘉化能源,2010-11-26,12.0272,12.1303,11.6664,12.053,7461453,2.3687,4419450000,4419450000,98.1303,
600273.SH,嘉化能源,2010-11-29,11.9413,12.6114,11.8984,12.4482,10918817,3.4663,4564350000,4564350000,101.3477,
600273.SH,嘉化能源,2010-11-30,12.4568,12.7231,11.7266,12.1303,10463128,3.3216,4447800000,4447800000,98.7598,
600273.SH,嘉化能源,2010-12-01,12.1991,12.8434,12.1303,12.809,14726940,4.6752,4696650000,4696650000,104.2853,
600273.SH,嘉化能源,2010-12-02,12.8777,12.9636,12.4825,12.6028,11187333,3.5515,4621050000,4621050000,102.6067,
600273.SH,嘉化能源,2010-12-03,12.5513,12.6973,12.1217,12.577,6361450,2.0195,4611600000,4611600000,102.3968,
600273.SH,嘉化能源,2010-12-06,12.4654,12.5255,11.8296,11.9843,5045300,1.6017,4394250000,4394250000,97.5708,
600273.SH,嘉化能源,2010-12-07,11.8468,11.9843,11.3915,11.7094,4659458,1.4792,4293450000,4293450000,95.3326,
600273.SH,嘉化能源,2010-12-08,11.8125,11.9413,11.5805,11.907,4108801,1.3044,4365900000,4365900000,96.9413,
600273.SH,嘉化能源,2010-12-09,11.8039,11.8211,11.4774,11.675,3774524,1.1983,4280850000,4280850000,95.0528,
600273.SH,嘉化能源,2010-12-10,11.6836,12.242,11.5118,12.1475,5131233,1.629,4454100000,4454100000,98.8997,
600273.SH,嘉化能源,2010-12-13,12.1389,12.242,12.0101,12.1303,6655059,2.1127,4447800000,4447800000,98.7598,
600273.SH,嘉化能源,2010-12-14,12.1819,12.3451,12.053,12.1905,4982280,1.5817,4469850000,4469850000,99.2494,
600273.SH,嘉化能源,2010-12-15,12.2678,12.4052,12.1131,12.2764,6916667,2.1958,4501350000,4501350000,99.9488,
600273.SH,嘉化能源,2010-12-16,12.2162,12.2592,11.7695,11.864,5122715,1.6263,4350150000,4350150000,96.5916,
600273.SH,嘉化能源,2010-12-17,11.8296,12.0272,11.6406,11.9929,3504455,1.1125,4397400000,4397400000,97.6407,
600273.SH,嘉化能源,2010-12-20,11.9757,12.0015,11.3829,11.6836,4235107,1.3445,4284000000,4284000000,95.1227,
600273.SH,嘉化能源,2010-12-21,11.6406,11.7867,11.5719,11.6836,3291191,1.0448,4284000000,4284000000,95.1227,
600273.SH,嘉化能源,2010-12-22,11.6492,11.7437,11.4516,11.5805,4230667,1.3431,4246200000,4246200000,94.2834,
600273.SH,嘉化能源,2010-12-23,11.5977,11.6149,11.3829,11.4259,2693226,0.855,4189500000,4189500000,93.0245,
600273.SH,嘉化能源,2010-12-24,11.4259,11.5118,11.0994,11.4688,3080071,0.9778,4205250000,4205250000,93.3742,
600273.SH,嘉化能源,2010-12-27,11.4688,11.4688,11.4688,11.4688,--,--,4205250000,4205250000,93.3742,
600273.SH,嘉化能源,2010-12-28,11.0049,11.151,10.541,10.8331,4987559,1.5834,3972150000,3972150000,88.1984,
600273.SH,嘉化能源,2010-12-29,10.773,10.9534,10.6097,10.9362,1934724,0.6142,4009950000,4009950000,89.0377,
600273.SH,嘉化能源,2010-12-30,10.9534,11.0565,10.7901,11.0221,2071418,0.6576,4041450000,4041450000,89.7371,
600273.SH,嘉化能源,2010-12-31,10.9877,11.5547,10.9362,11.4774,4063632,1.29,4208400000,4208400000,93.4441,
600273.SH,嘉化能源,2011-01-04,11.4774,11.4774,11.2798,11.4001,2740590,0.87,4180050000,4180050000,92.8146,
600273.SH,嘉化能源,2011-01-05,11.34,11.4516,11.2369,11.2884,1960502,0.6224,4139100000,4139100000,91.9054,
600273.SH,嘉化能源,2011-01-06,11.2884,11.3571,10.9791,11.0049,2249258,0.7141,4035150000,4035150000,89.5972,
600273.SH,嘉化能源,2011-01-07,10.9104,11.34,10.7644,11.2455,4581467,1.4544,4123350000,4123350000,91.5556,
600273.SH,嘉化能源,2011-01-10,11.297,11.4774,11.0736,11.0994,3216737,1.0212,4069800000,4069800000,90.3666,
600273.SH,嘉化能源,2011-01-11,11.0479,11.0908,10.7386,10.8932,1513502,0.4805,3994200000,3994200000,88.688,
600273.SH,嘉化能源,2011-01-12,10.9104,11.2626,10.6699,11.2455,2812838,0.893,4123350000,4123350000,91.5556,
600273.SH,嘉化能源,2011-01-13,11.2455,11.34,11.0822,11.3142,2321082,0.7369,4148550000,4148550000,92.1152,
600273.SH,嘉化能源,2011-01-14,11.2626,11.3056,11.0908,11.2712,1905503,0.6049,4132800000,4132800000,91.7655,
600273.SH,嘉化能源,2011-01-17,11.151,11.2369,10.8073,10.9791,1713313,0.5439,4025700000,4025700000,89.3874,
600273.SH,嘉化能源,2011-01-18,10.9877,11.1596,10.8245,11.1166,1220606,0.3875,4076100000,4076100000,90.5065,
600273.SH,嘉化能源,2011-01-19,11.0479,11.4688,10.9963,11.3743,2581798,0.8196,4170600000,4170600000,92.6048,
600273.SH,嘉化能源,2011-01-20,11.3743,11.4087,10.9963,11.1424,2313768,0.7345,4085550000,4085550000,90.7163,
600273.SH,嘉化能源,2011-01-21,11.0135,11.4259,11.0135,11.4087,2900191,0.9207,4183200000,4183200000,92.8846,
600273.SH,嘉化能源,2011-01-24,11.4087,11.5977,11.34,11.486,4115098,1.3064,4211550000,4211550000,93.5141,
600273.SH,嘉化能源,2011-01-25,11.4774,11.6578,11.2197,11.4087,3819592,1.2126,4183200000,4183200000,92.8846,
600273.SH,嘉化能源,2011-01-26,11.3571,11.7867,11.3228,11.7523,6522993,2.0708,4309200000,4309200000,95.6823,
600273.SH,嘉化能源,2011-01-27,11.6063,11.9929,11.5805,11.9499,6354713,2.0174,4381650000,4381650000,97.291,
600273.SH,嘉化能源,2011-01-28,11.907,11.9843,11.7781,11.907,4821326,1.5306,4365900000,4365900000,96.9413,
600273.SH,嘉化能源,2011-01-31,11.7867,11.907,11.5977,11.7953,4713877,1.4965,4324950000,4324950000,96.032,
600273.SH,嘉化能源,2011-02-01,11.6836,11.7953,11.6063,11.6664,2738793,0.8695,4277700000,4277700000,94.9829,
600273.SH,嘉化能源,2011-02-09,11.5633,11.7094,11.4259,11.4688,3294648,1.0459,4205250000,4205250000,93.3742,
600273.SH,嘉化能源,2011-02-10,11.4259,11.6664,11.4259,11.6063,3413610,1.0837,4255650000,4255650000,94.4933,
600273.SH,嘉化能源,2011-02-11,11.6149,11.7953,11.5461,11.7695,4638022,1.4724,4315500000,4315500000,95.8222,
600273.SH,嘉化能源,2011-02-14,11.7953,11.9413,11.6578,11.907,6845871,2.1733,4365900000,4365900000,96.9413,
600273.SH,嘉化能源,2011-02-15,11.907,11.9413,11.675,11.6922,4856487,1.5417,4287150000,4287150000,95.1927,
600273.SH,嘉化能源,2011-02-16,11.6836,11.7867,11.5633,11.7867,4388911,1.3933,4321800000,4321800000,95.9621,
600273.SH,嘉化能源,2011-02-17,11.8039,12.1991,11.6149,12.1217,10616894,3.3704,4444650000,4444650000,98.6899,
600273.SH,嘉化能源,2011-02-18,12.0874,12.2592,11.8984,12.1905,7804005,2.4775,4469850000,4469850000,99.2494,
600273.SH,嘉化能源,2011-02-21,12.0702,12.3279,12.0358,12.2936,7475838,2.3733,4507650000,4507650000,100.0887,
600273.SH,嘉化能源,2011-02-22,12.2936,12.3537,11.7781,11.7867,6173813,1.9599,4321800000,4321800000,95.9621,
600273.SH,嘉化能源,2011-02-23,11.7695,11.8468,11.5461,11.6922,4204216,1.3347,4287150000,4287150000,95.1927,
600273.SH,嘉化能源,2011-02-24,11.6922,11.8554,11.5204,11.8125,3510105,1.1143,4331250000,4331250000,96.1719,
600273.SH,嘉化能源,2011-02-25,11.7351,12.0702,11.6836,12.0186,5105648,1.6208,4406850000,4406850000,97.8505,
600273.SH,嘉化能源,2011-02-28,12.0272,12.0272,11.8898,11.9499,3129028,0.9933,4381650000,4381650000,97.291,
600273.SH,嘉化能源,2011-03-01,11.9929,12.1905,11.8726,11.9327,5030819,1.5971,4375350000,4375350000,97.1511,
600273.SH,嘉化能源,2011-03-02,11.864,12.0272,11.5977,11.9499,4745850,1.5066,4381650000,4381650000,97.291,
600273.SH,嘉化能源,2011-03-03,11.9241,12.1647,11.7266,11.9241,4608985,1.4632,4372200000,4372200000,97.0812,
600273.SH,嘉化能源,2011-03-04,11.8554,12.1647,11.7437,12.1303,5328350,1.6915,4447800000,4447800000,98.7598,
600273.SH,嘉化能源,2011-03-07,12.1561,12.2248,12.096,12.1647,5517091,1.7515,4460400000,4460400000,99.0396,
600273.SH,嘉化能源,2011-03-08,12.1991,12.474,12.1647,12.3881,8302729,2.6358,4542300000,4542300000,100.8581,
600273.SH,嘉化能源,2011-03-09,12.3881,12.4224,12.1733,12.2592,4459021,1.4156,4495050000,4495050000,99.8089,
600273.SH,嘉化能源,2011-03-10,12.2592,12.2592,12.053,12.0616,2961339,0.9401,4422600000,4422600000,98.2003,
600273.SH,嘉化能源,2011-03-11,12.0616,12.1561,11.9241,11.9929,2909018,0.9235,4397400000,4397400000,97.6407,
600273.SH,嘉化能源,2011-03-14,11.9413,12.0186,11.8382,11.9413,3701780,1.1752,4378500000,4378500000,97.221,
600273.SH,嘉化能源,2011-03-15,11.9413,11.9413,11.5977,11.8984,4329775,1.3745,4362750000,4362750000,96.8713,
600273.SH,嘉化能源,2011-03-16,11.8554,12.285,11.7437,12.1733,6549353,2.0792,4463550000,4463550000,99.1095,
600273.SH,嘉化能源,2011-03-17,12.0788,12.3107,11.8898,12.2678,6017768,1.9104,4498200000,4498200000,99.8789,
600273.SH,嘉化能源,2011-03-18,12.2936,12.4997,12.2076,12.4224,7664661,2.4332,4554900000,4554900000,101.1379,
600273.SH,嘉化能源,2011-03-21,12.4224,12.4997,12.053,12.096,4102143,1.3023,4435200000,4435200000,98.48,
600273.SH,嘉化能源,2011-03-22,12.0788,12.1046,11.8554,12.0444,2620472,0.8319,4416300000,4416300000,98.0604,
600273.SH,嘉化能源,2011-03-23,12.0616,12.1819,12.0101,12.1561,1881980,0.5975,4457250000,4457250000,98.9696,
600273.SH,嘉化能源,2011-03-24,12.1733,12.7145,12.053,12.6372,9171517,2.9116,4633650000,4633650000,102.8864,
600273.SH,嘉化能源,2011-03-25,12.6887,12.6973,12.431,12.6286,6164204,1.9569,4630500000,4630500000,102.8165,
600273.SH,嘉化能源,2011-03-28,12.6286,13.2128,12.6286,12.9465,12810116,4.0667,4747050000,4747050000,105.4044,
600273.SH,嘉化能源,2011-03-29,12.8863,13.0238,12.5942,12.6114,6062563,1.9246,4624200000,4624200000,102.6766,
600273.SH,嘉化能源,2011-03-30,12.5856,12.8691,12.3279,12.7231,6263386,1.9884,4665150000,4665150000,103.5859,
600273.SH,嘉化能源,2011-03-31,12.7231,12.7231,12.7231,12.7231,--,--,4665150000,4665150000,33.3115,
600273.SH,嘉化能源,2011-04-01,12.7231,12.7231,12.7231,12.7231,--,--,4665150000,4665150000,33.3115,
600273.SH,嘉化能源,2011-04-06,12.7231,12.7231,12.7231,12.7231,--,--,4665150000,4665150000,33.3115,
600273.SH,嘉化能源,2011-04-07,12.7231,12.7231,12.7231,12.7231,--,--,4665150000,4665150000,33.3115,
600273.SH,嘉化能源,2011-04-08,12.7231,12.7231,12.7231,12.7231,--,--,4665150000,4665150000,33.3115,
600273.SH,嘉化能源,2011-04-11,12.7231,12.7231,12.7231,12.7231,--,--,4665150000,4665150000,33.3115,
600273.SH,嘉化能源,2011-04-12,12.7231,12.7231,12.7231,12.7231,--,--,4665150000,4665150000,33.3115,
600273.SH,嘉化能源,2011-04-13,12.7231,12.7231,12.7231,12.7231,--,--,4665150000,4665150000,33.3115,
600273.SH,嘉化能源,2011-04-14,12.7231,12.7231,12.7231,12.7231,--,--,4665150000,4665150000,33.3115,
600273.SH,嘉化能源,2011-04-15,12.7231,12.7231,12.7231,12.7231,--,--,4665150000,4665150000,33.3115,
600273.SH,嘉化能源,2011-04-18,12.7231,12.7231,12.7231,12.7231,--,--,4665150000,4665150000,33.3115,
600273.SH,嘉化能源,2011-04-19,12.7231,12.7231,12.7231,12.7231,--,--,4665150000,4665150000,33.3115,
600273.SH,嘉化能源,2011-04-20,12.7231,12.7231,12.7231,12.7231,--,--,4665150000,4665150000,33.3115,
600273.SH,嘉化能源,2011-04-21,12.7231,12.7231,12.7231,12.7231,--,--,4665150000,4665150000,33.3115,
600273.SH,嘉化能源,2011-04-22,12.7231,12.7231,12.7231,12.7231,--,--,4665150000,4665150000,33.3115,
600273.SH,嘉化能源,2011-04-25,12.7231,12.7231,12.7231,12.7231,--,--,4665150000,4665150000,33.3115,
600273.SH,嘉化能源,2011-04-26,12.7231,12.7231,12.7231,12.7231,--,--,4665150000,4665150000,33.3115,
600273.SH,嘉化能源,2011-04-27,12.7231,12.7231,12.7231,12.7231,--,--,4665150000,4665150000,31.3305,
600273.SH,嘉化能源,2011-04-28,12.7231,12.7231,12.7231,12.7231,--,--,4665150000,4665150000,31.3305,
600273.SH,嘉化能源,2011-04-29,12.7231,12.7231,12.7231,12.7231,--,--,4665150000,4665150000,31.3305,
600273.SH,嘉化能源,2011-05-03,12.7231,12.7231,12.7231,12.7231,--,--,4665150000,4665150000,31.3305,
600273.SH,嘉化能源,2011-05-04,12.7231,12.7231,12.7231,12.7231,--,--,4665150000,4665150000,31.3305,
600273.SH,嘉化能源,2011-05-05,12.7231,12.7231,12.7231,12.7231,--,--,4665150000,4665150000,31.3305,
600273.SH,嘉化能源,2011-05-06,12.7231,12.7231,12.7231,12.7231,--,--,4665150000,4665150000,31.3305,
600273.SH,嘉化能源,2011-05-09,12.7231,12.7231,12.7231,12.7231,--,--,4665150000,4665150000,31.3305,
600273.SH,嘉化能源,2011-05-10,12.7231,12.7231,12.7231,12.7231,--,--,4665150000,4665150000,31.3305,
600273.SH,嘉化能源,2011-05-11,12.7231,12.7231,12.7231,12.7231,--,--,4665150000,4665150000,31.3305,
600273.SH,嘉化能源,2011-05-12,12.7231,12.7231,12.7231,12.7231,--,--,4665150000,4665150000,31.3305,
600273.SH,嘉化能源,2011-05-13,12.7231,12.7231,12.7231,12.7231,--,--,4665150000,4665150000,31.3305,
600273.SH,嘉化能源,2011-05-16,12.7231,12.7231,12.7231,12.7231,--,--,4665150000,4665150000,31.3305,
600273.SH,嘉化能源,2011-05-17,11.5118,12.1819,11.4516,11.8125,30522988,9.6898,4331250000,4331250000,29.0881,
600273.SH,嘉化能源,2011-05-18,11.7953,11.7953,11.4173,11.5032,21644712,6.8713,4217850000,4217850000,28.3265,
600273.SH,嘉化能源,2011-05-19,11.5897,11.7369,11.4339,11.7196,18876542,5.9926,4265100000,4265100000,28.6439,
600273.SH,嘉化能源,2011-05-20,11.7282,11.8408,11.5292,11.7542,18094552,5.7443,4277700000,4277700000,28.7285,
600273.SH,嘉化能源,2011-05-23,11.7715,12.1004,11.3474,12.0658,33910528,10.7652,4391100000,4391100000,29.4901,
600273.SH,嘉化能源,2011-05-24,11.9446,12.7323,11.7802,12.5159,38003604,12.0646,4554900000,4554900000,30.5901,
600273.SH,嘉化能源,2011-05-25,12.3601,12.3601,11.7802,11.9879,21760237,6.908,4362750000,4362750000,29.2997,
600273.SH,嘉化能源,2011-05-26,11.9013,12.0225,10.7934,10.7934,20486612,6.5037,3928050000,3928050000,26.3803,
600273.SH,嘉化能源,2011-05-27,10.0058,10.2828,9.7115,9.7115,5087600,1.6151,3534300000,3534300000,23.7359,
600273.SH,嘉化能源,2011-05-30,9.0883,9.2614,8.7421,8.7421,16765959,5.3225,3181500000,3181500000,21.3665,
600273.SH,嘉化能源,2011-05-31,8.5776,8.7507,8.3093,8.7421,17965616,5.7034,3181500000,3181500000,21.3665,
600273.SH,嘉化能源,2011-06-01,8.6122,8.8633,8.517,8.7421,14287829,4.5358,3181500000,3181500000,21.3665,
600273.SH,嘉化能源,2011-06-02,8.543,8.6296,8.0064,8.292,14163095,4.4962,3017700000,3017700000,20.2665,
600273.SH,嘉化能源,2011-06-03,8.266,8.5343,8.2227,8.4218,9952961,3.1597,3064950000,3064950000,20.5838,
600273.SH,嘉化能源,2011-06-07,8.3006,8.8979,8.3006,8.7767,15084861,4.7888,3194100000,3194100000,21.4512,
600273.SH,嘉化能源,2011-06-08,8.7594,8.8546,8.569,8.7248,9695384,3.0779,3175200000,3175200000,21.3242,
600273.SH,嘉化能源,2011-06-09,8.6469,8.8286,8.4045,8.4391,10333733,3.2806,3071250000,3071250000,20.6261,
600273.SH,嘉化能源,2011-06-10,8.4738,8.4738,8.0323,8.1448,9900536,3.143,2964150000,2964150000,19.9069,
600273.SH,嘉化能源,2011-06-13,8.0929,8.1102,7.8852,8.0496,8058203,2.5582,2929500000,2929500000,19.6741,
600273.SH,嘉化能源,2011-06-14,8.0064,8.2747,7.9631,8.1795,8958643,2.844,2976750000,2976750000,19.9915,
600273.SH,嘉化能源,2011-06-15,8.1362,8.1795,7.9544,7.9717,6667027,2.1165,2901150000,2901150000,19.4837,
600273.SH,嘉化能源,2011-06-16,7.8765,7.9717,7.7467,7.8679,8693052,2.7597,2863350000,2863350000,19.2299,
600273.SH,嘉化能源,2011-06-17,7.8246,7.9111,7.6428,7.6515,7238505,2.2979,2784600000,2784600000,18.701,
600273.SH,嘉化能源,2011-06-20,7.6515,7.6948,7.4005,7.513,6236267,1.9798,2734200000,2734200000,18.3625,
600273.SH,嘉化能源,2011-06-21,7.5216,7.7207,7.4697,7.7121,8262789,2.6231,2806650000,2806650000,18.8491,
600273.SH,嘉化能源,2011-06-22,7.7207,7.7294,7.539,7.5476,6075058,1.9286,2746800000,2746800000,18.4472,
600273.SH,嘉化能源,2011-06-23,7.5216,7.9198,7.487,7.8159,12558856,3.9869,2844450000,2844450000,19.103,
600273.SH,嘉化能源,2011-06-24,7.7727,8.1362,7.6948,7.9717,13972042,4.4356,2901150000,2901150000,19.4837,
600273.SH,嘉化能源,2011-06-27,7.989,8.2574,7.9285,8.1362,11550702,3.6669,2961000000,2961000000,19.8857,
600273.SH,嘉化能源,2011-06-28,8.1362,8.2833,7.9631,8.041,9895213,3.1413,2926350000,2926350000,19.653,
600273.SH,嘉化能源,2011-06-29,8.0064,8.1189,7.8159,7.8332,7944125,2.5219,2850750000,2850750000,19.1453,
600273.SH,嘉化能源,2011-06-30,7.8246,7.9804,7.8246,7.9025,6891805,2.1879,2875950000,2875950000,19.3145,
600273.SH,嘉化能源,2011-07-01,7.9285,8.6901,7.9285,8.6901,17382374,5.5182,3162600000,3162600000,21.2396,
600273.SH,嘉化能源,2011-07-04,9.0537,9.5384,8.9412,9.3999,47805021,15.1762,3420900000,3420900000,22.9743,
600273.SH,嘉化能源,2011-07-05,9.2268,9.3047,8.9152,9.1316,27433596,8.7091,3323250000,3323250000,22.3185,
600273.SH,嘉化能源,2011-07-06,9.0017,9.1749,8.9498,9.1489,15650368,4.9684,3329550000,3329550000,22.3608,
600273.SH,嘉化能源,2011-07-07,9.0796,9.3047,8.9152,8.9238,16769918,5.3238,3247650000,3247650000,21.8108,
600273.SH,嘉化能源,2011-07-08,8.82,8.8979,8.7248,8.8546,9651384,3.0639,3222450000,3222450000,21.6416,
600273.SH,嘉化能源,2011-07-11,8.7854,9.0364,8.7421,9.0104,8788230,2.7899,3279150000,3279150000,22.0224,
600273.SH,嘉化能源,2011-07-12,8.9152,9.1575,8.768,8.9152,10193572,3.2361,3244500000,3244500000,21.7896,
600273.SH,嘉化能源,2011-07-13,8.9325,9.0883,8.8373,9.0796,9156662,2.9069,3304350000,3304350000,22.1916,
600273.SH,嘉化能源,2011-07-14,9.045,9.1316,8.8286,9.0104,10671100,3.3877,3279150000,3279150000,22.0224,
600273.SH,嘉化能源,2011-07-15,8.7507,8.794,8.5603,8.7334,17171743,5.4513,3178350000,3178350000,21.3454,
600273.SH,嘉化能源,2011-07-18,8.6728,8.8459,8.6209,8.794,9974902,3.1666,3200400000,3200400000,21.4935,
600273.SH,嘉化能源,2011-07-19,8.794,8.794,8.543,8.5776,7393030,2.347,3121650000,3121650000,20.9646,
600273.SH,嘉化能源,2011-07-20,8.569,8.6901,8.517,8.6296,5705472,1.8113,3140550000,3140550000,21.0915,
600273.SH,嘉化能源,2011-07-21,8.6209,8.6382,8.1881,8.2054,10574378,3.3569,2986200000,2986200000,20.0549,
600273.SH,嘉化能源,2011-07-22,8.1968,8.3006,8.1102,8.1535,5735662,1.8208,2967300000,2967300000,19.928,
600273.SH,嘉化能源,2011-07-25,8.1189,8.1189,7.4437,7.5476,8192626,2.6008,2746800000,2746800000,18.4472,
600273.SH,嘉化能源,2011-07-26,7.513,7.989,7.487,7.8592,7324143,2.3251,2860200000,2860200000,19.2087,
600273.SH,嘉化能源,2011-07-27,7.8159,7.9111,7.7034,7.8938,4974837,1.5793,2872800000,2872800000,19.2934,
600273.SH,嘉化能源,2011-07-28,7.7813,7.8073,7.5822,7.7553,5822306,1.8484,2822400000,2822400000,18.9549,
600273.SH,嘉化能源,2011-07-29,7.7727,7.8246,7.5995,7.6428,4094044,1.2997,2781450000,2781450000,18.6799,
600273.SH,嘉化能源,2011-08-01,7.6082,7.8332,7.539,7.6948,4148597,1.317,2800350000,2800350000,18.8068,
600273.SH,嘉化能源,2011-08-02,7.6688,7.6688,7.4264,7.5736,6367810,2.0215,2756250000,2756250000,18.5106,
600273.SH,嘉化能源,2011-08-03,7.4264,7.6601,7.3485,7.5995,4075520,1.2938,2765700000,2765700000,18.5741,
600273.SH,嘉化能源,2011-08-04,7.6082,7.764,7.5822,7.7294,4344257,1.3791,2812950000,2812950000,18.8914,
600273.SH,嘉化能源,2011-08-05,7.4351,7.6601,7.3485,7.5043,4236666,1.345,2731050000,2731050000,18.3414,
600273.SH,嘉化能源,2011-08-08,7.3658,7.6601,6.9244,7.0543,7409009,2.3521,2567250000,2567250000,17.2413,
600273.SH,嘉化能源,2011-08-09,6.7946,7.0975,6.3705,7.0629,7817440,2.4817,2570400000,2570400000,17.2625,
600273.SH,嘉化能源,2011-08-10,7.1148,7.513,7.1148,7.2101,7154815,2.2714,2623950000,2623950000,17.6221,
600273.SH,嘉化能源,2011-08-11,6.9417,7.3399,6.8811,7.2793,5038218,1.5994,2649150000,2649150000,17.7914,
600273.SH,嘉化能源,2011-08-12,7.3485,8.0064,7.236,8.0064,15528037,4.9295,2913750000,2913750000,19.5684,
600273.SH,嘉化能源,2011-08-15,8.2227,8.4478,7.8679,7.9371,28186187,8.948,2888550000,2888550000,19.3991,
600273.SH,嘉化能源,2011-08-16,7.8765,8.0064,7.7121,7.7294,12815223,4.0683,2812950000,2812950000,18.8914,
600273.SH,嘉化能源,2011-08-17,7.6428,8.0323,7.6082,7.8073,11548552,3.6662,2841300000,2841300000,19.0818,
600273.SH,嘉化能源,2011-08-18,7.6255,7.738,7.2966,7.3139,11686056,3.7099,2661750000,2661750000,34.1423,
600273.SH,嘉化能源,2011-08-19,6.9764,8.0496,6.9764,8.0496,18943924,6.0139,2929500000,2929500000,37.5768,
600273.SH,嘉化能源,2011-08-22,8.2227,8.3699,7.8592,7.9371,25535196,8.1064,2888550000,2888550000,37.0515,
600273.SH,嘉化能源,2011-08-23,7.8159,8.4478,7.8159,8.2833,25769242,8.1807,3014550000,3014550000,38.6677,
600273.SH,嘉化能源,2011-08-24,8.2141,8.5863,8.0756,8.3872,26151120,8.3019,3052350000,3052350000,39.1525,
600273.SH,嘉化能源,2011-08-25,8.318,9.1662,8.3093,9.0537,33605182,10.6683,3294900000,3294900000,42.2637,
600273.SH,嘉化能源,2011-08-26,9.045,9.3047,8.8373,9.1316,25932005,8.2324,3323250000,3323250000,42.6274,
600273.SH,嘉化能源,2011-08-29,9.1402,9.1489,8.8719,9.045,14678419,4.6598,3291750000,3291750000,42.2233,
600273.SH,嘉化能源,2011-08-30,9.045,9.6682,9.0017,9.2268,20842215,6.6166,3357900000,3357900000,43.0718,
600273.SH,嘉化能源,2011-08-31,9.296,9.3826,9.0883,9.3307,16191343,5.1401,3395700000,3395700000,43.5567,
600273.SH,嘉化能源,2011-09-01,9.4951,10.2135,9.3999,10.0664,34881957,11.0736,3663450000,3663450000,46.9911,
600273.SH,嘉化能源,2011-09-02,10.0664,10.1183,9.0623,9.0623,23421407,7.4354,3298050000,3298050000,42.3041,
600273.SH,嘉化能源,2011-09-05,8.3959,8.569,8.1535,8.1535,30422733,9.658,2967300000,2967300000,38.0616,
600273.SH,嘉化能源,2011-09-06,7.7727,7.9025,7.487,7.5822,33326450,10.5798,2759400000,2759400000,35.3949,
600273.SH,嘉化能源,2011-09-07,7.6861,7.7467,7.5043,7.6428,22929062,7.2791,2781450000,2781450000,35.6777,
600273.SH,嘉化能源,2011-09-08,7.6428,7.9977,7.487,7.7034,31166323,9.8941,2803500000,2803500000,35.9605,
600273.SH,嘉化能源,2011-09-09,7.5649,7.6515,7.262,7.3053,20219886,6.419,2658600000,2658600000,34.1019,
600273.SH,嘉化能源,2011-09-13,7.1754,7.1754,6.9504,7.0543,10564469,3.3538,2567250000,2567250000,32.9302,
600273.SH,嘉化能源,2011-09-14,7.0629,7.1927,6.8811,7.1841,11374709,3.611,2614500000,2614500000,33.5362,
600273.SH,嘉化能源,2011-09-15,7.1927,7.2793,7.1062,7.1754,11876019,3.7702,2611350000,2611350000,33.4958,
600273.SH,嘉化能源,2011-09-16,7.2101,7.2274,7.011,7.0283,9282499,2.9468,2557800000,2557800000,32.8089,
600273.SH,嘉化能源,2011-09-19,7.0023,7.0023,6.6648,6.708,8805761,2.7955,2441250000,2441250000,31.314,
600273.SH,嘉化能源,2011-09-20,6.7253,6.9071,6.6821,6.8032,8006274,2.5417,2475900000,2475900000,31.7584,
600273.SH,嘉化能源,2011-09-21,6.76,7.1322,6.734,7.0629,10806133,3.4305,2570400000,2570400000,32.9706,
600273.SH,嘉化能源,2011-09-22,7.011,7.3918,6.8292,7.3572,20673800,6.5631,2677500000,2677500000,34.3443,
600273.SH,嘉化能源,2011-09-23,7.2014,8.0929,7.1408,8.0929,43548037,13.8248,2945250000,2945250000,37.7788,
600273.SH,嘉化能源,2011-09-26,8.1362,8.3266,8.0064,8.1968,49177473,15.6119,2983050000,2983050000,38.2636,
600273.SH,嘉化能源,2011-09-27,8.1881,8.3353,7.7727,7.9198,30962692,9.8294,2882250000,2882250000,36.9707,
600273.SH,嘉化能源,2011-09-28,7.9458,8.1275,7.5649,7.9111,33471636,10.6259,2879100000,2879100000,36.9303,
600273.SH,嘉化能源,2011-09-29,7.6861,7.9371,7.4437,7.5909,27205182,8.6366,2762550000,2762550000,35.4353,
600273.SH,嘉化能源,2011-09-30,7.6169,7.8765,7.5476,7.8159,13370427,4.2446,2844450000,2844450000,36.4858,
600273.SH,嘉化能源,2011-10-10,7.8159,8.5949,7.7294,8.5949,49386787,15.6783,3127950000,3127950000,40.1223,
600273.SH,嘉化能源,2011-10-11,8.6555,8.7507,8.4045,8.5517,49982400,15.8674,3112200000,3112200000,39.9202,
600273.SH,嘉化能源,2011-10-12,8.3959,8.7854,8.3093,8.7248,38773410,12.309,3175200000,3175200000,40.7283,
600273.SH,嘉化能源,2011-10-13,8.6642,8.6901,8.4132,8.5343,27471797,8.7212,3105900000,3105900000,39.8394,
600273.SH,嘉化能源,2011-10-14,8.3959,8.6988,8.1535,8.569,26244221,8.3315,3118500000,3118500000,40.0011,
600273.SH,嘉化能源,2011-10-17,8.5257,8.5257,8.266,8.3266,16533500,5.2487,3030300000,3030300000,38.8697,
600273.SH,嘉化能源,2011-10-18,8.266,8.266,7.4957,7.4957,18732858,5.9469,2727900000,2727900000,34.9908,
600273.SH,嘉化能源,2011-10-19,7.236,7.4611,7.0543,7.2706,17677290,5.6118,2646000000,2646000000,33.9403,
600273.SH,嘉化能源,2011-10-20,7.0543,7.262,6.8898,6.9937,11657336,3.7007,2545200000,2545200000,32.6473,
600273.SH,嘉化能源,2011-10-21,6.9244,7.3399,6.9244,7.2533,14860135,4.7175,2639700000,2639700000,33.8595,
600273.SH,嘉化能源,2011-10-24,7.1841,7.1841,6.5263,7.0196,16756779,5.3196,2554650000,2554650000,-98.4802,
600273.SH,嘉化能源,2011-10-25,6.8898,7.4351,6.8379,7.3918,19749737,6.2698,2690100000,2690100000,-103.7017,
600273.SH,嘉化能源,2011-10-26,7.2793,8.1275,7.2274,8.1275,29554773,9.3825,2957850000,2957850000,-114.0233,
600273.SH,嘉化能源,2011-10-27,8.1275,8.3006,7.9977,8.1275,37026843,11.7546,2957850000,2957850000,-114.0233,
600273.SH,嘉化能源,2011-10-28,8.1189,8.3353,8.1016,8.1795,30136367,9.5671,2976750000,2976750000,-114.7519,
600273.SH,嘉化能源,2011-10-31,8.1795,9.0017,8.0583,9.0017,50437722,16.012,3276000000,3276000000,-126.2878,
600273.SH,嘉化能源,2011-11-01,8.8719,8.8806,8.6642,8.7767,37488104,11.901,3194100000,3194100000,-123.1306,
600273.SH,嘉化能源,2011-11-02,8.5776,8.9585,8.4651,8.82,39129064,12.4219,3209850000,3209850000,-123.7378,
600273.SH,嘉化能源,2011-11-03,8.8286,8.8979,8.6296,8.6555,28121722,8.9275,3150000000,3150000000,-121.4306,
600273.SH,嘉化能源,2011-11-04,8.6382,8.6901,8.266,8.3785,27108231,8.6058,3049200000,3049200000,-117.5448,
600273.SH,嘉化能源,2011-11-07,8.2747,8.6382,8.2314,8.4738,19780417,6.2795,3083850000,3083850000,-118.8806,
600273.SH,嘉化能源,2011-11-08,8.3959,8.9238,8.3959,8.6469,23003214,7.3026,3146850000,3146850000,-121.3092,
600273.SH,嘉化能源,2011-11-09,8.6642,8.9931,8.3959,8.6209,22041214,6.9972,3137400000,3137400000,-120.9449,
600273.SH,嘉化能源,2011-11-10,8.4305,8.5257,8.1968,8.2141,18082272,5.7404,2989350000,2989350000,-115.2376,
600273.SH,嘉化能源,2011-11-11,8.1881,8.4651,8.1881,8.3353,10520248,3.3398,3033450000,3033450000,-116.9377,
600273.SH,嘉化能源,2011-11-14,8.4911,8.8979,8.3959,8.6988,19596784,6.2212,3165750000,3165750000,-122.0378,
600273.SH,嘉化能源,2011-11-15,8.6209,8.9585,8.4824,8.82,22104719,7.0174,3209850000,3209850000,-123.7378,
600273.SH,嘉化能源,2011-11-16,8.6988,9.0191,8.5517,8.6122,22402500,7.1119,3134250000,3134250000,-120.8234,
600273.SH,嘉化能源,2011-11-17,8.4824,8.7334,8.3959,8.4911,11490646,3.6478,3090150000,3090150000,-119.1234,
600273.SH,嘉化能源,2011-11-18,8.4045,8.4738,7.6428,7.7034,18545129,5.8873,2803500000,2803500000,-108.0732,
600273.SH,嘉化能源,2011-11-21,7.7727,8.015,7.6255,7.8679,9731892,3.0895,2863350000,2863350000,-110.3804,
600273.SH,嘉化能源,2011-11-22,7.7034,7.9285,7.539,7.8852,8571271,2.721,2869650000,2869650000,-110.6233,
600273.SH,嘉化能源,2011-11-23,7.8852,7.9371,7.7034,7.79,6795110,2.1572,2835000000,2835000000,-109.2875,
600273.SH,嘉化能源,2011-11-24,7.5995,7.8332,7.5736,7.6948,5520689,1.7526,2800350000,2800350000,-107.9518,
600273.SH,嘉化能源,2011-11-25,7.6255,8.1708,7.6255,8.0064,15391957,4.8863,2913750000,2913750000,-112.3233,
600273.SH,嘉化能源,2011-11-28,8.0669,8.0669,7.8592,7.9371,8767027,2.7832,2888550000,2888550000,-111.3519,
600273.SH,嘉化能源,2011-11-29,7.9977,8.041,7.8679,8.0064,8098394,2.5709,2913750000,2913750000,-112.3233,
600273.SH,嘉化能源,2011-11-30,7.989,8.1362,7.2706,7.5736,13033831,4.1377,2756250000,2756250000,-106.2518,
600273.SH,嘉化能源,2011-12-01,7.7986,8.0583,7.6255,7.9631,12398851,3.9361,2898000000,2898000000,-111.7161,
600273.SH,嘉化能源,2011-12-02,7.9285,8.1535,7.8419,7.9371,11817486,3.7516,2888550000,2888550000,-111.3519,
600273.SH,嘉化能源,2011-12-05,7.8765,7.9371,7.2966,7.6082,9214075,2.9251,2768850000,2768850000,-106.7375,
600273.SH,嘉化能源,2011-12-06,7.5216,7.6948,7.3745,7.5649,5837046,1.853,2753100000,2753100000,-106.1303,
600273.SH,嘉化能源,2011-12-07,7.5649,7.6948,7.4611,7.5476,4951366,1.5719,2746800000,2746800000,-105.8875,
600273.SH,嘉化能源,2011-12-08,7.5736,8.1016,7.3572,7.7986,13998682,4.444,2838150000,2838150000,-109.409,
600273.SH,嘉化能源,2011-12-09,7.7034,8.0064,7.6774,7.8679,16658766,5.2885,2863350000,2863350000,-110.3804,
600273.SH,嘉化能源,2011-12-12,7.7986,8.0064,7.7467,7.989,18150712,5.7621,2907450000,2907450000,-112.0804,
600273.SH,嘉化能源,2011-12-13,7.8852,7.989,7.6169,7.7727,14546632,4.618,2828700000,2828700000,-109.0447,
600273.SH,嘉化能源,2011-12-14,7.5303,7.9371,7.3658,7.4524,10748612,3.4123,2712150000,2712150000,-104.5517,
600273.SH,嘉化能源,2011-12-15,7.3226,7.5822,6.9331,7.4437,16389690,5.2031,2709000000,2709000000,-104.4303,
600273.SH,嘉化能源,2011-12-16,7.4005,7.6169,7.1841,7.4697,19499471,6.1903,2718450000,2718450000,-104.7946,
600273.SH,嘉化能源,2011-12-19,7.4697,7.4697,7.1148,7.4178,8326241,2.6433,2699550000,2699550000,-104.066,
600273.SH,嘉化能源,2011-12-20,7.3572,7.8332,7.3312,7.4524,12485932,3.9638,2712150000,2712150000,-104.5517,
600273.SH,嘉化能源,2011-12-21,7.539,7.6342,6.708,7.1841,12295783,3.9034,2614500000,2614500000,-100.7874,
600273.SH,嘉化能源,2011-12-22,7.0196,7.3053,6.9331,7.0975,7345191,2.3318,2583000000,2583000000,-99.5731,
600273.SH,嘉化能源,2011-12-23,7.0975,7.3139,7.011,7.2879,8854769,2.811,2652300000,2652300000,-102.2446,
600273.SH,嘉化能源,2011-12-26,7.262,7.6082,7.1927,7.236,15502506,4.9214,2633400000,2633400000,-101.516,
600273.SH,嘉化能源,2011-12-27,7.1408,7.3312,7.011,7.1148,11607394,3.6849,2589300000,2589300000,-99.8159,
600273.SH,嘉化能源,2011-12-28,7.0023,7.6601,6.7253,7.5909,30876142,9.8019,2762550000,2762550000,-106.4946,
600273.SH,嘉化能源,2011-12-29,7.5909,7.764,7.4351,7.7034,22220020,7.054,2803500000,2803500000,-108.0732,
600273.SH,嘉化能源,2011-12-30,7.7207,7.8073,7.5995,7.6948,20989907,6.6635,2800350000,2800350000,-107.9518,
600273.SH,嘉化能源,2012-01-04,7.6948,7.7553,7.2274,7.2533,16110064,5.1143,2639700000,2639700000,-101.7588,
600273.SH,嘉化能源,2012-01-05,7.1841,7.5736,7.0802,7.3139,16497403,5.2373,2661750000,2661750000,-102.6089,
600273.SH,嘉化能源,2012-01-06,7.3139,7.5563,7.2793,7.3312,11512778,3.6549,2668050000,2668050000,-102.8517,
600273.SH,嘉化能源,2012-01-09,7.3572,7.79,7.2706,7.7294,28391512,9.0132,2812950000,2812950000,-108.4375,
600273.SH,嘉化能源,2012-01-10,7.6948,8.4997,7.6169,8.4997,42339421,13.4411,3093300000,3093300000,-119.2448,
600273.SH,嘉化能源,2012-01-11,8.6988,8.7421,8.3872,8.6469,48990727,15.5526,3146850000,3146850000,-121.3092,
600273.SH,嘉化能源,2012-01-12,8.6209,8.6555,8.4132,8.5603,29882013,9.4864,3115350000,3115350000,-120.0949,
600273.SH,嘉化能源,2012-01-13,8.5257,8.6901,8.3093,8.6036,42774042,13.5791,3131100000,3131100000,-120.702,
600273.SH,嘉化能源,2012-01-16,8.569,8.6988,8.1795,8.517,35136317,11.1544,3099600000,3099600000,-119.4877,
600273.SH,嘉化能源,2012-01-17,8.6555,8.8286,8.3526,8.7248,39185848,12.44,3175200000,3175200000,-122.402,
600273.SH,嘉化能源,2012-01-18,8.7248,8.7248,7.8506,7.8506,32718190,10.3867,2857050000,2857050000,-110.1376,
600273.SH,嘉化能源,2012-01-19,7.6169,7.6169,7.0629,7.0629,24824425,7.8808,2570400000,2570400000,-99.0874,
600273.SH,嘉化能源,2012-01-20,6.76,7.0456,6.4051,6.985,10300814,3.2701,2542050000,2542050000,-97.9945,
600273.SH,嘉化能源,2012-01-30,7.011,7.1841,6.9158,7.0889,9087967,2.8851,2579850000,2579850000,-99.4517,
600273.SH,嘉化能源,2012-01-31,7.0975,7.1668,6.9504,7.0196,5730810,1.8193,2554650000,2554650000,-98.4802,
600273.SH,嘉化能源,2012-02-01,7.0283,7.1581,6.959,7.0196,6383230,2.0264,2554650000,2554650000,-98.4802,
600273.SH,嘉化能源,2012-02-02,6.985,7.1148,6.9677,7.1062,7053528,2.2392,2586150000,2586150000,-99.6945,
600273.SH,嘉化能源,2012-02-03,7.1062,7.2706,7.0716,7.2014,11054855,3.5095,2620800000,2620800000,-101.0303,
600273.SH,嘉化能源,2012-02-06,7.1841,7.3918,7.1235,7.3485,13489426,4.2824,2674350000,2674350000,-103.0946,
600273.SH,嘉化能源,2012-02-07,7.2706,7.2966,7.1062,7.1235,8282797,2.6295,2592450000,2592450000,-99.9374,
600273.SH,嘉化能源,2012-02-08,7.0889,7.2966,7.0543,7.2793,9720750,3.086,2649150000,2649150000,-102.1231,
600273.SH,嘉化能源,2012-02-09,7.262,7.5303,7.1927,7.4178,14687723,4.6628,2699550000,2699550000,-104.066,
600273.SH,嘉化能源,2012-02-10,7.4178,7.4437,7.2706,7.3053,10643138,3.3788,2658600000,2658600000,-102.4874,
600273.SH,嘉化能源,2012-02-13,7.2274,7.4091,7.1322,7.2793,9099981,2.8889,2649150000,2649150000,-102.1231,
600273.SH,嘉化能源,2012-02-14,7.2447,7.4178,7.236,7.3485,9596786,3.0466,2674350000,2674350000,-103.0946,
600273.SH,嘉化能源,2012-02-15,7.3399,7.8419,7.262,7.6688,19963409,6.3376,2790900000,2790900000,-107.5875,
600273.SH,嘉化能源,2012-02-16,7.5822,7.738,7.3658,7.5043,14470301,4.5937,2731050000,2731050000,-105.2803,
600273.SH,嘉化能源,2012-02-17,7.4957,7.7034,7.4437,7.5649,11171952,3.5467,2753100000,2753100000,-106.1303,
600273.SH,嘉化能源,2012-02-20,7.6688,7.7207,7.5043,7.5216,10058382,3.1931,2737350000,2737350000,-105.5232,
600273.SH,嘉化能源,2012-02-21,7.4957,7.5303,7.2879,7.4784,10097393,3.2055,2721600000,2721600000,-104.916,
600273.SH,嘉化能源,2012-02-22,7.4611,7.8246,7.4437,7.6861,17566377,5.5766,2797200000,2797200000,-107.8304,
600273.SH,嘉化能源,2012-02-23,7.6861,7.764,7.5303,7.6255,12629645,4.0094,2775150000,2775150000,-106.9804,
600273.SH,嘉化能源,2012-02-24,7.6082,7.6601,7.4784,7.6515,12104530,3.8427,2784600000,2784600000,-107.3446,
600273.SH,嘉化能源,2012-02-27,7.7034,7.738,7.5649,7.5736,15732693,4.9945,2756250000,2756250000,-106.2518,
600273.SH,嘉化能源,2012-02-28,7.5476,7.5649,7.2793,7.3485,12739717,4.0444,2674350000,2674350000,-103.0946,
600273.SH,嘉化能源,2012-02-29,7.3572,7.4611,7.2793,7.3399,7634929,2.4238,2671200000,2671200000,-102.9731,
600273.SH,嘉化能源,2012-03-01,7.1927,7.4437,7.1927,7.2966,7544910,2.3952,2655450000,2655450000,-102.366,
600273.SH,嘉化能源,2012-03-02,7.3139,7.4697,7.2879,7.4264,9985680,3.1701,2702700000,2702700000,-104.1874,
600273.SH,嘉化能源,2012-03-05,7.4437,7.5303,7.3139,7.3399,8376462,2.6592,2671200000,2671200000,-102.9731,
600273.SH,嘉化能源,2012-03-06,7.3226,7.3226,7.1408,7.1668,8386265,2.6623,2608200000,2608200000,-100.5445,
600273.SH,嘉化能源,2012-03-07,7.0802,7.262,7.011,7.1235,6651856,2.1117,2592450000,2592450000,-99.9374,
600273.SH,嘉化能源,2012-03-08,7.1322,7.7294,7.1322,7.4957,20099985,6.3809,2727900000,2727900000,-105.1589,
600273.SH,嘉化能源,2012-03-09,7.4091,7.5563,7.3572,7.487,9660533,3.0668,2724750000,2724750000,-105.0375,
600273.SH,嘉化能源,2012-03-12,7.4437,7.5563,7.4351,7.5303,8975220,2.8493,2740500000,2740500000,-105.6446,
600273.SH,嘉化能源,2012-03-13,7.5649,7.6601,7.4957,7.5563,8511047,2.7019,2749950000,2749950000,-106.0089,
600273.SH,嘉化能源,2012-03-14,7.5649,7.9977,7.1927,7.3312,25137052,7.98,2668050000,2668050000,-102.8517,
600273.SH,嘉化能源,2012-03-15,7.2187,7.3658,6.959,7.0802,13069136,4.1489,2576700000,2576700000,-99.3302,
600273.SH,嘉化能源,2012-03-16,7.0889,7.2533,7.0023,7.2447,7981556,2.5338,2636550000,2636550000,-101.6374,
600273.SH,嘉化能源,2012-03-19,7.2706,7.2793,7.1235,7.2706,7030904,2.232,2646000000,2646000000,-102.0017,
600273.SH,嘉化能源,2012-03-20,7.2533,7.2533,7.0369,7.0629,6774642,2.1507,2570400000,2570400000,-99.0874,
600273.SH,嘉化能源,2012-03-21,7.0543,7.1754,7.011,7.1235,5254171,1.668,2592450000,2592450000,-99.9374,
600273.SH,嘉化能源,2012-03-22,7.1235,7.2533,7.0802,7.1927,5754217,1.8267,2617650000,2617650000,-100.9088,
600273.SH,嘉化能源,2012-03-23,7.1495,7.1495,6.9764,7.0023,5412957,1.7184,2548350000,2548350000,-98.2374,
600273.SH,嘉化能源,2012-03-26,6.9331,7.0456,6.9071,6.959,3497783,1.1104,2532600000,2532600000,-97.6302,
600273.SH,嘉化能源,2012-03-27,7.0283,7.0283,6.9244,6.9417,3489239,1.1077,2526300000,2526300000,-97.3873,
600273.SH,嘉化能源,2012-03-28,6.9158,6.9158,6.4916,6.5349,6164441,1.957,2378250000,2378250000,-91.6801,
600273.SH,嘉化能源,2012-03-29,6.5003,6.6648,6.4397,6.509,4628282,1.4693,2368800000,2368800000,-91.3158,
600273.SH,嘉化能源,2012-03-30,6.5263,6.6388,6.4397,6.483,3691539,1.1719,2359350000,2359350000,-90.9515,
600273.SH,嘉化能源,2012-04-05,6.5609,6.6388,6.5263,6.6301,4663218,1.4804,2412900000,2412900000,-93.0158,
600273.SH,嘉化能源,2012-04-06,6.6301,6.734,6.5782,6.6474,4204103,1.3346,2419200000,2419200000,-93.2587,
600273.SH,嘉化能源,2012-04-09,6.6561,6.6561,6.5003,6.5003,3314178,1.0521,2365650000,2365650000,-91.1944,
600273.SH,嘉化能源,2012-04-10,6.483,6.5955,6.4137,6.5869,3881063,1.2321,2397150000,2397150000,-92.4087,
600273.SH,嘉化能源,2012-04-11,6.5176,6.7253,6.457,6.6648,5298793,1.6822,2425500000,2425500000,-93.5016,
600273.SH,嘉化能源,2012-04-12,6.6561,6.7513,6.6301,6.7427,5629825,1.7872,2453850000,2453850000,-94.5944,
600273.SH,嘉化能源,2012-04-13,6.7167,6.8032,6.6821,6.734,4975391,1.5795,2450700000,2450700000,-94.473,
600273.SH,嘉化能源,2012-04-16,6.7253,6.734,6.6388,6.6994,3996106,1.2686,2438100000,2438100000,-93.9873,
600273.SH,嘉化能源,2012-04-17,6.708,6.8206,6.6561,6.6734,5119305,1.6252,2428650000,2428650000,-93.623,
600273.SH,嘉化能源,2012-04-18,6.6821,6.8725,6.6734,6.8032,6714016,2.1314,2475900000,2475900000,-95.4445,
600273.SH,嘉化能源,2012-04-19,6.8985,6.8985,6.6994,6.7427,5053531,1.6043,2453850000,2453850000,-94.5944,
600273.SH,嘉化能源,2012-04-20,6.708,6.8206,6.5869,6.7859,6391731,2.0291,2469600000,2469600000,-95.2016,
600273.SH,嘉化能源,2012-04-23,6.7686,6.8032,6.4657,6.5263,5527438,1.7547,2375100000,2375100000,-91.5587,
600273.SH,嘉化能源,2012-04-24,6.483,6.5869,6.2666,6.4137,4898393,1.555,2334150000,2334150000,-89.9801,
600273.SH,嘉化能源,2012-04-25,6.3012,6.7167,6.232,6.5955,7591475,2.41,2400300000,2400300000,-7.0782,
600273.SH,嘉化能源,2012-04-26,6.5609,6.6042,6.4397,6.4484,4579332,1.4538,2346750000,2346750000,-6.9203,
600273.SH,嘉化能源,2012-04-27,6.4137,6.4484,6.3272,6.3445,3049529,0.9681,2308950000,2308950000,-6.8088,
600273.SH,嘉化能源,2012-05-02,6.3878,6.4657,6.3185,6.3272,4023454,1.2773,2302650000,2302650000,-6.7902,
600273.SH,嘉化能源,2012-05-03,6.3099,6.3358,6.0848,6.2147,7344699,2.3317,2261700000,2261700000,-6.6695,
600273.SH,嘉化能源,2012-05-04,6.2147,6.2233,6.1108,6.2147,4528399,1.4376,2261700000,2261700000,-6.6695,
600273.SH,嘉化能源,2012-05-07,6.206,6.3878,6.1454,6.3445,6611182,2.0988,2308950000,2308950000,-6.8088,
600273.SH,嘉化能源,2012-05-08,6.3099,6.3878,6.2493,6.3272,4101193,1.302,2302650000,2302650000,-6.7902,
600273.SH,嘉化能源,2012-05-09,6.3272,6.483,6.2579,6.3618,7290798,2.3145,2315250000,2315250000,-6.8274,
600273.SH,嘉化能源,2012-05-10,6.3618,6.4224,6.1974,6.232,6315126,2.0048,2268000000,2268000000,-6.688,
600273.SH,嘉化能源,2012-05-11,6.2579,6.2753,6.1887,6.232,2991855,0.9498,2268000000,2268000000,-6.688,
600273.SH,嘉化能源,2012-05-14,6.2579,6.2926,6.1887,6.2147,2981929,0.9466,2261700000,2261700000,-6.6695,
600273.SH,嘉化能源,2012-05-15,6.1974,6.1974,6.1021,6.1454,3166710,1.0053,2236500000,2236500000,-6.5952,
600273.SH,嘉化能源,2012-05-16,6.1454,6.18,6.0935,6.1108,2548482,0.809,2223900000,2223900000,-6.558,
600273.SH,嘉化能源,2012-05-17,6.1454,6.18,5.9723,6.18,4694676,1.4904,2249100000,2249100000,-6.6323,
600273.SH,嘉化能源,2012-05-18,6.1454,6.2666,6.0762,6.0848,4126617,1.31,2214450000,2214450000,-6.5301,
600273.SH,嘉化能源,2012-05-21,6.0502,6.1108,5.9896,5.9983,2837565,0.9008,2182950000,2182950000,-6.4372,
600273.SH,嘉化能源,2012-05-22,5.9983,5.9983,5.9983,5.9983,--,--,2182950000,2182950000,-6.4372,
600273.SH,嘉化能源,2012-05-23,6.0329,6.1108,5.9117,5.9637,3543820,1.125,2170350000,2170350000,-6.4001,
600273.SH,嘉化能源,2012-05-24,5.9637,6.1887,5.8684,6.0502,7211974,2.2895,2201850000,2201850000,-6.493,
600273.SH,嘉化能源,2012-05-25,6.1021,6.1627,5.8858,5.8858,4503713,1.4298,2142000000,2142000000,-6.3165,
600273.SH,嘉化能源,2012-05-28,5.8338,5.8511,5.6261,5.7732,4944411,1.5697,2101050000,2101050000,-6.1957,
600273.SH,嘉化能源,2012-05-29,5.7559,5.8598,5.6694,5.8252,5461915,1.7339,2119950000,2119950000,-6.2515,
600273.SH,嘉化能源,2012-05-30,5.7905,5.9637,5.7473,5.8771,5533677,1.7567,2138850000,2138850000,-6.3072,
600273.SH,嘉化能源,2012-05-31,5.8165,5.8944,5.7905,5.8338,2834953,0.9,2123100000,2123100000,-6.2608,
600273.SH,嘉化能源,2012-06-01,5.8079,5.8684,5.7646,5.7732,2597147,0.8245,2101050000,2101050000,-6.1957,
600273.SH,嘉化能源,2012-06-04,5.6607,5.7386,5.4443,5.453,4556568,1.4465,1984500000,1984500000,-5.852,
600273.SH,嘉化能源,2012-06-05,5.4616,5.5222,5.4443,5.4703,2808307,0.8915,1990800000,1990800000,-5.8706,
600273.SH,嘉化能源,2012-06-06,5.4789,5.5136,5.3318,5.3924,2566053,0.8146,1962450000,1962450000,-5.787,
600273.SH,嘉化能源,2012-06-07,5.4357,5.4616,5.2799,5.3058,3312325,1.0515,1930950000,1930950000,-5.6941,
600273.SH,嘉化能源,2012-06-08,5.4097,5.4184,5.3058,5.3318,3167422,1.0055,1940400000,1940400000,-5.722,
600273.SH,嘉化能源,2012-06-11,5.3058,5.3924,5.2885,5.3837,2632670,0.8358,1959300000,1959300000,-5.7777,
600273.SH,嘉化能源,2012-06-12,5.3751,5.3751,5.3058,5.3578,2342524,0.7437,1949850000,1949850000,-5.7499,
600273.SH,嘉化能源,2012-06-13,5.3578,5.427,5.3231,5.4097,3058463,0.9709,1968750000,1968750000,-5.8056,
600273.SH,嘉化能源,2012-06-14,5.4097,5.5828,5.3751,5.4616,5333143,1.6931,1987650000,1987650000,-5.8613,
600273.SH,嘉化能源,2012-06-15,5.5049,5.5136,5.3924,5.4443,2589326,0.822,1981350000,1981350000,-5.8428,
600273.SH,嘉化能源,2012-06-18,5.4616,5.5136,5.427,5.4703,2584433,0.8205,1990800000,1990800000,-5.8706,
600273.SH,嘉化能源,2012-06-19,5.4876,5.5655,5.4443,5.453,3013167,0.9566,1984500000,1984500000,-5.852,
600273.SH,嘉化能源,2012-06-20,5.453,5.4789,5.3664,5.3837,2525021,0.8016,1959300000,1959300000,-5.7777,
600273.SH,嘉化能源,2012-06-21,5.3837,5.3837,5.2539,5.2626,1943615,0.617,1915200000,1915200000,-5.6477,
600273.SH,嘉化能源,2012-06-25,5.2626,5.3058,5.0375,5.0721,2355244,0.7477,1845900000,1845900000,-5.4433,
600273.SH,嘉化能源,2012-06-26,5.0375,5.1068,4.9769,5.0981,2288428,0.7265,1855350000,1855350000,-5.4712,
600273.SH,嘉化能源,2012-06-27,5.0808,5.1154,4.9856,5.0115,2046705,0.6497,1823850000,1823850000,-5.3783,
600273.SH,嘉化能源,2012-06-28,5.0115,5.0375,4.7432,4.7605,3063043,0.9724,1732500000,1732500000,-5.1089,
600273.SH,嘉化能源,2012-06-29,4.7519,4.7519,4.5268,4.6913,3981092,1.2638,1707300000,1707300000,-5.0346,
600273.SH,嘉化能源,2012-07-02,4.7259,4.7519,4.6653,4.6913,2459221,0.7807,1707300000,1707300000,-5.0346,
600273.SH,嘉化能源,2012-07-03,4.6913,4.7778,4.6134,4.7605,2708133,0.8597,1732500000,1732500000,-5.1089,
600273.SH,嘉化能源,2012-07-04,4.7692,4.7692,4.622,4.622,2853189,0.9058,1682100000,1682100000,-4.9603,
600273.SH,嘉化能源,2012-07-05,4.5874,4.5874,4.3537,4.3624,3538504,1.1233,1587600000,1587600000,-4.6816,
600273.SH,嘉化能源,2012-07-06,4.3797,4.4662,4.3018,4.4576,3405784,1.0812,1622250000,1622250000,-4.7838,
600273.SH,嘉化能源,2012-07-09,4.423,4.423,4.1979,4.2066,2627002,0.834,1530900000,1530900000,-4.5144,
600273.SH,嘉化能源,2012-07-10,4.1893,4.2499,4.1547,4.2066,2001308,0.6353,1530900000,1530900000,-4.5144,
600273.SH,嘉化能源,2012-07-11,4.2239,4.2672,4.1893,4.2499,1898771,0.6028,1546650000,1546650000,-4.5609,
600273.SH,嘉化能源,2012-07-12,4.2499,4.3364,4.1114,4.2931,3612374,1.1468,1562400000,1562400000,-4.6073,
600273.SH,嘉化能源,2012-07-13,4.2845,4.3278,4.2239,4.2326,2290979,0.7273,1540350000,1540350000,-4.5423,
600273.SH,嘉化能源,2012-07-16,4.2585,4.2672,3.869,3.895,3677127,1.1673,1417500000,1417500000,-4.18,
600273.SH,嘉化能源,2012-07-17,3.9036,4.2845,3.8517,4.2845,3834995,1.2175,1559250000,1559250000,-4.598,
600273.SH,嘉化能源,2012-07-18,4.5615,4.7173,4.5615,4.7173,3834859,1.2174,1716750000,1716750000,-5.0625,
600273.SH,嘉化能源,2012-07-19,5.1933,5.1933,5.1933,5.1933,1532304,0.4864,1890000000,1890000000,-5.5734,
600273.SH,嘉化能源,2012-07-20,5.7126,5.7126,5.7126,5.7126,3308390,1.0503,2079000000,2079000000,-6.1307,
600273.SH,嘉化能源,2012-07-23,5.8858,5.8858,5.2885,5.5915,32159183,10.2093,2034900000,2034900000,-6.0007,
600273.SH,嘉化能源,2012-07-24,5.4616,5.6607,5.3924,5.6347,22024302,6.9918,2050650000,2050650000,-6.0471,
600273.SH,嘉化能源,2012-07-25,5.5482,5.5742,5.2972,5.3318,17759622,5.638,1940400000,1940400000,-5.722,
600273.SH,嘉化能源,2012-07-26,5.2799,5.3924,5.1933,5.2452,11338264,3.5994,1908900000,1908900000,-5.6291,
600273.SH,嘉化能源,2012-07-27,5.2106,5.2712,4.8644,4.9942,15343528,4.871,1817550000,1817550000,-5.3597,
600273.SH,嘉化能源,2012-07-30,5.0635,5.0808,4.8125,4.8817,9743659,3.0932,1776600000,1776600000,-5.239,
600273.SH,嘉化能源,2012-07-31,4.8471,5.202,4.7432,5.0115,19199619,6.0951,1823850000,1823850000,-5.3783,
600273.SH,嘉化能源,2012-08-01,4.9336,5.1154,4.7692,5.0981,16090014,5.1079,1855350000,1855350000,-5.4712,
600273.SH,嘉化能源,2012-08-02,5.0462,5.176,4.8557,5.0721,13196546,4.1894,1845900000,1845900000,-5.4433,
600273.SH,嘉化能源,2012-08-03,5.0289,5.5828,4.9423,5.5828,26259963,8.3365,2031750000,2031750000,-5.9914,
600273.SH,嘉化能源,2012-08-06,5.5828,5.5828,5.5828,5.5828,--,--,2031750000,2031750000,-5.9914,
600273.SH,嘉化能源,2012-08-07,6.0848,6.1454,5.7386,6.1454,19014957,6.0365,2236500000,2236500000,-6.5952,
600273.SH,嘉化能源,2012-08-08,6.3791,6.76,6.3272,6.76,25640724,8.1399,2460150000,2460150000,-7.2547,
600273.SH,嘉化能源,2012-08-09,6.509,7.3485,6.0848,6.5522,47964438,15.2268,2384550000,2384550000,-7.0317,
600273.SH,嘉化能源,2012-08-10,6.2406,6.5609,6.206,6.2753,29598904,9.3965,2283750000,2283750000,-6.7345,
600273.SH,嘉化能源,2012-08-13,6.206,6.3618,5.9723,6.1454,21301304,6.7623,2236500000,2236500000,-6.5952,
600273.SH,嘉化能源,2012-08-14,6.0329,6.1454,5.8858,6.1195,19008462,6.0344,2227050000,2227050000,-6.5673,
600273.SH,嘉化能源,2012-08-15,6.0416,6.6042,6.0416,6.232,26069110,8.2759,2268000000,2268000000,-6.688,
600273.SH,嘉化能源,2012-08-16,6.0589,6.2839,5.7126,6.0935,15845990,5.0305,2217600000,2217600000,-7.3965,
600273.SH,嘉化能源,2012-08-17,6.0156,6.0935,5.7646,5.8858,12285641,3.9002,2142000000,2142000000,-7.1444,
600273.SH,嘉化能源,2012-08-20,5.7992,6.0242,5.7213,6.0069,11196194,3.5543,2186100000,2186100000,-7.2915,
600273.SH,嘉化能源,2012-08-21,6.0069,6.1541,5.9031,6.1541,14026221,4.4528,2239650000,2239650000,-7.4701,
600273.SH,嘉化能源,2012-08-22,6.1021,6.2666,5.8944,5.9031,13278971,4.2155,2148300000,2148300000,-7.1654,
600273.SH,嘉化能源,2012-08-23,5.7819,5.9117,5.5915,5.6953,13267554,4.2119,2072700000,2072700000,-6.9132,
600273.SH,嘉化能源,2012-08-24,5.5655,5.6521,5.3664,5.3751,9651013,3.0638,1956150000,1956150000,-6.5245,
600273.SH,嘉化能源,2012-08-27,5.3405,5.3405,5.0894,5.0981,8003067,2.5407,1855350000,1855350000,-6.1883,
600273.SH,嘉化能源,2012-08-28,4.9769,5.3664,4.9769,5.2106,8929114,2.8346,1896300000,1896300000,-6.3249,
600273.SH,嘉化能源,2012-08-29,5.0894,5.2106,4.9942,5.0029,5914503,1.8776,1820700000,1820700000,-6.0727,
600273.SH,嘉化能源,2012-08-30,4.9336,5.0721,4.7865,4.925,6186998,1.9641,1792350000,1792350000,-5.9782,
600273.SH,嘉化能源,2012-08-31,4.9163,5.2972,4.9163,5.1933,12211291,3.8766,1890000000,1890000000,-6.3039,
600273.SH,嘉化能源,2012-09-03,5.1414,5.3491,5.0289,5.2539,9182083,2.9149,1912050000,1912050000,-6.3774,
600273.SH,嘉化能源,2012-09-04,5.2626,5.2799,5.0202,5.0289,7917112,2.5134,1830150000,1830150000,-6.1042,
600273.SH,嘉化能源,2012-09-05,5.0029,5.1154,4.9336,5.1068,6006459,1.9068,1858500000,1858500000,-6.1988,
600273.SH,嘉化能源,2012-09-06,5.0635,5.176,5.0548,5.1587,4840179,1.5366,1877400000,1877400000,-6.2618,
600273.SH,嘉化能源,2012-09-07,5.202,5.453,5.15,5.3231,11211527,3.5592,1937250000,1937250000,-6.4615,
600273.SH,嘉化能源,2012-09-10,5.3578,5.4789,5.2972,5.401,7266456,2.3068,1965600000,1965600000,-6.556,
600273.SH,嘉化能源,2012-09-11,5.3837,5.427,5.2106,5.3751,8893981,2.8235,1956150000,1956150000,-6.5245,
600273.SH,嘉化能源,2012-09-12,5.3491,5.4616,5.2539,5.4357,8249274,2.6188,1978200000,1978200000,-6.5981,
600273.SH,嘉化能源,2012-09-13,5.3924,5.5482,5.3058,5.3231,10386889,3.2974,1937250000,1937250000,-6.4615,
600273.SH,嘉化能源,2012-09-14,5.3231,5.3924,5.2279,5.2712,6882732,2.185,1918350000,1918350000,-6.3984,
600273.SH,嘉化能源,2012-09-17,5.2366,5.3145,4.9423,4.951,6829294,2.168,1801800000,1801800000,-6.0097,
600273.SH,嘉化能源,2012-09-18,4.951,5.0115,4.8384,4.9683,3409077,1.0822,1808100000,1808100000,-6.0307,
600273.SH,嘉化能源,2012-09-19,4.9336,5.0721,4.899,5.0375,2713078,0.8613,1833300000,1833300000,-6.1148,
600273.SH,嘉化能源,2012-09-20,5.0029,5.0289,4.7865,4.8038,3309868,1.0508,1748250000,1748250000,-5.8311,
600273.SH,嘉化能源,2012-09-21,4.8038,4.9596,4.8038,4.8384,3773548,1.198,1760850000,1760850000,-5.8731,
600273.SH,嘉化能源,2012-09-24,4.8038,5.0635,4.5874,4.951,5038256,1.5994,1801800000,1801800000,-6.0097,
600273.SH,嘉化能源,2012-09-25,4.9163,4.9769,4.7692,4.8125,2908786,0.9234,1751400000,1751400000,-5.8416,
600273.SH,嘉化能源,2012-09-26,4.7692,4.8557,4.648,4.674,3116118,0.9892,1701000000,1701000000,-5.6735,
600273.SH,嘉化能源,2012-09-27,4.674,4.8038,4.6307,4.7519,3289810,1.0444,1729350000,1729350000,-5.768,
600273.SH,嘉化能源,2012-09-28,4.7519,4.8557,4.7086,4.8298,2837628,0.9008,1757700000,1757700000,-5.8626,
600273.SH,嘉化能源,2012-10-08,4.7692,4.9163,4.7692,4.8817,3139599,0.9967,1776600000,1776600000,-5.9256,
600273.SH,嘉化能源,2012-10-09,4.9163,5.0289,4.8644,5.0029,5056971,1.6054,1820700000,1820700000,-6.0727,
600273.SH,嘉化能源,2012-10-10,4.9769,5.2539,4.9336,5.1068,8965927,2.8463,1858500000,1858500000,-6.1988,
600273.SH,嘉化能源,2012-10-11,5.0981,5.0981,4.9077,4.9163,5094399,1.6173,1789200000,1789200000,-5.9677,
600273.SH,嘉化能源,2012-10-12,4.9077,5.1327,4.9077,4.9769,4706273,1.4941,1811250000,1811250000,-6.0412,
600273.SH,嘉化能源,2012-10-15,4.925,4.9596,4.7692,4.925,4651677,1.4767,1792350000,1792350000,-5.9782,
600273.SH,嘉化能源,2012-10-16,4.9163,5.15,4.8211,5.0029,4681780,1.4863,1820700000,1820700000,-6.0727,
600273.SH,嘉化能源,2012-10-17,4.9942,5.0894,4.951,5.0029,5543178,1.7597,1820700000,1820700000,-6.0727,
600273.SH,嘉化能源,2012-10-18,4.9769,5.0808,4.9596,5.0462,5369909,1.7047,1836450000,1836450000,-6.1253,
600273.SH,嘉化能源,2012-10-19,5.0375,5.0981,5.0029,5.0115,3758006,1.193,1823850000,1823850000,-6.0832,
600273.SH,嘉化能源,2012-10-22,4.951,4.9683,4.8731,4.925,3976378,1.2623,1792350000,1792350000,-5.9782,
600273.SH,嘉化能源,2012-10-23,4.9163,4.9163,4.7778,4.7952,5350831,1.6987,1745100000,1745100000,-5.8206,
600273.SH,嘉化能源,2012-10-24,4.7692,4.8471,4.7346,4.7952,3553963,1.1282,1745100000,1745100000,-5.8206,
600273.SH,嘉化能源,2012-10-25,4.8211,4.8731,4.7692,4.8038,3724324,1.1823,1748250000,1748250000,-5.8311,
600273.SH,嘉化能源,2012-10-26,4.7778,4.8038,4.5268,4.5355,4181088,1.3273,1650600000,1650600000,-5.5054,
600273.SH,嘉化能源,2012-10-29,4.5268,4.5355,4.3537,4.5095,2458585,0.7805,1641150000,1641150000,-5.4739,
600273.SH,嘉化能源,2012-10-30,4.5182,4.5961,4.5009,4.5268,1991327,0.6322,1647450000,1647450000,-6.7833,
600273.SH,嘉化能源,2012-10-31,4.5268,4.5268,4.5268,4.5268,--,--,1647450000,1647450000,-6.7833,
600273.SH,嘉化能源,2012-11-01,4.9769,4.9769,4.9769,4.9769,4363202,1.3851,1811250000,1811250000,-7.4578,
600273.SH,嘉化能源,2012-11-02,5.1673,5.3664,4.9856,5.0115,23115150,7.3381,1823850000,1823850000,-7.5097,
600273.SH,嘉化能源,2012-11-05,4.8471,4.9683,4.7692,4.9336,11195986,3.5543,1795500000,1795500000,-7.3929,
600273.SH,嘉化能源,2012-11-06,4.8904,4.899,4.6826,4.7519,7021334,2.229,1729350000,1729350000,-7.1206,
600273.SH,嘉化能源,2012-11-07,4.7865,4.8817,4.6999,4.8731,6728206,2.1359,1773450000,1773450000,-7.3021,
600273.SH,嘉化能源,2012-11-08,4.8471,4.8557,4.5874,4.6047,7245410,2.3001,1675800000,1675800000,-6.9001,
600273.SH,嘉化能源,2012-11-09,4.5528,4.6567,4.4836,4.5182,3646401,1.1576,1644300000,1644300000,-6.7704,
600273.SH,嘉化能源,2012-11-12,4.5095,4.6134,4.4922,4.6047,2105606,0.6684,1675800000,1675800000,-6.9001,
600273.SH,嘉化能源,2012-11-13,4.6047,4.7259,4.5182,4.5701,3305679,1.0494,1663200000,1663200000,-6.8482,
600273.SH,嘉化能源,2012-11-14,4.5268,4.5615,4.4143,4.5355,2716466,0.8624,1650600000,1650600000,-6.7963,
600273.SH,嘉化能源,2012-11-15,4.5268,4.5355,4.4143,4.4143,2068983,0.6568,1606500000,1606500000,-6.6147,
600273.SH,嘉化能源,2012-11-16,4.397,4.4143,4.3191,4.3537,2365053,0.7508,1584450000,1584450000,-6.5239,
600273.SH,嘉化能源,2012-11-19,4.3278,4.397,4.3105,4.3797,1734476,0.5506,1593900000,1593900000,-6.5628,
600273.SH,嘉化能源,2012-11-20,4.4143,4.4489,4.2931,4.3105,2187407,0.6944,1568700000,1568700000,-6.4591,
600273.SH,嘉化能源,2012-11-21,4.2931,4.3797,4.1893,4.371,2457645,0.7802,1590750000,1590750000,-6.5499,
600273.SH,嘉化能源,2012-11-22,4.371,4.371,4.2758,4.3018,1680799,0.5336,1565550000,1565550000,-6.4461,
600273.SH,嘉化能源,2012-11-23,4.3105,4.3451,4.2758,4.2931,1890137,0.6,1562400000,1562400000,-6.4331,
600273.SH,嘉化能源,2012-11-26,4.3191,4.3624,4.2845,4.3191,1682839,0.5342,1571850000,1571850000,-6.4721,
600273.SH,嘉化能源,2012-11-27,4.3105,4.3105,4.0854,4.0941,2915662,0.9256,1489950000,1489950000,-6.1348,
600273.SH,嘉化能源,2012-11-28,4.0941,4.0941,3.8517,3.8604,2608835,0.8282,1404900000,1404900000,-5.7846,
600273.SH,嘉化能源,2012-11-29,3.8604,3.921,3.7652,3.8084,2035665,0.6462,1386000000,1386000000,-5.7068,
600273.SH,嘉化能源,2012-11-30,3.7652,3.8863,3.7565,3.869,1540095,0.4889,1408050000,1408050000,-5.7976,
600273.SH,嘉化能源,2012-12-03,3.869,4.2585,3.8344,4.2585,3270369,1.0382,1549800000,1549800000,-6.3813,
600273.SH,嘉化能源,2012-12-04,4.3451,4.6826,4.3451,4.4403,17353173,5.5089,1615950000,1615950000,-6.6536,
600273.SH,嘉化能源,2012-12-05,4.3537,4.6134,4.2412,4.4922,17623860,5.5949,1634850000,1634850000,-6.7315,
600273.SH,嘉化能源,2012-12-06,4.423,4.4576,4.3537,4.397,8685310,2.7572,1600200000,1600200000,-6.5888,
600273.SH,嘉化能源,2012-12-07,4.3624,4.4922,4.3018,4.4662,10897256,3.4594,1625400000,1625400000,-6.6925,
600273.SH,嘉化能源,2012-12-10,4.5009,4.6307,4.4662,4.4922,10415897,3.3066,1634850000,1634850000,-6.7315,
600273.SH,嘉化能源,2012-12-11,4.5268,4.7865,4.371,4.5355,14688231,4.6629,1650600000,1650600000,-6.7963,
600273.SH,嘉化能源,2012-12-12,4.4662,4.5009,4.3797,4.4662,6941090,2.2035,1625400000,1625400000,-6.6925,
600273.SH,嘉化能源,2012-12-13,4.4143,4.6394,4.397,4.5009,10923512,3.4678,1638000000,1638000000,-6.7444,
600273.SH,嘉化能源,2012-12-14,4.4489,4.9163,4.4316,4.7519,20535764,6.5193,1729350000,1729350000,-7.1206,
600273.SH,嘉化能源,2012-12-17,4.674,4.899,4.6394,4.8471,18198233,5.7772,1764000000,1764000000,-7.2632,
600273.SH,嘉化能源,2012-12-18,4.8557,4.8644,4.6913,4.7346,10897088,3.4594,1723050000,1723050000,-7.0946,
600273.SH,嘉化能源,2012-12-19,4.6913,4.7692,4.6653,4.7173,5754843,1.8269,1716750000,1716750000,-7.0687,
600273.SH,嘉化能源,2012-12-20,4.7605,4.7605,4.6047,4.6826,5836839,1.853,1704150000,1704150000,-7.0168,
600273.SH,嘉化能源,2012-12-21,4.6826,4.7173,4.5355,4.5441,6412135,2.0356,1653750000,1653750000,-6.8093,
600273.SH,嘉化能源,2012-12-24,4.5528,4.8038,4.5528,4.7865,10717592,3.4024,1741950000,1741950000,-7.1724,
600273.SH,嘉化能源,2012-12-25,4.7432,4.8471,4.6826,4.8125,11279023,3.5806,1751400000,1751400000,-7.2113,
600273.SH,嘉化能源,2012-12-26,4.7952,4.8817,4.7346,4.8211,7859298,2.495,1754550000,1754550000,-7.2243,
600273.SH,嘉化能源,2012-12-27,4.8211,5.0548,4.7778,4.9163,16361992,5.1943,1789200000,1789200000,-7.367,
600273.SH,嘉化能源,2012-12-28,5.0635,5.15,4.7692,4.899,17234390,5.4712,1782900000,1782900000,-7.3411,
600273.SH,嘉化能源,2012-12-31,4.7952,4.925,4.7692,4.8125,8284462,2.63,1751400000,1751400000,-7.2113,
600273.SH,嘉化能源,2013-01-04,4.8211,4.8817,4.6826,4.7346,6051038,1.921,1723050000,1723050000,-7.0946,
600273.SH,嘉化能源,2013-01-07,4.7346,4.7865,4.6913,4.7865,4183594,1.3281,1741950000,1741950000,-7.1724,
600273.SH,嘉化能源,2013-01-08,4.7432,4.8471,4.7173,4.8125,6024643,1.9126,1751400000,1751400000,-7.2113,
600273.SH,嘉化能源,2013-01-09,4.7865,4.9163,4.7605,4.8731,8995681,2.8558,1773450000,1773450000,-7.3021,
600273.SH,嘉化能源,2013-01-10,4.9423,5.3578,4.9423,5.3578,13194701,4.1888,1949850000,1949850000,-8.0285,
600273.SH,嘉化能源,2013-01-11,5.3664,5.4097,5.0375,5.1241,25556042,8.113,1864800000,1864800000,-7.6783,
600273.SH,嘉化能源,2013-01-14,5.0721,5.2539,5.0462,5.2193,16808009,5.3359,1899450000,1899450000,-7.8209,
600273.SH,嘉化能源,2013-01-15,5.176,5.2712,5.1414,5.2626,13801542,4.3814,1915200000,1915200000,-7.8858,
600273.SH,嘉化能源,2013-01-16,5.2279,5.2539,5.0981,5.1587,10670924,3.3876,1877400000,1877400000,-7.7302,
600273.SH,嘉化能源,2013-01-17,5.1327,5.1847,5.0375,5.0635,6159904,1.9555,1842750000,1842750000,-7.5875,
600273.SH,嘉化能源,2013-01-18,5.0548,5.2193,5.0548,5.15,7146714,2.2688,1874250000,1874250000,-7.7172,
600273.SH,嘉化能源,2013-01-21,5.1327,5.2193,5.1068,5.202,7118225,2.2598,1893150000,1893150000,-7.795,
600273.SH,嘉化能源,2013-01-22,5.2799,5.3405,5.0721,5.0808,10195346,3.2366,1849050000,1849050000,-7.6134,
600273.SH,嘉化能源,2013-01-23,5.0289,5.0462,4.8557,4.951,7458157,2.3677,1801800000,1801800000,-7.4189,
600273.SH,嘉化能源,2013-01-24,4.9336,4.9942,4.7346,4.7952,6571051,2.086,1745100000,1745100000,-7.1854,
600273.SH,嘉化能源,2013-01-25,4.7952,4.8471,4.7346,4.8471,2982624,0.9469,1764000000,1764000000,-7.2632,
600273.SH,嘉化能源,2013-01-28,4.8557,4.9423,4.8471,4.925,3835729,1.2177,1792350000,1792350000,-7.38,
600273.SH,嘉化能源,2013-01-29,4.9077,5.0721,4.9077,5.0289,5209736,1.6539,1830150000,1830150000,-7.5356,
600273.SH,嘉化能源,2013-01-30,5.0289,5.1068,4.9942,5.0894,6238668,1.9805,1852200000,1852200000,-7.6264,
600273.SH,嘉化能源,2013-01-31,5.0548,5.0981,4.8644,4.9163,5474831,1.738,1789200000,1789200000,-7.367,
600273.SH,嘉化能源,2013-02-01,4.9163,5.0894,4.8644,4.9769,4733438,1.5027,1811250000,1811250000,-7.4578,
600273.SH,嘉化能源,2013-02-04,4.9423,4.9856,4.8211,4.8731,4123715,1.3091,1773450000,1773450000,-7.3021,
600273.SH,嘉化能源,2013-02-05,4.8298,4.9423,4.8125,4.9336,3020756,0.959,1795500000,1795500000,-7.3929,
600273.SH,嘉化能源,2013-02-06,5.0029,5.0548,4.9336,4.9596,3177373,1.0087,1804950000,1804950000,-7.4318,
600273.SH,嘉化能源,2013-02-07,4.9336,4.9596,4.8471,4.8644,2914904,0.9254,1770300000,1770300000,-7.2892,
600273.SH,嘉化能源,2013-02-08,4.8731,4.9683,4.8731,4.9336,3073547,0.9757,1795500000,1795500000,-7.3929,
600273.SH,嘉化能源,2013-02-18,4.9336,5.1587,4.9336,5.1068,8298517,2.6344,1858500000,1858500000,-7.6523,
600273.SH,嘉化能源,2013-02-19,5.0894,5.176,5.0115,5.1154,7460255,2.3683,1861650000,1861650000,-7.6653,
600273.SH,嘉化能源,2013-02-20,5.1154,5.1673,5.0289,5.1587,7604769,2.4142,1877400000,1877400000,-7.7302,
600273.SH,嘉化能源,2013-02-21,5.15,5.2799,5.0202,5.0548,8395438,2.6652,1839600000,1839600000,-7.5745,
600273.SH,嘉化能源,2013-02-22,5.0202,5.1154,5.0115,5.0462,4309959,1.3682,1836450000,1836450000,-7.5615,
600273.SH,嘉化能源,2013-02-25,5.0462,5.0894,5.0115,5.0375,2859583,0.9078,1833300000,1833300000,-7.5486,
600273.SH,嘉化能源,2013-02-26,5.0462,5.0462,4.8038,4.8731,5718523,1.8154,1773450000,1773450000,-7.3021,
600273.SH,嘉化能源,2013-02-27,4.8644,4.9163,4.8384,4.9077,2677414,0.85,1786050000,1786050000,-7.354,
600273.SH,嘉化能源,2013-02-28,4.9077,5.0894,4.899,5.0462,5998987,1.9044,1836450000,1836450000,-7.5615,
600273.SH,嘉化能源,2013-03-01,5.0548,5.1414,4.9769,5.0894,6806289,2.1607,1852200000,1852200000,-7.6264,
600273.SH,嘉化能源,2013-03-04,5.0635,5.6001,4.9856,5.2366,18466457,5.8624,1905750000,1905750000,-7.8469,
600273.SH,嘉化能源,2013-03-05,5.1933,5.5655,5.1241,5.4357,19101203,6.0639,1978200000,1978200000,-8.1452,
600273.SH,嘉化能源,2013-03-06,5.427,5.9723,5.4097,5.7992,24458572,7.7646,2110500000,2110500000,-8.6899,
600273.SH,嘉化能源,2013-03-07,5.7213,5.8165,5.5049,5.6088,20519275,6.5141,2041200000,2041200000,-8.4046,
600273.SH,嘉化能源,2013-03-08,5.7732,5.8425,5.4963,5.6867,14661194,4.6543,2069550000,2069550000,-8.5213,
600273.SH,嘉化能源,2013-03-11,5.5568,5.6174,5.3664,5.4184,8699293,2.7617,1971900000,1971900000,-8.1193,
600273.SH,嘉化能源,2013-03-12,5.4097,5.5049,5.15,5.2885,8069561,2.5618,1924650000,1924650000,-7.9247,
600273.SH,嘉化能源,2013-03-13,5.2279,5.2539,5.1327,5.2539,4947464,1.5706,1912050000,1912050000,-7.8728,
600273.SH,嘉化能源,2013-03-14,5.2366,5.3491,5.2366,5.2972,4541470,1.4417,1927800000,1927800000,-7.9377,
600273.SH,嘉化能源,2013-03-15,5.2972,5.3145,5.1154,5.15,5169358,1.6411,1874250000,1874250000,-7.7172,
600273.SH,嘉化能源,2013-03-18,5.1414,5.1414,4.9163,4.9423,4605767,1.4621,1798650000,1798650000,-7.4059,
600273.SH,嘉化能源,2013-03-19,4.9336,5.1068,4.8557,5.0981,4055129,1.2873,1855350000,1855350000,-7.6394,
600273.SH,嘉化能源,2013-03-20,5.0375,5.1847,5.0375,5.1673,4043901,1.2838,1880550000,1880550000,-7.7431,
600273.SH,嘉化能源,2013-03-21,5.1847,5.2799,5.1587,5.1847,4407020,1.3991,1886850000,1886850000,-7.7691,
600273.SH,嘉化能源,2013-03-22,5.1587,5.3578,5.1154,5.2799,6000036,1.9048,1921500000,1921500000,-7.9117,
600273.SH,嘉化能源,2013-03-25,5.2626,5.3145,5.202,5.2106,3601505,1.1433,1896300000,1896300000,-7.808,
600273.SH,嘉化能源,2013-03-26,5.2193,5.3837,5.2193,5.3318,7966475,2.529,1940400000,1940400000,-7.9896,
600273.SH,嘉化能源,2013-03-27,5.3231,5.3578,5.2279,5.2539,5006277,1.5893,1912050000,1912050000,-7.8728,
600273.SH,嘉化能源,2013-03-28,5.1933,5.1933,4.9077,4.9423,5182944,1.6454,1798650000,1798650000,-7.4059,
600273.SH,嘉化能源,2013-03-29,4.9423,5.0375,4.9423,4.951,2036623,0.6465,1801800000,1801800000,-7.4189,
600273.SH,嘉化能源,2013-04-01,4.9769,5.0029,4.925,4.9596,2310648,0.7335,1804950000,1804950000,-7.4318,
600273.SH,嘉化能源,2013-04-02,4.9596,5.0202,4.8904,4.9423,2510114,0.7969,1798650000,1798650000,-7.4059,
600273.SH,嘉化能源,2013-04-03,4.9336,4.9856,4.7692,4.7865,3246655,1.0307,1741950000,1741950000,-7.1724,
600273.SH,嘉化能源,2013-04-08,4.8038,4.8038,4.5701,4.7086,2688349,0.8534,1713600000,1713600000,-7.0557,
600273.SH,嘉化能源,2013-04-09,4.7086,4.8125,4.6913,4.7952,2032625,0.6453,1745100000,1745100000,-7.1854,
600273.SH,嘉化能源,2013-04-10,4.7778,4.8557,4.7432,4.8384,2441179,0.775,1760850000,1760850000,-7.2503,
600273.SH,嘉化能源,2013-04-11,4.8731,4.8817,4.7605,4.7865,1592277,0.5055,1741950000,1741950000,-7.1724,
600273.SH,嘉化能源,2013-04-12,4.7692,4.8298,4.6567,4.6653,2232540,0.7087,1697850000,1697850000,-6.9909,
600273.SH,嘉化能源,2013-04-15,4.6653,5.0029,4.6567,4.8211,5143968,1.633,1754550000,1754550000,-7.2243,
600273.SH,嘉化能源,2013-04-16,4.8298,4.9077,4.7259,4.899,2597305,0.8245,1782900000,1782900000,-7.3411,
600273.SH,嘉化能源,2013-04-17,4.899,4.9163,4.8471,4.8817,1544090,0.4902,1776600000,1776600000,-7.3151,
600273.SH,嘉化能源,2013-04-18,4.8038,4.899,4.8038,4.8557,1803713,0.5726,1767150000,1767150000,-7.2762,
600273.SH,嘉化能源,2013-04-19,4.8211,4.951,4.8125,4.9423,3022438,0.9595,1798650000,1798650000,-7.4059,
600273.SH,嘉化能源,2013-04-22,4.8904,4.9163,4.8038,4.8644,3006812,0.9545,1770300000,1770300000,-7.2892,
600273.SH,嘉化能源,2013-04-23,4.8644,4.8644,4.6394,4.6653,2853619,0.9059,1697850000,1697850000,-6.9909,
600273.SH,嘉化能源,2013-04-24,4.6653,4.7952,4.6653,4.7778,1975856,0.6273,1738800000,1738800000,-7.1595,
600273.SH,嘉化能源,2013-04-25,4.7432,4.7432,4.5961,4.6134,2986319,0.948,1678950000,1678950000,47.3139,
600273.SH,嘉化能源,2013-04-26,4.622,4.674,4.423,4.5182,3061757,0.972,1644300000,1644300000,46.3374,
600273.SH,嘉化能源,2013-05-02,4.4576,4.5615,4.4576,4.5095,1213748,0.3853,1641150000,1641150000,46.2486,
600273.SH,嘉化能源,2013-05-03,4.5182,4.9596,4.5182,4.9596,5671695,1.8005,1804950000,1804950000,50.8646,
600273.SH,嘉化能源,2013-05-06,5.0981,5.15,4.9336,5.0029,12863385,4.0836,1820700000,1820700000,51.3085,
600273.SH,嘉化能源,2013-05-07,4.9769,5.0981,4.8644,4.9423,7025761,2.2304,1798650000,1798650000,50.6871,
600273.SH,嘉化能源,2013-05-08,4.9336,5.0289,4.8644,5.0115,6966736,2.2117,1823850000,1823850000,51.3972,
600273.SH,嘉化能源,2013-05-09,4.9769,5.2972,4.9423,5.2106,13710510,4.3525,1896300000,1896300000,53.4389,
600273.SH,嘉化能源,2013-05-10,5.15,5.1933,4.9769,5.0548,7262727,2.3056,1839600000,1839600000,51.8411,
600273.SH,嘉化能源,2013-05-13,5.0721,5.0894,4.9596,5.0808,4063962,1.2901,1849050000,1849050000,52.1074,
600273.SH,嘉化能源,2013-05-14,5.0721,5.0894,4.9596,5.0548,3239389,1.0284,1839600000,1839600000,51.8411,
600273.SH,嘉化能源,2013-05-15,5.0635,5.2712,4.9856,5.2366,9768299,3.101,1905750000,1905750000,53.7052,
600273.SH,嘉化能源,2013-05-16,5.176,5.5395,5.1414,5.2972,11385790,3.6145,1927800000,1927800000,54.3266,
600273.SH,嘉化能源,2013-05-17,5.2972,5.3318,5.1933,5.2712,7200815,2.286,1918350000,1918350000,54.0603,
600273.SH,嘉化能源,2013-05-20,5.2626,5.3837,5.2193,5.3058,6828034,2.1676,1930950000,1930950000,54.4154,
600273.SH,嘉化能源,2013-05-21,5.2972,5.3491,5.2279,5.3405,5883988,1.8679,1943550000,1943550000,54.7705,
600273.SH,嘉化能源,2013-05-22,5.3751,5.3751,5.15,5.1933,6576457,2.0878,1890000000,1890000000,53.2614,
600273.SH,嘉化能源,2013-05-23,5.15,5.2106,5.0981,5.1241,4637514,1.4722,1864800000,1864800000,52.5512,
600273.SH,嘉化能源,2013-05-24,5.1241,5.2366,5.1068,5.2106,3392037,1.0768,1896300000,1896300000,53.4389,
600273.SH,嘉化能源,2013-05-27,5.2106,5.2539,5.1673,5.2279,2908256,0.9233,1902600000,1902600000,53.6165,
600273.SH,嘉化能源,2013-05-28,5.2279,5.4097,5.1933,5.3405,8402337,2.6674,1943550000,1943550000,54.7705,
600273.SH,嘉化能源,2013-05-29,5.3231,5.4703,5.2626,5.3491,8548236,2.7137,1946700000,1946700000,54.8592,
600273.SH,嘉化能源,2013-05-30,5.3231,5.3491,5.2626,5.2885,4811294,1.5274,1924650000,1924650000,54.2378,
600273.SH,嘉化能源,2013-05-31,5.2972,5.3231,5.202,5.2106,4545958,1.4432,1896300000,1896300000,53.4389,
600273.SH,嘉化能源,2013-06-03,5.2106,5.2366,5.15,5.1673,3111921,0.9879,1880550000,1880550000,52.9951,
600273.SH,嘉化能源,2013-06-04,5.1847,5.2106,5.0808,5.1673,3449110,1.095,1880550000,1880550000,52.9951,
600273.SH,嘉化能源,2013-06-05,5.0981,5.1933,5.0981,5.1673,2542572,0.8072,1880550000,1880550000,52.9951,
600273.SH,嘉化能源,2013-06-06,5.15,5.1673,4.9942,5.0029,3593672,1.1408,1820700000,1820700000,51.3085,
600273.SH,嘉化能源,2013-06-07,5.0029,5.0981,4.8731,4.9163,2867857,0.9104,1789200000,1789200000,50.4208,
600273.SH,嘉化能源,2013-06-13,4.8904,4.8904,4.5961,4.6394,3330901,1.0574,1688400000,1688400000,47.5802,
600273.SH,嘉化能源,2013-06-14,4.648,4.7173,4.6394,4.6999,1783086,0.5661,1710450000,1710450000,48.2016,
600273.SH,嘉化能源,2013-06-17,4.7432,4.7432,4.6394,4.7086,1886707,0.599,1713600000,1713600000,48.2903,
600273.SH,嘉化能源,2013-06-18,4.7346,4.8038,4.6913,4.7778,2182450,0.6928,1738800000,1738800000,49.0005,
600273.SH,嘉化能源,2013-06-19,4.7778,4.7778,4.6307,4.7519,2389875,0.7587,1729350000,1729350000,48.7342,
600273.SH,嘉化能源,2013-06-20,4.7173,4.7432,4.5441,4.5788,2046843,0.6498,1666350000,1666350000,46.9588,
600273.SH,嘉化能源,2013-06-21,4.5268,4.5874,4.3624,4.5355,2230345,0.708,1650600000,1650600000,46.5149,
600273.SH,嘉化能源,2013-06-24,4.5182,4.5355,4.1114,4.1373,2799399,0.8887,1505700000,1505700000,42.4316,
600273.SH,嘉化能源,2013-06-25,4.1373,4.2499,3.7478,4.2412,4192228,1.3309,1543500000,1543500000,43.4968,
600273.SH,嘉化能源,2013-06-26,4.4143,4.4749,4.2672,4.371,4839844,1.5365,1590750000,1590750000,44.8283,
600273.SH,嘉化能源,2013-06-27,4.3624,4.397,4.1633,4.1806,3763738,1.1948,1521450000,1521450000,42.8754,
600273.SH,嘉化能源,2013-06-28,4.1547,4.2499,4.0075,4.146,2174197,0.6902,1508850000,1508850000,42.5203,
600273.SH,嘉化能源,2013-07-01,4.1373,4.3018,4.1287,4.2672,2086045,0.6622,1552950000,1552950000,43.7631,
600273.SH,嘉化能源,2013-07-02,4.397,4.4922,4.3018,4.397,4322114,1.3721,1600200000,1600200000,45.0946,
600273.SH,嘉化能源,2013-07-03,4.3537,4.4057,4.2326,4.3451,3083648,0.9789,1581300000,1581300000,44.562,
600273.SH,嘉化能源,2013-07-04,4.3191,4.7519,4.2672,4.5441,6896292,2.1893,1653750000,1653750000,46.6037,
600273.SH,嘉化能源,2013-07-05,4.5441,4.5701,4.423,4.4662,4458428,1.4154,1625400000,1625400000,45.8048,
600273.SH,嘉化能源,2013-07-08,4.6134,4.9163,4.6134,4.7086,17240923,5.4733,1713600000,1713600000,48.2903,
600273.SH,嘉化能源,2013-07-09,4.5355,4.5874,4.4057,4.4576,10021130,3.1813,1622250000,1622250000,45.716,
600273.SH,嘉化能源,2013-07-10,4.3794,4.5619,4.3012,4.5532,5223982,1.6584,1650600000,1650600000,46.5149,
600273.SH,嘉化能源,2013-07-11,4.5966,4.6661,4.5184,4.6488,5621795,1.7847,1685250000,1685250000,47.4914,
600273.SH,嘉化能源,2013-07-12,4.6488,4.6748,4.5184,4.5271,4612555,1.4643,1641150000,1641150000,46.2486,
600273.SH,嘉化能源,2013-07-15,4.5358,4.6053,4.5097,4.5879,3393409,1.0773,1663200000,1663200000,46.87,
600273.SH,嘉化能源,2013-07-16,4.5792,4.6053,4.475,4.6053,3841234,1.2194,1669500000,1669500000,47.0476,
600273.SH,嘉化能源,2013-07-17,4.6053,4.6053,4.4576,4.4663,3459475,1.0982,1619100000,1619100000,45.6273,
600273.SH,嘉化能源,2013-07-18,4.4663,4.5532,4.3794,4.4055,2873414,0.9122,1597050000,1597050000,45.0059,
600273.SH,嘉化能源,2013-07-19,4.4141,4.475,4.1708,4.1882,4616802,1.4657,1518300000,1518300000,42.7866,
600273.SH,嘉化能源,2013-07-22,4.1882,4.2491,4.1274,4.2404,2162719,0.6866,1537200000,1537200000,43.3193,
600273.SH,嘉化能源,2013-07-23,4.2577,4.3881,4.2317,4.3533,3121970,0.9911,1578150000,1578150000,44.4733,
600273.SH,嘉化能源,2013-07-24,4.3533,4.3968,4.2664,4.3533,2889972,0.9175,1578150000,1578150000,44.4733,
600273.SH,嘉化能源,2013-07-25,4.3533,4.4315,4.3186,4.3446,2700825,0.8574,1575000000,1575000000,44.3845,
600273.SH,嘉化能源,2013-07-26,4.3186,4.3446,4.2317,4.2664,2307351,0.7325,1546650000,1546650000,43.5856,
600273.SH,嘉化能源,2013-07-29,4.2664,4.2664,4.1622,4.1795,1683618,0.5345,1515150000,1515150000,42.6979,
600273.SH,嘉化能源,2013-07-30,4.2056,4.2577,4.1187,4.1969,1475797,0.4685,1521450000,1521450000,42.8754,
600273.SH,嘉化能源,2013-07-31,4.1969,4.2491,4.1882,4.223,1591987,0.5054,1530900000,1530900000,43.1417,
600273.SH,嘉化能源,2013-08-01,4.223,4.3273,4.2056,4.3273,2374314,0.7538,1568700000,1568700000,44.207,
600273.SH,嘉化能源,2013-08-02,4.4315,4.7617,4.4228,4.4924,9782579,3.1056,1628550000,1628550000,45.8936,
600273.SH,嘉化能源,2013-08-05,4.5184,4.5184,4.4055,4.4924,3761566,1.1941,1628550000,1628550000,45.8936,
600273.SH,嘉化能源,2013-08-06,4.4924,4.501,4.4228,4.4924,4625431,1.4684,1628550000,1628550000,45.8936,
600273.SH,嘉化能源,2013-08-07,4.4663,4.5706,4.4489,4.4837,4014491,1.2744,1625400000,1625400000,45.8048,
600273.SH,嘉化能源,2013-08-08,4.475,4.5271,4.4141,4.5271,3257802,1.0342,1641150000,1641150000,46.2486,
600273.SH,嘉化能源,2013-08-09,4.5271,4.5792,4.4663,4.5097,3040581,0.9653,1634850000,1634850000,46.0711,
600273.SH,嘉化能源,2013-08-12,4.501,4.5792,4.4663,4.5706,4296842,1.3641,1656900000,1656900000,46.6925,
600273.SH,嘉化能源,2013-08-13,4.5619,4.6661,4.5358,4.614,4119710,1.3078,1672650000,1672650000,47.1363,
600273.SH,嘉化能源,2013-08-14,4.6227,4.6227,4.4924,4.5271,3624668,1.1507,1641150000,1641150000,46.2486,
600273.SH,嘉化能源,2013-08-15,4.5966,4.6053,4.4576,4.4663,2360476,0.7494,1619100000,1619100000,45.6273,
600273.SH,嘉化能源,2013-08-16,4.4315,4.5619,4.3968,4.4663,3467541,1.1008,1619100000,1619100000,45.6273,
600273.SH,嘉化能源,2013-08-19,4.4837,4.5271,4.4315,4.501,2377422,0.7547,1631700000,1631700000,45.9823,
600273.SH,嘉化能源,2013-08-20,4.501,4.5271,4.4315,4.4663,2776266,0.8814,1619100000,1619100000,45.6273,
600273.SH,嘉化能源,2013-08-21,4.4489,4.4837,4.4055,4.475,1717002,0.5451,1622250000,1622250000,45.716,
600273.SH,嘉化能源,2013-08-22,4.475,4.6053,4.4402,4.5706,5438956,1.7267,1656900000,1656900000,46.6925,
600273.SH,嘉化能源,2013-08-23,4.6053,4.6053,4.4576,4.5097,2822426,0.896,1634850000,1634850000,46.0711,
600273.SH,嘉化能源,2013-08-26,4.5097,4.5792,4.475,4.5792,2785914,0.8844,1660050000,1660050000,46.7813,
600273.SH,嘉化能源,2013-08-27,4.5706,4.7356,4.5532,4.727,6471566,2.0545,1713600000,1713600000,48.2903,
600273.SH,嘉化能源,2013-08-28,4.6748,4.7009,4.614,4.6314,4818174,1.5296,1678950000,1678950000,47.3139,
600273.SH,嘉化能源,2013-08-29,4.6227,4.6227,4.4924,4.5706,4319992,1.3714,1656900000,1656900000,48.4122,
600273.SH,嘉化能源,2013-08-30,4.5184,4.5706,4.4663,4.4663,3717445,1.1801,1619100000,1619100000,47.3077,
600273.SH,嘉化能源,2013-09-02,4.475,4.5358,4.4228,4.5184,2681673,0.8513,1638000000,1638000000,47.86,
600273.SH,嘉化能源,2013-09-03,4.5358,4.6314,4.501,4.6227,4857263,1.542,1675800000,1675800000,48.9644,
600273.SH,嘉化能源,2013-09-04,4.6401,4.7009,4.5706,4.5879,3415384,1.0842,1663200000,1663200000,48.5963,
600273.SH,嘉化能源,2013-09-05,4.5706,4.5706,4.501,4.5532,2858268,0.9074,1650600000,1650600000,48.2281,
600273.SH,嘉化能源,2013-09-06,4.5445,4.6488,4.5184,4.6227,4498045,1.428,1675800000,1675800000,48.9644,
600273.SH,嘉化能源,2013-09-09,4.6574,4.7356,4.6314,4.6574,6020884,1.9114,1688400000,1688400000,49.3326,
600273.SH,嘉化能源,2013-09-10,4.6314,4.7878,4.6314,4.7183,5579658,1.7713,1710450000,1710450000,49.9768,
600273.SH,嘉化能源,2013-09-11,4.727,4.8225,4.6922,4.7183,5262317,1.6706,1710450000,1710450000,49.9768,
600273.SH,嘉化能源,2013-09-12,4.6748,4.8486,4.6748,4.8139,6903094,2.1915,1745100000,1745100000,50.9893,
600273.SH,嘉化能源,2013-09-13,4.8486,4.866,4.7183,4.7356,4581056,1.4543,1716750000,1716750000,50.1609,
600273.SH,嘉化能源,2013-09-16,4.7356,4.7356,4.7356,4.7356,--,--,1716750000,1716750000,50.1609,
600273.SH,嘉化能源,2013-09-17,4.7356,4.7356,4.7356,4.7356,--,--,1716750000,1716750000,50.1609,
600273.SH,嘉化能源,2013-09-18,4.7356,4.7356,4.7356,4.7356,--,--,1716750000,1716750000,50.1609,
600273.SH,嘉化能源,2013-09-23,4.7356,4.7356,4.7356,4.7356,--,--,1716750000,1716750000,50.1609,
600273.SH,嘉化能源,2013-09-24,4.7356,4.7356,4.7356,4.7356,--,--,1716750000,1716750000,50.1609,
600273.SH,嘉化能源,2013-09-25,4.7356,4.7356,4.7356,4.7356,--,--,1716750000,1716750000,50.1609,
600273.SH,嘉化能源,2013-09-26,4.7356,4.7356,4.7356,4.7356,--,--,1716750000,1716750000,50.1609,
600273.SH,嘉化能源,2013-09-27,4.7356,4.7356,4.7356,4.7356,--,--,1716750000,1716750000,50.1609,
600273.SH,嘉化能源,2013-09-30,4.7356,4.7356,4.7356,4.7356,--,--,1716750000,1716750000,50.1609,
600273.SH,嘉化能源,2013-10-08,4.7356,4.7356,4.7356,4.7356,--,--,1716750000,1716750000,50.1609,
600273.SH,嘉化能源,2013-10-09,4.7356,4.7356,4.7356,4.7356,--,--,1716750000,1716750000,50.1609,
600273.SH,嘉化能源,2013-10-10,4.7356,4.7356,4.7356,4.7356,--,--,1716750000,1716750000,50.1609,
600273.SH,嘉化能源,2013-10-11,4.7356,4.7356,4.7356,4.7356,--,--,1716750000,1716750000,50.1609,
600273.SH,嘉化能源,2013-10-14,4.7356,4.7356,4.7356,4.7356,--,--,1716750000,1716750000,50.1609,
600273.SH,嘉化能源,2013-10-15,4.7356,4.7356,4.7356,4.7356,--,--,1716750000,1716750000,50.1609,
600273.SH,嘉化能源,2013-10-16,4.7356,4.7356,4.7356,4.7356,--,--,1716750000,1716750000,50.1609,
600273.SH,嘉化能源,2013-10-17,4.7356,4.7356,4.7356,4.7356,--,--,1716750000,1716750000,50.1609,
600273.SH,嘉化能源,2013-10-18,4.7356,4.7356,4.7356,4.7356,--,--,1716750000,1716750000,50.1609,
600273.SH,嘉化能源,2013-10-21,4.7356,4.7356,4.7356,4.7356,--,--,1716750000,1716750000,50.1609,
600273.SH,嘉化能源,2013-10-22,4.7356,4.7356,4.7356,4.7356,--,--,1716750000,1716750000,50.1609,
600273.SH,嘉化能源,2013-10-23,4.7356,4.7356,4.7356,4.7356,--,--,1716750000,1716750000,50.1609,
600273.SH,嘉化能源,2013-10-24,4.7356,4.7356,4.7356,4.7356,--,--,1716750000,1716750000,50.1609,
600273.SH,嘉化能源,2013-10-25,4.7356,4.7356,4.7356,4.7356,--,--,1716750000,1716750000,50.1609,
600273.SH,嘉化能源,2013-10-28,4.7356,4.7356,4.7356,4.7356,--,--,1716750000,1716750000,50.1609,
600273.SH,嘉化能源,2013-10-29,4.7356,4.7356,4.7356,4.7356,--,--,1716750000,1716750000,50.1609,
600273.SH,嘉化能源,2013-10-30,4.7356,4.7356,4.7356,4.7356,--,--,1716750000,1716750000,50.1609,
600273.SH,嘉化能源,2013-10-31,4.7356,4.7356,4.7356,4.7356,--,--,1716750000,1716750000,27.7517,
600273.SH,嘉化能源,2013-11-01,4.7356,4.7356,4.7356,4.7356,--,--,1716750000,1716750000,27.7517,
600273.SH,嘉化能源,2013-11-04,4.7356,4.7356,4.7356,4.7356,--,--,1716750000,1716750000,27.7517,
600273.SH,嘉化能源,2013-11-05,4.7356,4.7356,4.7356,4.7356,--,--,1716750000,1716750000,27.7517,
600273.SH,嘉化能源,2013-11-06,4.7356,4.7356,4.7356,4.7356,--,--,1716750000,1716750000,27.7517,
600273.SH,嘉化能源,2013-11-07,4.7356,4.7356,4.7356,4.7356,--,--,1716750000,1716750000,27.7517,
600273.SH,嘉化能源,2013-11-08,4.7356,4.7356,4.7356,4.7356,--,--,1716750000,1716750000,27.7517,
600273.SH,嘉化能源,2013-11-11,4.7356,4.7356,4.7356,4.7356,--,--,1716750000,1716750000,27.7517,
600273.SH,嘉化能源,2013-11-12,4.7356,4.7356,4.7356,4.7356,--,--,1716750000,1716750000,27.7517,
600273.SH,嘉化能源,2013-11-13,4.7356,4.7356,4.7356,4.7356,--,--,1716750000,1716750000,27.7517,
600273.SH,嘉化能源,2013-11-14,4.7356,4.7356,4.7356,4.7356,--,--,1716750000,1716750000,27.7517,
600273.SH,嘉化能源,2013-11-15,4.7356,4.7356,4.7356,4.7356,--,--,1716750000,1716750000,27.7517,
600273.SH,嘉化能源,2013-11-18,4.7356,4.7356,4.7356,4.7356,--,--,1716750000,1716750000,27.7517,
600273.SH,嘉化能源,2013-11-19,4.7356,4.7356,4.7356,4.7356,--,--,1716750000,1716750000,27.7517,
600273.SH,嘉化能源,2013-11-20,4.7356,4.7356,4.7356,4.7356,--,--,1716750000,1716750000,27.7517,
600273.SH,嘉化能源,2013-11-21,4.7356,4.7356,4.7356,4.7356,--,--,1716750000,1716750000,27.7517,
600273.SH,嘉化能源,2013-11-22,4.7356,4.7356,4.7356,4.7356,--,--,1716750000,1716750000,27.7517,
600273.SH,嘉化能源,2013-11-25,4.7356,4.7356,4.7356,4.7356,--,--,1716750000,1716750000,27.7517,
600273.SH,嘉化能源,2013-11-26,4.7356,4.7356,4.7356,4.7356,--,--,1716750000,1716750000,27.7517,
600273.SH,嘉化能源,2013-11-27,4.7356,4.7356,4.7356,4.7356,--,--,1716750000,1716750000,27.7517,
600273.SH,嘉化能源,2013-11-28,4.7356,4.7356,4.7356,4.7356,--,--,1716750000,1716750000,27.7517,
600273.SH,嘉化能源,2013-11-29,4.7356,4.7356,4.7356,4.7356,--,--,1716750000,1716750000,27.7517,
600273.SH,嘉化能源,2013-12-02,4.7356,4.7356,4.7356,4.7356,--,--,1716750000,1716750000,27.7517,
600273.SH,嘉化能源,2013-12-03,4.7356,4.7356,4.7356,4.7356,--,--,1716750000,1716750000,27.7517,
600273.SH,嘉化能源,2013-12-04,5.2136,5.2136,5.2136,5.2136,298999,0.0949,1890000000,1890000000,30.5523,
600273.SH,嘉化能源,2013-12-05,5.7349,5.7349,5.7349,5.7349,256471,0.0814,2079000000,2079000000,33.6075,
600273.SH,嘉化能源,2013-12-06,6.3084,6.3084,6.3084,6.3084,876860,0.2784,2286900000,2286900000,36.9683,
600273.SH,嘉化能源,2013-12-09,6.7863,6.9427,6.4648,6.9427,53849029,17.0949,2516850000,2516850000,40.6855,
600273.SH,嘉化能源,2013-12-10,6.7776,6.9514,6.5517,6.7516,31338616,9.9488,2447550000,2447550000,39.5652,
600273.SH,嘉化能源,2013-12-11,6.795,7.2208,6.6907,7.0209,29988533,9.5202,2545200000,2545200000,41.1438,
600273.SH,嘉化能源,2013-12-12,6.8385,6.9601,6.6994,6.8124,17169789,5.4507,2469600000,2469600000,39.9217,
600273.SH,嘉化能源,2013-12-13,6.795,7.0991,6.3953,6.4561,18022241,5.7213,2340450000,2340450000,37.8339,
600273.SH,嘉化能源,2013-12-16,6.4561,6.5691,6.2736,6.3345,10793361,3.4265,2296350000,2296350000,37.1211,
600273.SH,嘉化能源,2013-12-17,6.3345,6.3432,6.0043,6.0304,12441091,3.9496,2186100000,2186100000,35.3388,
600273.SH,嘉化能源,2013-12-18,6.013,6.0651,5.9348,6.039,8225227,2.6112,2189250000,2189250000,35.3898,
600273.SH,嘉化能源,2013-12-19,5.9782,6.0477,5.7957,5.8479,9176191,2.9131,2119950000,2119950000,34.2695,
600273.SH,嘉化能源,2013-12-20,5.9,5.9782,5.7871,5.9174,7119553,2.2602,2145150000,2145150000,34.6769,
600273.SH,嘉化能源,2013-12-23,5.8566,5.8913,5.648,5.6741,6525886,2.0717,2056950000,2056950000,33.2511,
600273.SH,嘉化能源,2013-12-24,5.6741,5.7957,5.6654,5.761,4762856,1.512,2088450000,2088450000,33.7603,
600273.SH,嘉化能源,2013-12-25,5.761,5.9782,5.6741,5.9348,7532409,2.3912,2151450000,2151450000,34.7787,
600273.SH,嘉化能源,2013-12-26,5.9521,6.1259,5.8566,5.8739,7539848,2.3936,2129400000,2129400000,34.4223,
600273.SH,嘉化能源,2013-12-27,5.8305,6.0304,5.6741,5.9695,5116338,1.6242,2164050000,2164050000,34.9824,
600273.SH,嘉化能源,2013-12-30,6.0651,6.2389,6.0651,6.0912,8250328,2.6192,2208150000,2208150000,35.6953,
600273.SH,嘉化能源,2013-12-31,6.0738,6.0738,5.7784,5.9435,4925519,1.5637,2154600000,2154600000,34.8296,
600273.SH,嘉化能源,2014-01-02,6.0825,6.3171,6.0043,6.2302,8264755,2.6237,2258550000,2258550000,36.51,
600273.SH,嘉化能源,2014-01-03,6.1086,6.2128,6.0564,6.0825,5229734,1.6602,2205000000,2205000000,35.6444,
600273.SH,嘉化能源,2014-01-06,6.0651,6.0999,5.761,5.7957,4146653,1.3164,2101050000,2101050000,33.964,
600273.SH,嘉化能源,2014-01-07,5.7697,5.9261,5.6567,5.8044,3596785,1.1418,2104200000,2104200000,34.0149,
600273.SH,嘉化能源,2014-01-08,5.8218,5.8653,5.7002,5.8218,2958821,0.9393,2110500000,2110500000,34.1167,
600273.SH,嘉化能源,2014-01-09,5.8044,5.8392,5.5611,5.5785,3306316,1.0496,2022300000,2022300000,32.691,
600273.SH,嘉化能源,2014-01-10,5.5611,5.6046,5.3005,5.3352,3766664,1.1958,1934100000,1934100000,31.2652,
600273.SH,嘉化能源,2014-01-13,5.3613,5.5264,5.2657,5.4221,2720689,0.8637,1965600000,1965600000,31.7744,
600273.SH,嘉化能源,2014-01-14,5.4569,5.4916,5.3613,5.4742,2106610,0.6688,1984500000,1984500000,32.0799,
600273.SH,嘉化能源,2014-01-15,5.5177,6.0217,5.4221,6.0217,8965033,2.846,2182950000,2182950000,35.2879,
600273.SH,嘉化能源,2014-01-16,6.0477,6.2997,5.9174,6.0217,9962188,3.1626,2182950000,2182950000,35.2879,
600273.SH,嘉化能源,2014-01-17,6.0825,6.1086,5.8392,5.9261,4451017,1.413,2148300000,2148300000,34.7278,
600273.SH,嘉化能源,2014-01-20,5.8392,6.2476,5.8305,6.0043,5210054,1.654,2176650000,2176650000,35.1861,
600273.SH,嘉化能源,2014-01-21,6.0217,6.0912,5.9,6.0738,3406197,1.0813,2201850000,2201850000,35.5934,
600273.SH,嘉化能源,2014-01-22,6.0912,6.152,5.9869,6.0999,4270406,1.3557,2211300000,2211300000,35.7462,
600273.SH,嘉化能源,2014-01-23,6.0825,6.1086,5.9782,6.0304,3200502,1.016,2186100000,2186100000,35.3388,
600273.SH,嘉化能源,2014-01-24,5.8913,5.8913,5.6567,5.761,10200802,3.2383,2088450000,2088450000,33.7603,
600273.SH,嘉化能源,2014-01-27,5.761,5.8653,5.5785,5.8566,5537092,1.7578,2123100000,2123100000,34.3204,
600273.SH,嘉化能源,2014-01-28,5.7784,6.4214,5.7697,6.2563,11186083,3.5511,2268000000,2268000000,36.6628,
600273.SH,嘉化能源,2014-01-29,6.2563,6.2997,6.1172,6.2302,4592069,1.4578,2258550000,2258550000,36.51,
600273.SH,嘉化能源,2014-01-30,6.2128,6.3258,6.0912,6.2215,3493293,1.109,2255400000,2255400000,36.4591,
600273.SH,嘉化能源,2014-02-07,6.1868,6.3605,6.0825,6.3519,5512063,1.7499,2302650000,2302650000,37.2229,
600273.SH,嘉化能源,2014-02-10,6.3432,6.6734,6.3084,6.4301,7788664,2.4726,2331000000,2331000000,37.6812,
600273.SH,嘉化能源,2014-02-11,6.3866,6.4996,6.2823,6.3345,6098402,1.936,2296350000,2296350000,37.1211,
600273.SH,嘉化能源,2014-02-12,6.291,6.5343,6.1694,6.5083,6112288,1.9404,2359350000,2359350000,38.1395,
600273.SH,嘉化能源,2014-02-13,6.5083,6.7776,6.3345,6.3866,8232629,2.6135,2315250000,2315250000,37.4266,
600273.SH,嘉化能源,2014-02-14,6.2997,6.4996,6.1781,6.3605,4910762,1.559,2305800000,2305800000,37.2738,
600273.SH,嘉化能源,2014-02-17,6.2997,6.5865,6.2736,6.4387,4633346,1.4709,2334150000,2334150000,37.7321,
600273.SH,嘉化能源,2014-02-18,6.4735,6.4822,6.2997,6.404,4074353,1.2934,2321550000,2321550000,37.5284,
600273.SH,嘉化能源,2014-02-19,6.3692,6.5517,6.2563,6.4214,4972290,1.5785,2327850000,2327850000,37.6303,
600273.SH,嘉化能源,2014-02-20,6.4822,6.5083,6.1868,6.2302,5228885,1.66,2258550000,2258550000,36.51,
600273.SH,嘉化能源,2014-02-21,6.2302,6.2823,6.1259,6.1868,3183673,1.0107,2242800000,2242800000,36.2554,
600273.SH,嘉化能源,2014-02-24,6.1954,6.291,6.152,6.2476,2943717,0.9345,2264850000,2264850000,36.6119,
600273.SH,嘉化能源,2014-02-25,6.2563,6.3953,5.9261,6.0999,4534155,1.4394,2211300000,2211300000,35.7462,
600273.SH,嘉化能源,2014-02-26,6.1086,6.5083,5.9348,6.4735,9695455,3.0779,2346750000,2346750000,-72.1773,
600273.SH,嘉化能源,2014-02-27,6.5865,6.5865,6.3692,6.4561,8055109,2.5572,2340450000,2340450000,-71.9836,
600273.SH,嘉化能源,2014-02-28,6.3692,6.543,6.1954,6.4735,4975752,1.5796,2346750000,2346750000,-72.1773,
600273.SH,嘉化能源,2014-03-03,6.4127,6.7602,6.4127,6.682,8738726,2.7742,2422350000,2422350000,-74.5025,
600273.SH,嘉化能源,2014-03-04,6.5865,6.908,6.4996,6.6907,9668889,3.0695,2425500000,2425500000,-74.5994,
600273.SH,嘉化能源,2014-03-05,6.6299,6.908,6.4909,6.5169,9051587,2.8735,2362500000,2362500000,-72.6618,
600273.SH,嘉化能源,2014-03-06,6.4822,6.656,6.3519,6.6386,5241379,1.6639,2406600000,2406600000,-74.0181,
600273.SH,嘉化能源,2014-03-07,6.656,6.6994,6.3953,6.5604,3777332,1.1992,2378250000,2378250000,-73.1462,
600273.SH,嘉化能源,2014-03-10,6.4561,6.5778,6.3432,6.3692,4164325,1.322,2308950000,2308950000,-71.0147,
600273.SH,嘉化能源,2014-03-11,6.3345,6.4214,6.1954,6.2823,2759923,0.8762,2277450000,2277450000,-70.0459,
600273.SH,嘉化能源,2014-03-12,6.1954,6.3605,6.1954,6.3432,2574299,0.8172,2299500000,2299500000,-70.7241,
600273.SH,嘉化能源,2014-03-13,6.3519,6.4127,6.2997,6.3605,1904278,0.6045,2305800000,2305800000,-70.9179,
600273.SH,嘉化能源,2014-03-14,6.3084,6.3953,6.1694,6.2736,1763410,0.5598,2274300000,2274300000,-69.949,
600273.SH,嘉化能源,2014-03-17,6.3171,6.5083,6.2736,6.4996,2519838,0.7999,2356200000,2356200000,-72.468,
600273.SH,嘉化能源,2014-03-18,6.5083,6.5517,6.4474,6.4735,1940456,0.616,2346750000,2346750000,-72.1773,
600273.SH,嘉化能源,2014-03-19,6.4648,6.656,6.4301,6.6473,3907491,1.2405,2409750000,2409750000,-74.115,
600273.SH,嘉化能源,2014-03-20,6.656,6.8732,6.3866,6.4127,7902666,2.5088,2324700000,2324700000,-71.4992,
600273.SH,嘉化能源,2014-03-21,6.3432,6.6299,6.3345,6.6038,4295892,1.3638,2394000000,2394000000,-73.6306,
600273.SH,嘉化能源,2014-03-24,6.6125,6.6907,6.5169,6.5952,2427916,0.7708,2390850000,2390850000,-73.5337,
600273.SH,嘉化能源,2014-03-25,6.6125,6.6299,6.4648,6.5169,2963244,0.9407,2362500000,2362500000,-72.6618,
600273.SH,嘉化能源,2014-03-26,6.5169,6.5517,6.3779,6.4561,2909808,0.9237,2340450000,2340450000,-71.9836,
600273.SH,嘉化能源,2014-03-27,6.543,6.543,6.3866,6.404,2027470,0.6436,2321550000,2321550000,-71.4023,
600273.SH,嘉化能源,2014-03-28,6.3432,6.4474,6.2997,6.3519,2312460,0.7341,2302650000,2302650000,-70.821,
600273.SH,嘉化能源,2014-03-31,6.3519,6.4735,6.3084,6.3345,1263235,0.401,2296350000,2296350000,-70.6272,
600273.SH,嘉化能源,2014-04-01,6.3345,6.4387,6.2997,6.4301,1142740,0.3628,2331000000,2331000000,-71.6929,
600273.SH,嘉化能源,2014-04-02,6.4301,6.4735,6.3692,6.3953,1017245,0.3229,2318400000,2318400000,-71.3054,
600273.SH,嘉化能源,2014-04-03,6.404,6.4387,6.3779,6.4387,1108764,0.352,2334150000,2334150000,-71.7898,
600273.SH,嘉化能源,2014-04-04,6.4387,6.6212,6.4301,6.543,3529012,1.1203,2371950000,2371950000,-72.9524,
600273.SH,嘉化能源,2014-04-08,6.5604,6.7342,6.543,6.6994,4937268,1.5674,2428650000,2428650000,-74.6963,
600273.SH,嘉化能源,2014-04-09,6.6994,6.7342,6.6125,6.6734,2499400,0.7935,2419200000,2419200000,-74.4056,
600273.SH,嘉化能源,2014-04-10,6.6994,6.7081,6.5865,6.6212,2617449,0.8309,2400300000,2400300000,-73.8243,
600273.SH,嘉化能源,2014-04-11,6.6299,7.1947,6.543,7.0644,11131719,3.5339,2560950000,2560950000,-78.7653,
600273.SH,嘉化能源,2014-04-14,6.9514,7.16,6.9514,7.0731,7072333,2.2452,2564100000,2564100000,-78.8622,
600273.SH,嘉化能源,2014-04-15,7.0122,7.1686,6.8037,6.8819,7390351,2.3461,2494800000,2494800000,-76.7308,
600273.SH,嘉化能源,2014-04-16,6.8124,6.8906,6.6994,6.7342,4918341,1.5614,2441250000,2441250000,-75.0838,
600273.SH,嘉化能源,2014-04-17,6.7602,6.908,6.7429,6.795,3182153,1.0102,2463300000,2463300000,-75.762,
600273.SH,嘉化能源,2014-04-18,6.7602,6.9427,6.7602,6.9253,2879184,0.914,2510550000,2510550000,-77.2152,
600273.SH,嘉化能源,2014-04-21,6.9253,7.1426,6.7602,6.7776,5207122,1.6531,2457000000,2457000000,-75.5682,
600273.SH,嘉化能源,2014-04-22,6.7776,6.8558,6.6994,6.8385,2954121,0.9378,2479050000,2479050000,-76.2464,
600273.SH,嘉化能源,2014-04-23,6.8645,7.4467,6.8037,7.1686,12037851,3.8215,2598750000,2598750000,-79.9279,
600273.SH,嘉化能源,2014-04-24,7.1686,7.299,7.0383,7.2121,8087160,2.5674,2614500000,2614500000,-80.4123,
600273.SH,嘉化能源,2014-04-25,7.1252,7.8985,7.1252,7.6726,19114328,6.068,2781450000,2781450000,-85.5471,
600273.SH,嘉化能源,2014-04-28,7.5597,7.9767,7.0383,7.69,16208470,5.1455,2787750000,2787750000,-85.7409,
600273.SH,嘉化能源,2014-04-29,7.4815,8.0376,7.4033,7.9159,14822973,4.7057,2869650000,2869650000,-62.0713,
600273.SH,嘉化能源,2014-04-30,7.8899,8.5068,7.8116,8.472,20162839,6.4009,3071250000,3071250000,-66.4319,
600273.SH,嘉化能源,2014-05-05,8.4981,8.8283,8.0549,8.3938,18580404,5.8985,3042900000,3042900000,-65.8187,
600273.SH,嘉化能源,2014-05-06,8.2982,8.4199,8.0636,8.1332,16938615,5.3773,2948400000,2948400000,-63.7747,
600273.SH,嘉化能源,2014-05-07,7.9767,8.5155,7.8377,8.2548,16815357,5.3382,2992500000,2992500000,-64.7286,
600273.SH,嘉化能源,2014-05-08,8.1245,8.1679,7.6726,7.6813,13883556,4.4075,2784600000,2784600000,-60.2316,
600273.SH,嘉化能源,2014-05-09,7.299,7.299,6.9167,6.9167,21190449,6.7271,2507400000,2507400000,-54.2357,
600273.SH,嘉化能源,2014-05-12,6.4301,6.6907,6.3084,6.6386,20498956,6.5076,2406600000,2406600000,-52.0554,
600273.SH,嘉化能源,2014-05-13,6.5517,6.6125,6.3345,6.4996,15697125,4.9832,2356200000,2356200000,-50.9652,
600273.SH,嘉化能源,2014-05-14,6.3953,6.4822,6.291,6.3171,10736076,3.4083,2290050000,2290050000,-49.5344,
600273.SH,嘉化能源,2014-05-15,6.2041,6.4214,6.1954,6.2997,7453444,2.3662,2283750000,2283750000,-49.3981,
600273.SH,嘉化能源,2014-05-16,6.3171,6.3432,5.7523,5.9261,15274941,4.8492,2148300000,2148300000,-46.4683,
600273.SH,嘉化能源,2014-05-19,5.9174,6.2128,5.7262,6.0912,14751243,4.6829,2208150000,2208150000,-47.7629,
600273.SH,嘉化能源,2014-05-20,5.8479,6.0738,5.8305,5.9695,10557614,3.3516,2164050000,2164050000,-46.809,
600273.SH,嘉化能源,2014-05-21,5.9174,6.3345,5.9174,6.2389,17002637,5.3977,2261700000,2261700000,-48.9212,
600273.SH,嘉化能源,2014-05-22,6.1781,6.2997,6.0651,6.2041,12576765,3.9926,2249100000,2249100000,-48.6486,
600273.SH,嘉化能源,2014-05-23,6.2041,6.2041,6.2041,6.2041,--,--,2249100000,2249100000,-48.6486,
600273.SH,嘉化能源,2014-05-26,6.2041,6.2041,6.2041,6.2041,--,--,2249100000,2249100000,-48.6486,
600273.SH,嘉化能源,2014-05-27,6.2041,6.2041,6.2041,6.2041,--,--,2249100000,2249100000,-48.6486,
600273.SH,嘉化能源,2014-05-28,6.2041,6.2041,6.2041,6.2041,--,--,2249100000,2249100000,-48.6486,
600273.SH,嘉化能源,2014-05-29,6.2041,6.2041,6.2041,6.2041,--,--,2249100000,2249100000,-48.6486,
600273.SH,嘉化能源,2014-05-30,6.2041,6.2041,6.2041,6.2041,--,--,2249100000,2249100000,-48.6486,
600273.SH,嘉化能源,2014-06-03,5.9782,6.8124,5.9174,6.5343,26474510,8.4046,2368800000,2368800000,-51.2378,
600273.SH,嘉化能源,2014-06-04,6.4822,6.7689,6.3866,6.6994,17033404,5.4074,2428650000,2428650000,-52.5323,
600273.SH,嘉化能源,2014-06-05,6.682,6.9253,6.5256,6.7863,12657209,4.0182,2460150000,2460150000,-53.2137,
600273.SH,嘉化能源,2014-06-06,6.7602,6.8906,6.6473,6.795,8342609,2.6484,2463300000,2463300000,-53.2818,
600273.SH,嘉化能源,2014-06-09,6.908,7.4728,6.908,7.4728,13687750,4.3453,2709000000,2709000000,-58.5964,
600273.SH,嘉化能源,2014-06-10,7.5684,7.8985,7.3251,7.4554,18496255,5.8718,2702700000,2702700000,-58.4601,
600273.SH,嘉化能源,2014-06-11,7.4815,7.6813,7.3077,7.5162,10963395,3.4804,2724750000,2724750000,-58.9371,
600273.SH,嘉化能源,2014-06-12,7.4293,7.7248,7.4293,7.5075,10321046,3.2765,2721600000,2721600000,-58.8689,
600273.SH,嘉化能源,2014-06-13,7.7943,8.1592,7.5857,7.7161,12141975,3.8546,2797200000,2797200000,-60.5042,
600273.SH,嘉化能源,2014-06-16,7.6466,7.6466,7.3511,7.5336,7763527,2.4646,2731050000,2731050000,-59.0733,
600273.SH,嘉化能源,2014-06-17,7.4901,7.5336,7.3424,7.4119,6069848,1.9269,2686950000,2686950000,-58.1194,
600273.SH,嘉化能源,2014-06-18,7.3598,7.7248,7.3511,7.7161,6770273,2.1493,2797200000,2797200000,-60.5042,
600273.SH,嘉化能源,2014-06-19,7.7161,7.7769,7.3511,7.4554,5019817,1.5936,2702700000,2702700000,-58.4601,
600273.SH,嘉化能源,2014-06-20,7.5075,7.6466,7.3946,7.6379,3491113,1.1083,2768850000,2768850000,-59.891,
600273.SH,嘉化能源,2014-06-23,7.6466,7.8551,7.577,7.7769,5390574,1.7113,2819250000,2819250000,-60.9811,
600273.SH,嘉化能源,2014-06-24,7.7856,7.8899,7.7334,7.8725,4874563,1.5475,2853900000,2853900000,-61.7306,
600273.SH,嘉化能源,2014-06-25,7.8725,7.8725,7.8725,7.8725,--,--,2853900000,2853900000,-61.7306,
600273.SH,嘉化能源,2014-06-26,7.8725,7.8725,7.8725,7.8725,--,--,2853900000,2853900000,-61.7306,
600273.SH,嘉化能源,2014-06-27,7.8725,7.8725,7.8725,7.8725,--,--,2853900000,2853900000,-61.7306,
600273.SH,嘉化能源,2014-06-30,7.8725,7.8725,7.8725,7.8725,--,--,2853900000,2853900000,-61.7306,
600273.SH,嘉化能源,2014-07-01,7.8725,7.8725,7.8725,7.8725,--,--,2853900000,2853900000,-61.7306,
600273.SH,嘉化能源,2014-07-02,8.6632,8.6632,7.9159,8.1158,20882278,6.6293,2942100000,2942100000,-63.6384,
600273.SH,嘉化能源,2014-07-03,8.0549,8.9239,8.0463,8.9239,30478976,9.6759,3235050000,3235050000,-69.975,
600273.SH,嘉化能源,2014-07-04,8.6893,8.9934,8.5415,8.7153,21090633,6.6954,3159450000,3159450000,-68.3397,
600273.SH,嘉化能源,2014-07-07,8.7414,9.2541,8.4633,8.8891,15401915,4.8895,3222450000,3222450000,-69.7024,
600273.SH,嘉化能源,2014-07-08,8.8631,9.0977,8.6893,8.698,14082146,4.4705,3153150000,3153150000,-68.2035,
600273.SH,嘉化能源,2014-07-09,8.6198,8.6893,8.2548,8.3851,11539392,3.6633,3039750000,3039750000,-65.7506,
600273.SH,嘉化能源,2014-07-10,8.3938,8.4025,7.8899,8.0115,10345243,3.2842,2904300000,2904300000,-62.8208,
600273.SH,嘉化能源,2014-07-11,8.0636,8.1505,7.9507,8.1158,4999838,1.5873,2942100000,2942100000,-63.6384,
600273.SH,嘉化能源,2014-07-14,8.1158,8.3851,8.0549,8.2461,6472457,2.0547,2989350000,2989350000,-64.6604,
600273.SH,嘉化能源,2014-07-15,8.2374,8.3243,7.9072,7.9507,6244185,1.9823,2882250000,2882250000,-62.3438,
600273.SH,嘉化能源,2014-07-16,7.9072,8.0115,7.6379,7.6726,5706169,1.8115,2781450000,2781450000,-60.1635,
600273.SH,嘉化能源,2014-07-17,7.6639,7.9072,7.6639,7.7334,3174783,1.0079,2803500000,2803500000,-60.6404,
600273.SH,嘉化能源,2014-07-18,7.7334,7.942,7.7334,7.8638,2968528,0.9424,2850750000,2850750000,-61.6625,
600273.SH,嘉化能源,2014-07-21,7.8725,8.3417,7.829,8.3156,8740065,2.7746,3014550000,3014550000,-65.2055,
600273.SH,嘉化能源,2014-07-22,8.3417,8.4199,8.2114,8.3591,6768487,2.1487,3030300000,3030300000,-65.5462,
600273.SH,嘉化能源,2014-07-23,8.3678,8.4025,8.0376,8.0636,5267593,1.6723,2923200000,2923200000,-63.2296,
600273.SH,嘉化能源,2014-07-24,8.0984,8.1505,7.7074,7.8116,4854569,1.5411,2831850000,2831850000,-61.2537,
600273.SH,嘉化能源,2014-07-25,7.6639,8.0897,7.6639,7.9594,3405554,1.0811,2885400000,2885400000,-62.412,
600273.SH,嘉化能源,2014-07-28,7.9594,8.0723,7.8638,7.9767,3457634,1.0977,2891700000,2891700000,-62.5482,
600273.SH,嘉化能源,2014-07-29,7.9854,8.0984,7.8725,8.081,4288907,1.3616,2929500000,2929500000,-63.3659,
600273.SH,嘉化能源,2014-07-30,8.0028,8.1592,7.9941,8.1245,3680095,1.1683,2945250000,2945250000,-63.7065,
600273.SH,嘉化能源,2014-07-31,8.1418,8.3938,8.081,8.2374,5793603,1.8392,2986200000,2986200000,-64.5923,
600273.SH,嘉化能源,2014-08-01,8.2374,8.3678,8.0463,8.1158,4230380,1.343,2942100000,2942100000,-63.6384,
600273.SH,嘉化能源,2014-08-04,8.081,8.2809,8.0549,8.194,3575618,1.1351,2970450000,2970450000,-64.2516,
600273.SH,嘉化能源,2014-08-05,8.1505,8.333,8.1245,8.3069,4777907,1.5168,3011400000,3011400000,-292.1481,
600273.SH,嘉化能源,2014-08-06,8.2722,8.3765,8.2114,8.3156,4203899,1.3346,3014550000,3014550000,-292.4537,
600273.SH,嘉化能源,2014-08-07,8.2809,8.4894,8.2809,8.333,4712840,1.4961,3020850000,3020850000,-293.0648,
600273.SH,嘉化能源,2014-08-08,8.333,8.9934,8.2374,8.6632,10883011,3.4549,3140550000,3140550000,-304.6774,
600273.SH,嘉化能源,2014-08-11,8.5155,8.6719,8.5155,8.6545,5435877,1.7257,3137400000,3137400000,-304.3719,
600273.SH,嘉化能源,2014-08-12,8.6458,8.8109,8.5502,8.6632,4416007,1.4019,3140550000,3140550000,-304.6774,
600273.SH,嘉化能源,2014-08-13,8.6632,8.6806,8.3938,8.4894,4884912,1.5508,3077550000,3077550000,-298.5656,
600273.SH,嘉化能源,2014-08-14,8.5329,8.5763,8.2809,8.333,3950369,1.2541,3020850000,3020850000,-293.0648,
600273.SH,嘉化能源,2014-08-15,8.3591,8.4807,8.2635,8.4199,3666123,1.1638,3052350000,3052350000,-296.1208,
600273.SH,嘉化能源,2014-08-18,8.4286,8.4633,8.2982,8.3504,4358235,1.3836,3027150000,3027150000,-293.6761,
600273.SH,嘉化能源,2014-08-19,8.3504,8.5676,8.333,8.5589,5240690,1.6637,3102750000,3102750000,-301.0103,
600273.SH,嘉化能源,2014-08-20,8.6458,8.6458,8.446,8.4981,3605021,1.1445,3080700000,3080700000,-298.8712,
600273.SH,嘉化能源,2014-08-21,8.4981,8.5329,8.3417,8.5329,3200362,1.016,3093300000,3093300000,-300.0935,
600273.SH,嘉化能源,2014-08-22,8.5329,8.6024,8.4807,8.5676,2828233,0.8979,3105900000,3105900000,-301.3159,
600273.SH,嘉化能源,2014-08-25,8.5676,8.6371,8.4547,8.5068,2303865,0.7314,3083850000,3083850000,-299.1767,
600273.SH,嘉化能源,2014-08-26,8.4633,8.4807,7.8203,8.2374,2957891,0.939,2986200000,2986200000,-289.7033,
600273.SH,嘉化能源,2014-08-27,8.2374,8.3504,8.2114,8.2722,2094953,0.6651,2998800000,2998800000,-290.9257,
600273.SH,嘉化能源,2014-08-28,8.3678,8.3678,7.9854,8.1332,3516827,1.1165,2948400000,2948400000,-286.0362,
600273.SH,嘉化能源,2014-08-29,8.1158,8.22,8.1071,8.1592,2020866,0.6415,2957850000,2957850000,-286.953,
600273.SH,嘉化能源,2014-09-01,8.1505,8.4112,8.1332,8.3417,2825711,0.8971,3024000000,3024000000,-293.3705,
600273.SH,嘉化能源,2014-09-02,8.3417,8.585,8.3243,8.4894,4266065,1.3543,3077550000,3077550000,-298.5656,
600273.SH,嘉化能源,2014-09-03,8.5242,8.6198,8.4547,8.5415,3979403,1.2633,3096450000,3096450000,-300.3991,
600273.SH,嘉化能源,2014-09-04,8.6198,8.6198,8.446,8.5415,4396658,1.3958,3096450000,3096450000,-300.3991,
600273.SH,嘉化能源,2014-09-05,8.5502,8.7675,8.4981,8.698,8313349,2.6392,3153150000,3153150000,-305.8998,
600273.SH,嘉化能源,2014-09-09,8.837,9.5669,8.8109,9.4018,15817751,5.0215,3408300000,3408300000,-330.653,
600273.SH,嘉化能源,2014-09-10,9.5408,9.5582,9.089,9.1672,12606151,4.002,3323250000,3323250000,-322.4019,
600273.SH,嘉化能源,2014-09-11,9.2106,9.367,9.0021,9.2541,9068581,2.8789,3354750000,3354750000,-325.4579,
600273.SH,嘉化能源,2014-09-12,9.1411,9.2541,9.0455,9.2019,4773925,1.5155,3335850000,3335850000,-323.6243,
600273.SH,嘉化能源,2014-09-15,9.2019,9.2019,8.9586,9.0629,6699719,2.1269,3285450000,3285450000,-318.7348,
600273.SH,嘉化能源,2014-09-16,9.115,9.115,8.6198,8.7153,5987074,1.9007,3159450000,3159450000,-306.511,
600273.SH,嘉化能源,2014-09-17,8.698,8.7675,8.1418,8.333,10380164,3.2953,3020850000,3020850000,-293.0648,
600273.SH,嘉化能源,2014-09-18,8.3591,8.3591,8.2027,8.3243,5107275,1.6214,3017700000,3017700000,-292.7593,
600273.SH,嘉化能源,2014-09-19,8.3156,8.5415,8.2722,8.5415,4310553,1.3684,3096450000,3096450000,-300.3991,
600273.SH,嘉化能源,2014-09-22,8.5415,8.5763,8.2896,8.3069,4066152,1.2908,3011400000,3011400000,-292.1481,
600273.SH,嘉化能源,2014-09-23,8.3156,8.5329,8.3069,8.4373,3790751,1.2034,3058650000,3058650000,-296.732,
600273.SH,嘉化能源,2014-09-24,8.3504,8.5937,8.3504,8.5589,4105330,1.3033,3102750000,3102750000,-301.0103,
600273.SH,嘉化能源,2014-09-25,8.6024,8.7762,8.4981,8.698,7878977,2.5013,3153150000,3153150000,-305.8998,
600273.SH,嘉化能源,2014-09-26,8.9065,8.9934,8.6719,8.7675,6204934,1.9698,3178350000,12586924483.49,-308.3446,
600273.SH,嘉化能源,2014-09-29,8.8196,8.837,8.5415,8.5502,7078844,2.2473,3099600000,12275058168.24,-300.7047,
600273.SH,嘉化能源,2014-09-30,8.446,8.7762,8.446,8.6893,4380635,1.3907,3150000000,12474652610,-1210.2164,
600273.SH,嘉化能源,2014-10-08,8.724,8.7501,8.4286,8.5763,5734091,1.8203,3109050000,12312482126.07,-1194.4836,
600273.SH,嘉化能源,2014-10-09,8.6111,8.6198,8.4633,8.5329,5524093,1.7537,3093300000,12250108863.02,-1188.4325,
600273.SH,嘉化能源,2014-10-10,8.5155,8.6024,8.4373,8.4894,4334955,1.3762,3077550000,12187735599.97,-1182.3815,
600273.SH,嘉化能源,2014-10-13,8.4633,8.6806,8.22,8.6545,7544052,2.3949,3137400000,12424753999.56,-1205.3756,
600273.SH,嘉化能源,2014-10-14,8.6458,9.2106,8.6024,8.9673,41922275,13.3087,3250800000,12873841493.52,-1248.9434,
600273.SH,嘉化能源,2014-10-15,8.9326,9.1237,8.7066,8.9673,39015530,12.3859,3250800000,12873841493.52,-1248.9434,
600273.SH,嘉化能源,2014-10-16,8.8196,9.1932,8.4547,8.4807,45680312,14.5017,3074400000,12175260947.36,-1181.1713,
600273.SH,嘉化能源,2014-10-17,8.333,8.333,7.7334,7.942,24635339,7.8207,2879100000,11401832485.54,-1106.1378,
600273.SH,嘉化能源,2014-10-20,7.8638,7.9941,7.8377,7.9507,9183288,2.9153,2882250000,11414307138.15,-1107.348,
600273.SH,嘉化能源,2014-10-21,7.9767,7.9767,7.7769,7.7943,7903860,2.5092,2825550000,11189763391.17,-1085.5641,
600273.SH,嘉化能源,2014-10-22,7.7769,7.8812,7.7248,7.7508,6099962,1.9365,2809800000,11127390128.12,-1079.5131,
600273.SH,嘉化能源,2014-10-23,7.7248,7.8203,7.5336,7.5857,6632311,2.1055,2749950000,10890371728.53,-1056.5189,
600273.SH,嘉化能源,2014-10-24,7.5857,7.7248,7.5857,7.6118,3501220,1.1115,2759400000,10927795686.36,-1060.1495,
600273.SH,嘉化能源,2014-10-27,7.6118,7.803,7.4467,7.7421,5047841,1.6025,2806650000,11114915475.51,-1078.3029,
600273.SH,嘉化能源,2014-10-28,7.7682,7.8551,7.7682,7.8203,5496854,1.745,2835000000,11227187349,-1089.1948,
600273.SH,嘉化能源,2014-10-29,7.8638,7.9159,7.7856,7.829,9152264,2.9055,2838150000,11239662001.61,-1090.405,
600273.SH,嘉化能源,2014-10-30,7.8377,7.8377,7.5944,7.6379,10951371,3.4766,2768850000,10965219644.19,-1063.7803,
600273.SH,嘉化能源,2014-10-31,7.8116,7.8551,7.6726,7.7161,8477978,2.6914,2797200000,11077491517.68,28.056,
600273.SH,嘉化能源,2014-11-03,7.6813,7.803,7.6552,7.7769,8061663,2.5593,2819250000,11164814085.95,28.2771,
600273.SH,嘉化能源,2014-11-04,7.7595,7.8638,7.69,7.8551,7706498,2.4465,2847600000,11277085959.44,28.5615,
600273.SH,嘉化能源,2014-11-05,7.8203,7.8551,7.6639,7.7161,6167040,1.9578,2797200000,11077491517.68,28.056,
600273.SH,嘉化能源,2014-11-06,7.7334,7.8638,7.7161,7.8464,5588862,1.7742,2844450000,11264611306.83,28.5299,
600273.SH,嘉化能源,2014-11-07,7.829,7.9681,7.7856,7.829,9758257,3.0979,2838150000,11239662001.61,28.4667,
600273.SH,嘉化能源,2014-11-10,7.8551,7.9072,7.7334,7.8203,6481970,2.0578,2835000000,11227187349,28.4351,
600273.SH,嘉化能源,2014-11-11,7.8203,7.8464,7.16,7.3511,11052928,3.5089,2664900000,10553556108.06,26.729,
600273.SH,嘉化能源,2014-11-12,7.4033,7.4033,7.2295,7.4033,5491355,1.7433,2683800000,10628404023.72,26.9186,
600273.SH,嘉化能源,2014-11-13,7.4119,7.4815,7.2382,7.3077,6223869,1.9758,2649150000,10491182845.01,26.571,
600273.SH,嘉化能源,2014-11-14,7.3251,7.5684,7.299,7.5162,5864499,1.8617,2724750000,10790574507.65,27.3293,
600273.SH,嘉化能源,2014-11-17,7.5162,7.7334,7.438,7.6031,6381609,2.0259,2756250000,10915321033.75,27.6452,
600273.SH,嘉化能源,2014-11-18,7.5944,7.7248,7.5684,7.6379,3726111,1.1829,2768850000,10965219644.19,27.7716,
600273.SH,嘉化能源,2014-11-19,7.5944,7.6987,7.577,7.6292,4774143,1.5156,2765700000,10952744991.58,27.74,
600273.SH,嘉化能源,2014-11-20,7.6292,8.0463,7.5075,8.0115,13663466,4.3376,2904300000,11501629706.42,29.1302,
600273.SH,嘉化能源,2014-11-21,8.0115,8.2809,7.8899,8.1592,23546959,7.4752,2957850000,11713698800.79,29.6673,
600273.SH,嘉化能源,2014-11-24,8.2548,8.2548,7.6466,7.8377,68838232,21.8534,2841300000,11252136654.22,28.4983,
600273.SH,嘉化能源,2014-11-25,7.6987,7.8638,7.4728,7.6118,50604231,16.0648,2759400000,10927795686.36,27.6768,
600273.SH,嘉化能源,2014-11-26,7.551,7.6118,7.5162,7.5857,18511058,5.8765,2749950000,10890371728.53,27.582,
600273.SH,嘉化能源,2014-11-27,7.6639,7.8116,7.5944,7.803,29313216,9.3058,2828700000,11202238043.78,28.3719,
600273.SH,嘉化能源,2014-11-28,7.8203,7.829,7.6813,7.7074,19619077,6.2283,2794050000,11065016865.07,28.0244,
600273.SH,嘉化能源,2014-12-01,7.6466,7.7334,7.4901,7.551,16792809,5.3311,2737350000,10840473118.09,27.4557,
600273.SH,嘉化能源,2014-12-02,7.551,7.7074,7.5423,7.6205,13824390,4.3887,2762550000,10940270338.97,27.7084,
600273.SH,嘉化能源,2014-12-03,7.6466,7.6987,7.6031,7.6726,15741088,4.9972,2781450000,11015118254.63,27.898,
600273.SH,嘉化能源,2014-12-04,7.6813,7.9594,7.6813,7.8985,31860267,10.1144,2863350000,11339459222.49,28.7194,
600273.SH,嘉化能源,2014-12-05,7.8725,7.8985,7.4728,7.7334,22614498,7.1792,2803500000,11102440822.9,28.1191,
600273.SH,嘉化能源,2014-12-08,7.6987,7.9507,7.5249,7.8464,21810570,6.924,2844450000,11264611306.83,28.5299,
600273.SH,嘉化能源,2014-12-09,7.829,7.829,7.5684,7.5857,18476926,5.8657,2749950000,10890371728.53,27.582,
600273.SH,嘉化能源,2014-12-10,7.577,7.7595,7.3685,7.7248,12676427,4.0243,2800350000,11089966170.29,28.0875,
600273.SH,嘉化能源,2014-12-11,7.6987,8.1505,7.6639,8.0202,26736559,8.4878,2907450000,11514104359.03,29.1618,
600273.SH,嘉化能源,2014-12-12,7.9941,8.2548,7.9941,8.2114,23391811,7.426,2976750000,11788546716.45,29.8568,
600273.SH,嘉化能源,2014-12-15,8.3243,8.5676,8.2635,8.4981,26324328,8.3569,3080700000,12200210252.58,30.8995,
600273.SH,嘉化能源,2014-12-16,8.472,8.5676,8.3243,8.4199,16511498,5.2417,3052350000,12657904179.09,30.6151,
600273.SH,嘉化能源,2014-12-17,8.4633,8.8631,8.3504,8.6806,27337965,8.6787,3146850000,13049789757.39,31.5629,
600273.SH,嘉化能源,2014-12-18,8.8196,9.1411,8.7501,8.9239,27116495,8.6084,3235050000,13415549630.47,33.9776,
600273.SH,嘉化能源,2014-12-19,8.9239,8.9239,8.9239,8.9239,--,--,3235050000,13415549630.47,33.9776,
600273.SH,嘉化能源,2014-12-22,8.9239,8.9239,8.9239,8.9239,--,--,3235050000,13415549630.47,33.9776,
600273.SH,嘉化能源,2014-12-23,8.9239,8.9239,8.9239,8.9239,--,--,3235050000,13415549630.47,33.9776,
600273.SH,嘉化能源,2014-12-24,8.9239,8.9239,8.9239,8.9239,--,--,3235050000,13415549630.47,33.9776,
600273.SH,嘉化能源,2014-12-25,8.9239,8.9239,8.9239,8.9239,--,--,3235050000,13415549630.47,33.9776,
600273.SH,嘉化能源,2014-12-26,8.9239,8.9239,8.9239,8.9239,--,--,3235050000,13415549630.47,33.9776,
600273.SH,嘉化能源,2014-12-29,8.6458,8.6458,8.0289,8.0289,26147556,8.3008,2910600000,12070075811.64,30.5699,
600273.SH,嘉化能源,2014-12-30,7.9767,8.2896,7.8638,7.9159,12953678,4.1123,2869650000,11900258727.71,30.1398,
600273.SH,嘉化能源,2014-12-31,7.9767,7.9767,7.4641,7.7682,12774209,4.0553,2816100000,11678190233.34,29.5773,
600273.SH,嘉化能源,2015-01-05,7.7421,7.9681,7.4641,7.942,12309095,3.9076,2879100000,11939447285.54,30.239,
600273.SH,嘉化能源,2015-01-06,7.8725,8.4025,7.8725,8.2114,14409016,4.5743,2976750000,12344395716.45,31.2646,
600273.SH,嘉化能源,2015-01-07,8.2114,8.5068,8.2114,8.4112,13525155,4.2937,3049200000,12644841326.48,32.0256,
600273.SH,嘉化能源,2015-01-08,8.3938,8.5155,8.1332,8.1505,8365907,2.6558,2954700000,12252955748.18,31.0331,
600273.SH,嘉化能源,2015-01-09,8.081,8.446,8.0376,8.2287,10415768,3.3066,2983050000,12370521421.67,31.3308,
600273.SH,嘉化能源,2015-01-12,8.2722,8.6893,8.2114,8.6371,18472992,5.8644,3131100000,12984475494.34,32.8858,
600273.SH,嘉化能源,2015-01-13,8.6458,8.724,8.4981,8.5937,9095219,2.8874,3115350000,12919161231.29,32.7203,
600273.SH,嘉化能源,2015-01-14,8.6371,8.6893,8.3243,8.3678,9107128,2.8912,3033450000,12579527063.43,31.8602,
600273.SH,嘉化能源,2015-01-15,8.2896,8.4199,8.2635,8.3938,5337376,1.6944,3042900000,12618715621.26,31.9594,
600273.SH,嘉化能源,2015-01-16,8.3938,8.4286,8.2548,8.2809,6451175,2.048,3001950000,12448898537.33,31.5293,
600273.SH,嘉化能源,2015-01-19,8.0723,8.2287,7.69,7.8464,10783455,3.4233,2844450000,11795755906.83,29.8751,
600273.SH,嘉化能源,2015-01-20,7.9072,8.0984,7.8551,8.0463,8268290,2.6249,2916900000,12096201516.86,30.636,
600273.SH,嘉化能源,2015-01-21,8.0202,8.3069,7.9767,8.2896,14942974,4.7438,3005100000,12461961389.94,31.5624,
600273.SH,嘉化能源,2015-01-22,8.2548,8.4807,8.1853,8.4547,14222474,4.5151,3064950000,12710155589.53,32.191,
600273.SH,嘉化能源,2015-01-23,8.7066,9.1498,8.4981,8.5329,22636431,7.1862,3093300000,12827721263.02,32.4888,
600273.SH,嘉化能源,2015-01-26,8.5415,8.6198,8.3765,8.5589,13244996,4.2048,3102750000,12866909820.85,32.588,
600273.SH,嘉化能源,2015-01-27,8.585,8.8022,8.5329,8.7588,20937251,6.6467,3175200000,13167355430.88,33.349,
600273.SH,嘉化能源,2015-01-28,8.7588,8.8022,8.6024,8.6545,13050961,4.1432,3137400000,13010601199.56,32.9519,
600273.SH,嘉化能源,2015-01-29,8.6024,9.0021,8.5589,8.9934,22678965,7.1997,3260250000,13520052451.35,34.2422,
600273.SH,嘉化能源,2015-01-30,8.9586,9.2801,8.9499,9.1324,28447753,9.031,3310650000,13729058093.11,34.7716,
600273.SH,嘉化能源,2015-02-02,9.0195,9.6451,8.8022,9.4105,28224242,8.9601,3411450000,14147069376.63,35.8303,
600273.SH,嘉化能源,2015-02-03,9.341,9.5582,9.3149,9.3583,13197672,4.1897,3392550000,14068692260.97,35.6318,
600273.SH,嘉化能源,2015-02-04,9.367,9.5147,9.2975,9.3931,7409370,2.3522,3405150000,14120943671.41,35.7641,
600273.SH,嘉化能源,2015-02-05,9.4626,9.5147,9.228,9.5061,16011837,5.0831,3446100000,14290760755.34,36.1942,
600273.SH,嘉化能源,2015-02-06,9.4452,9.5495,9.0716,9.089,8999400,2.857,3294900000,13663743830.06,34.6062,
600273.SH,嘉化能源,2015-02-09,9.0195,9.0195,8.7327,8.8457,8461390,2.6862,3206700000,13297983956.98,33.6798,
600273.SH,嘉化能源,2015-02-10,8.7762,9.0021,8.7414,8.9239,4604435,1.4617,3235050000,13415549630.47,33.9776,
600273.SH,嘉化能源,2015-02-11,8.9847,9.3931,8.8457,9.367,9364626,2.9729,3395700000,14081755113.58,35.6649,
600273.SH,嘉化能源,2015-02-12,9.4018,9.9318,9.2975,9.8449,19324772,6.1348,3568950000,14800212007.13,37.4845,
600273.SH,嘉化能源,2015-02-13,9.8189,10.1056,9.6885,9.7754,12930088,4.1048,3543750000,14695709186.25,37.2198,
600273.SH,嘉化能源,2015-02-16,9.8536,10.0535,9.7667,9.9145,9274215,2.9442,3594150000,14904714828.01,37.7492,
600273.SH,嘉化能源,2015-02-17,9.8536,9.9666,9.758,9.871,6296519,1.9989,3578400000,14839400564.96,37.5837,
600273.SH,嘉化能源,2015-02-25,9.8449,10.8616,9.5669,10.3663,14312066,4.5435,3757950000,15583983163.73,39.4695,
600273.SH,嘉化能源,2015-02-26,10.2186,10.5314,10.1751,10.4097,6669844,2.1174,3773700000,15649297426.78,39.635,
600273.SH,嘉化能源,2015-02-27,10.4184,10.6009,10.3315,10.4445,6078906,1.9298,3786300000,15701548837.22,39.7673,
600273.SH,嘉化能源,2015-03-02,10.4966,10.5227,10.3489,10.4706,7663748,2.4329,3795750000,15740737395.05,39.8666,
600273.SH,嘉化能源,2015-03-03,10.4706,10.9311,10.4097,10.6357,11353201,3.6042,3855600000,15988931594.64,40.4952,
600273.SH,嘉化能源,2015-03-04,10.6444,11.1223,10.6444,10.9485,11691264,3.7115,3969000000,16459194288.6,41.6862,
600273.SH,嘉化能源,2015-03-05,10.9485,11.4351,10.905,11.3829,11518846,3.6568,4126500000,17112336919.1,43.3404,
600273.SH,嘉化能源,2015-03-06,11.3916,12.5212,11.1223,12.0607,25832534,8.2008,4372200000,18131239422.68,45.921,
600273.SH,嘉化能源,2015-03-09,12.0607,12.3214,11.7913,12.1128,10827099,3.4372,4391100000,18209616538.34,46.1195,
600273.SH,嘉化能源,2015-03-10,12.1389,12.5039,11.9651,12.4343,8748646,2.7773,4507650000,18692942084.91,47.3436,
600273.SH,嘉化能源,2015-03-11,12.4343,12.5125,11.7826,12.3822,16319170,5.1807,4488750000,18614564969.25,47.1451,
600273.SH,嘉化能源,2015-03-12,12.2084,12.2432,11.8869,11.9043,8263942,2.6235,4315500000,17896108075.7,45.3255,
600273.SH,嘉化能源,2015-03-13,11.7479,12.1302,11.6697,11.9651,7378342,2.3423,4337550000,17987548043.97,45.557,
600273.SH,嘉化能源,2015-03-16,11.9825,12.8167,11.9825,12.7211,10152816,3.2231,4611600000,19124016221.04,48.4354,
600273.SH,嘉化能源,2015-03-17,12.7298,13.199,12.5386,12.8862,9784020,3.106,4671450000,19372210420.63,49.064,
600273.SH,嘉化能源,2015-03-18,12.9036,13.3033,12.9036,13.2164,11682874,3.7088,4791150000,19868598819.81,50.3212,
600273.SH,嘉化能源,2015-03-19,13.2164,13.5292,12.947,13.2772,9555814,3.0336,4813200000,19960038788.08,50.5528,
600273.SH,嘉化能源,2015-03-20,13.4684,14.598,12.9122,14.0853,56009380,17.7808,5106150000,21174884080.81,36.5664,
600273.SH,嘉化能源,2015-03-23,13.9028,13.9723,13.5553,13.8854,23491495,7.4576,5033700000,20874438470.78,36.0475,
600273.SH,嘉化能源,2015-03-24,13.7551,13.7551,13.086,13.4857,18919551,6.0062,4888800000,20273547250.72,35.0099,
600273.SH,嘉化能源,2015-03-25,13.4684,13.729,13.2251,13.6769,9588469,3.044,4958100000,20560930008.14,35.5061,
600273.SH,嘉化能源,2015-03-26,13.6856,13.7204,13.2946,13.6943,12159516,3.8602,4964400000,20587055713.36,35.5513,
600273.SH,嘉化能源,2015-03-27,13.6421,13.7117,13.3988,13.5118,5738773,1.8218,4898250000,20312735808.55,35.0775,
600273.SH,嘉化能源,2015-03-30,13.4771,13.5118,12.165,12.165,34488561,10.9487,4410000000,18287993654,31.5811,
600273.SH,嘉化能源,2015-03-31,11.8174,12.3735,11.5393,12.052,49623880,15.7536,4369050000,18118176570.07,31.2878,
600273.SH,嘉化能源,2015-04-01,11.8695,12.6516,11.8348,12.6081,30734481,9.757,4570650000,18954199137.11,32.7315,
600273.SH,嘉化能源,2015-04-02,12.6168,12.9991,12.556,12.6863,22857018,7.2562,4599000000,19071764810.6,32.9345,
600273.SH,嘉化能源,2015-04-03,12.6776,12.6776,12.2866,12.5994,23439408,7.4411,4567500000,18941136284.5,32.709,
600273.SH,嘉化能源,2015-04-07,12.6168,12.9731,12.6081,12.8427,23262146,7.3848,4655700000,19306896157.58,33.3406,
600273.SH,嘉化能源,2015-04-08,12.9731,12.9905,12.2866,12.4952,19729749,6.2634,4529700000,18784382053.18,32.4383,
600273.SH,嘉化能源,2015-04-09,12.4691,12.556,11.6436,12.052,19165855,6.0844,4369050000,18118176570.07,31.2878,
600273.SH,嘉化能源,2015-04-10,11.9912,12.304,11.8174,12.1824,27852842,8.8422,4416300000,18314119359.22,31.6262,
600273.SH,嘉化能源,2015-04-13,12.1997,12.5734,12.1476,12.5647,27337697,8.6786,4554900000,18888884874.06,32.6187,
600273.SH,嘉化能源,2015-04-14,12.5994,12.9991,12.3909,12.834,27407184,8.7007,4652550000,19293833304.97,33.318,
600273.SH,嘉化能源,2015-04-15,12.834,13.2424,12.6081,12.8688,29639378,9.4093,4665150000,19346084715.41,33.4083,
600273.SH,嘉化能源,2015-04-16,12.8167,12.8514,12.3388,12.7993,21833731,6.9313,4639950000,19241581894.53,33.2278,
600273.SH,嘉化能源,2015-04-17,12.8167,13.1642,12.7298,12.8688,21486681,6.8212,4665150000,19346084715.41,33.4083,
600273.SH,嘉化能源,2015-04-20,12.9296,12.9296,12.1737,12.1997,19926943,6.326,4422600000,18340245064.44,31.6713,
600273.SH,嘉化能源,2015-04-21,12.165,12.5473,12.0781,12.4952,12454343,3.9538,4529700000,18784382053.18,32.4383,
600273.SH,嘉化能源,2015-04-22,12.5647,13.5987,12.5647,13.3815,31031873,9.8514,4851000000,20116793019.4,34.7392,
600273.SH,嘉化能源,2015-04-23,13.3815,13.7986,13.1382,13.3033,28170149,8.9429,4822650000,19999227345.91,34.5362,
600273.SH,嘉化能源,2015-04-24,13.0426,13.3988,12.7732,13.2424,22077224,7.0086,4800600000,19907787377.64,34.3782,
600273.SH,嘉化能源,2015-04-27,13.2946,13.451,12.9644,13.1816,18889975,5.9968,4778550000,19816347409.37,34.2203,
600273.SH,嘉化能源,2015-04-28,13.1816,13.199,12.2519,12.4256,19703056,6.2549,4504500000,18679879232.3,32.2578,
600273.SH,嘉化能源,2015-04-29,12.2953,12.7298,12.2953,12.5125,9653968,3.0648,4536000000,18810507758.4,32.4834,
600273.SH,嘉化能源,2015-04-30,12.5125,12.6429,12.1824,12.2171,12538903,3.9806,4428900000,18366370769.66,25.7698,
600273.SH,嘉化能源,2015-05-04,12.2345,12.8167,12.2345,12.6429,13051394,4.1433,4583250000,19006450547.55,26.6679,
600273.SH,嘉化能源,2015-05-05,12.7385,12.7558,11.6523,11.7913,15209119,4.8283,4274550000,17726290991.77,24.8717,
600273.SH,嘉化能源,2015-05-06,11.8261,12.0173,11.5828,11.8348,12797286,4.0626,4290300000,17791605254.82,24.9633,
600273.SH,嘉化能源,2015-05-07,11.8261,12.0173,11.6871,11.9043,9304899,2.9539,4315500000,17896108075.7,25.11,
600273.SH,嘉化能源,2015-05-08,11.9477,12.2432,11.913,12.1824,10028820,3.1838,4416300000,18314119359.22,25.6965,
600273.SH,嘉化能源,2015-05-11,12.2171,12.5386,12.2171,12.4952,10372605,3.2929,4529700000,18784382053.18,26.3563,
600273.SH,嘉化能源,2015-05-12,12.6081,12.6342,12.2953,12.5212,17421361,5.5306,4539150000,18823570611.01,26.4113,
600273.SH,嘉化能源,2015-05-13,12.5386,12.7645,12.304,12.7472,17672941,5.6105,4621050000,19163204778.87,26.8878,
600273.SH,嘉化能源,2015-05-14,12.8867,13.2096,12.6948,13.0787,25044320,7.9506,4721850000,19581216062.39,27.4743,
600273.SH,嘉化能源,2015-05-15,13.0787,13.0787,12.4767,12.7472,14662277,4.6547,4602150000,19084827663.21,26.7779,
600273.SH,嘉化能源,2015-05-18,12.4767,12.6948,12.3196,12.4941,11269193,3.5775,4510800000,18706004937.52,26.2463,
600273.SH,嘉化能源,2015-05-19,12.5639,13.131,12.5552,13.0787,17071120,5.4194,4721850000,19581216062.39,27.4743,
600273.SH,嘉化能源,2015-05-20,13.0612,13.5062,13.0089,13.0351,23874571,7.5792,4706100000,19515901799.34,27.3827,
600273.SH,嘉化能源,2015-05-21,12.8955,13.2445,12.8606,13.1834,18730653,5.9462,4759650000,19737970293.71,27.6943,
600273.SH,嘉化能源,2015-05-22,13.3055,14.3089,13.0787,13.9425,35315043,11.2111,5033700000,20874438470.78,29.2888,
600273.SH,嘉化能源,2015-05-25,13.7941,14.4834,13.6633,14.2478,25274004,8.0235,5143950000,21331638312.13,29.9303,
600273.SH,嘉化能源,2015-05-26,14.2566,14.6579,13.8727,14.37,27041235,8.5845,5188050000,21514518248.67,30.1869,
600273.SH,嘉化能源,2015-05-27,14.3787,15.5479,13.9774,15.5042,34408683,10.9234,5597550000,23212689087.97,32.5696,
600273.SH,嘉化能源,2015-05-28,15.3385,16.3767,14.0472,14.3176,32873149,10.4359,5169150000,21436141133.01,30.077,
600273.SH,嘉化能源,2015-05-29,14.0384,14.7103,13.0874,14.0821,24946827,7.9196,5084100000,21083444112.54,29.5821,
600273.SH,嘉化能源,2015-06-01,14.1431,15.1291,14.1431,14.8935,20192294,6.4103,5377050000,22298289405.27,31.2866,
600273.SH,嘉化能源,2015-06-02,14.8935,15.4868,14.6317,15.2599,22038183,6.9962,5509350000,22846929214.89,32.0564,
600273.SH,嘉化能源,2015-06-03,15.2687,15.7049,14.6317,14.9633,21999040,6.9838,5402250000,22402792226.15,31.4333,
600273.SH,嘉化能源,2015-06-04,14.9371,14.9546,13.48,14.466,21831739,6.9307,5222700000,21658209627.38,30.3886,
600273.SH,嘉化能源,2015-06-05,14.719,14.9633,14.1868,14.466,34944241,11.0934,5222700000,21658209627.38,30.3886,
600273.SH,嘉化能源,2015-06-08,14.527,14.6143,13.9337,14.5968,29207395,9.2722,5269950000,21854152416.53,30.6635,
600273.SH,嘉化能源,2015-06-09,14.5968,15.6002,14.4223,15.4083,38928156,12.3581,5562900000,23068997709.26,32.368,
600273.SH,嘉化能源,2015-06-10,15.1029,15.6875,14.9895,15.3123,30573848,9.706,5528250000,22925306330.55,32.1664,
600273.SH,嘉化能源,2015-06-11,15.3123,16.4029,14.972,16.3506,43705647,13.8748,5903100000,24479785791.14,34.3475,
600273.SH,嘉化能源,2015-06-12,16.0626,17.1358,16.0539,16.3942,38012975,12.0676,5918850000,24545100054.19,34.4391,
600273.SH,嘉化能源,2015-06-15,16.3942,16.9264,15.7049,16.3244,32655393,10.3668,5893650000,24440597233.31,34.2925,
600273.SH,嘉化能源,2015-06-16,16.115,16.1324,15.4432,15.6264,22508366,7.1455,5641650000,23395569024.51,32.8262,
600273.SH,嘉化能源,2015-06-17,15.5304,15.8271,14.8586,15.6875,19796584,6.2846,5663700000,23487008992.78,32.9545,
600273.SH,嘉化能源,2015-06-18,15.7224,16.8566,15.5304,16.1499,29885419,9.4874,5830650000,24179340181.11,33.9259,
600273.SH,嘉化能源,2015-06-19,15.4693,16.6647,15.1989,15.3559,25882120,8.2165,5544000000,22990620593.6,32.2581,
600273.SH,嘉化能源,2015-06-23,15.3995,15.8271,13.829,15.5391,19381223,6.1528,5610150000,23264940498.41,32.643,
600273.SH,嘉化能源,2015-06-24,15.9841,17.0922,15.766,17.0922,38551931,12.2387,6170850000,25590128262.99,35.9054,
600273.SH,嘉化能源,2015-06-25,17.1881,17.8163,16.1499,17.572,68316934,21.6879,6344100000,26308585156.54,36.9135,
600273.SH,嘉化能源,2015-06-26,16.6123,17.6069,15.8183,16.0714,39146514,12.4275,5802300000,24061774507.62,33.761,
600273.SH,嘉化能源,2015-06-29,16.8392,16.8392,14.4921,15.0244,35223174,11.182,5424300000,22494232194.42,31.5616,
600273.SH,嘉化能源,2015-06-30,14.9371,15.5217,13.5237,14.9197,41403569,13.144,5386500000,22337477963.1,31.3416,
600273.SH,嘉化能源,2015-07-01,14.9197,15.1378,13.4277,13.4277,25471421,8.0862,4847850000,20103730166.79,28.2075,
600273.SH,嘉化能源,2015-07-02,13.0961,13.4277,12.0841,12.0841,17576291,5.5798,4362750000,18092050864.85,25.3849,
600273.SH,嘉化能源,2015-07-03,10.8887,11.7787,10.88,10.88,16319363,5.1808,3928050000,16289377204.67,22.8556,
600273.SH,嘉化能源,2015-07-06,10.88,10.88,10.88,10.88,--,--,3928050000,16289377204.67,22.8556,
600273.SH,嘉化能源,2015-07-07,10.88,10.88,10.88,10.88,--,--,3928050000,16289377204.67,22.8556,
600273.SH,嘉化能源,2015-07-08,10.88,10.88,10.88,10.88,--,--,3928050000,16289377204.67,22.8556,
600273.SH,嘉化能源,2015-07-09,10.88,10.88,10.88,10.88,--,--,3928050000,16289377204.67,22.8556,
600273.SH,嘉化能源,2015-07-10,10.88,10.88,10.88,10.88,--,--,3928050000,16289377204.67,22.8556,
600273.SH,嘉化能源,2015-07-13,11.8572,11.9706,11.0196,11.9706,37920248,12.0382,4321800000,17922233780.92,25.1466,
600273.SH,嘉化能源,2015-07-14,12.6076,12.8344,11.7351,11.7612,49571373,15.7369,4246200000,17608725318.28,24.7067,
600273.SH,嘉化能源,2015-07-15,11.2552,11.6042,10.5834,10.5834,23086681,7.3291,3820950000,15845240215.93,22.2324,
600273.SH,嘉化能源,2015-07-16,9.5276,10.784,9.5276,9.9464,36425213,11.5636,3591000000,14891651975.4,20.8944,
600273.SH,嘉化能源,2015-07-17,9.9552,10.627,9.9377,10.4961,22872950,7.2613,3789450000,15714611689.83,22.0491,
600273.SH,嘉化能源,2015-07-20,10.7579,11.1069,10.4874,10.8975,28345924,8.9987,3934350000,16315502909.89,22.8922,
600273.SH,嘉化能源,2015-07-21,10.6008,11.0458,10.5136,10.8713,21347650,6.777,3924900000,16276314352.06,22.8372,
600273.SH,嘉化能源,2015-07-22,10.8887,11.072,10.5572,10.9498,22151349,7.0322,3953250000,16393880025.55,23.0022,
600273.SH,嘉化能源,2015-07-23,10.9498,11.4646,10.9149,11.4384,31197576,9.904,4129650000,17125399771.71,24.0286,
600273.SH,嘉化能源,2015-07-24,11.4384,11.5518,10.8189,10.9847,35320700,11.2129,3965850000,16446131435.99,23.0755,
600273.SH,嘉化能源,2015-07-27,10.6532,10.8626,9.8854,9.8854,21959613,6.9713,3568950000,14800212007.13,20.7661,
600273.SH,嘉化能源,2015-07-28,8.9082,9.5625,8.8994,8.8994,32244883,10.2365,3213000000,13324109662.2,18.695,
600273.SH,嘉化能源,2015-07-29,9.135,9.388,8.6464,9.327,24629715,7.819,3367350000,13964189440.09,19.5931,
600273.SH,嘉化能源,2015-07-30,9.3182,9.3706,8.7249,8.7947,23830061,7.5651,3175200000,13167355430.88,18.4751,
600273.SH,嘉化能源,2015-07-31,8.7249,9.1874,8.6464,8.9169,18720654,5.9431,3219300000,13350235367.42,18.7317,
600273.SH,嘉化能源,2015-08-03,8.8645,8.9431,8.027,8.2538,15535963,4.9321,2979900000,12357458569.06,17.3387,
600273.SH,嘉化能源,2015-08-04,8.376,8.978,8.2887,8.9343,19104774,6.065,3225600000,13376361072.64,18.7683,
600273.SH,嘉化能源,2015-08-05,8.9343,9.0739,8.6726,8.7424,21703286,6.8899,3156300000,13088978315.22,18.3651,
600273.SH,嘉化能源,2015-08-06,8.7249,9.1437,8.5766,9.0652,21080776,6.6923,3272850000,13572303861.79,19.0432,
600273.SH,嘉化能源,2015-08-07,9.1699,9.4317,9.0129,9.4229,26629799,8.4539,3402000000,14107880818.8,19.7947,
600273.SH,嘉化能源,2015-08-10,9.4753,9.8766,9.3095,9.7981,28985292,9.2017,3537450000,14669583481.03,20.5828,
600273.SH,嘉化能源,2015-08-11,9.7458,9.8505,9.5102,9.6498,28141960,8.934,3483900000,14447514986.66,20.2713,
600273.SH,嘉化能源,2015-08-12,9.5102,9.6847,9.3531,9.3968,18810085,5.9715,3392550000,14068692260.97,15.889,
600273.SH,嘉化能源,2015-08-13,9.327,9.7632,9.2833,9.7545,17863071,5.6708,3521700000,14604269217.98,16.4938,
600273.SH,嘉化能源,2015-08-14,10.0162,10.0162,9.7109,9.7632,24689461,7.8379,3524850000,14617332070.59,16.5086,
600273.SH,嘉化能源,2015-08-17,9.7632,10.182,9.676,10.1646,24812779,7.8771,3669750000,15218223290.65,17.1872,
600273.SH,嘉化能源,2015-08-18,10.2169,10.2256,9.1612,9.5364,32435998,10.2971,3442950000,14277697902.73,16.125,
600273.SH,嘉化能源,2015-08-19,9.3357,10.182,9.0827,10.1471,26260370,8.3366,3663450000,15192097585.43,17.1577,
600273.SH,嘉化能源,2015-08-20,9.9552,10.4612,9.8505,10.086,27808315,8.828,3641400000,15100657617.16,17.0545,
600273.SH,嘉化能源,2015-08-21,9.9464,10.3827,9.3357,9.6672,25892099,8.2197,3490200000,14473640691.88,16.3463,
600273.SH,嘉化能源,2015-08-24,9.4055,9.4055,8.6988,8.6988,11150687,3.5399,3140550000,13023664052.17,14.7087,
600273.SH,嘉化能源,2015-08-25,7.8263,8.4632,7.8263,7.8263,17684580,5.6142,2825550000,11717378791.17,13.2334,
600273.SH,嘉化能源,2015-08-26,7.931,8.5068,7.041,7.041,25372290,8.0547,2542050000,10541722056.27,11.9057,
600273.SH,嘉化能源,2015-08-27,7.2504,7.5471,6.9538,7.4947,28022717,8.8961,2705850000,11220990391.99,12.6728,
600273.SH,嘉化能源,2015-08-28,7.5035,8.2451,7.486,8.1578,37352270,11.8579,2945250000,12213767190.35,13.794,
600273.SH,嘉化能源,2015-08-31,8.0968,8.7075,7.7652,8.5679,50042403,15.8865,3093300000,12827721263.02,14.4874,
600273.SH,嘉化能源,2015-09-01,8.3585,8.3847,7.7129,7.7129,23712004,7.5276,2784600000,11547561707.24,13.0416,
600273.SH,嘉化能源,2015-09-02,7.137,8.027,7.0236,7.137,29672571,9.4199,2576700000,10685413434.98,12.0679,
600273.SH,嘉化能源,2015-09-07,7.329,7.6431,6.9887,7.1108,20174510,6.4046,2567250000,10646224877.15,12.0237,
600273.SH,嘉化能源,2015-09-08,6.9625,7.6256,6.8753,7.4686,25111659,7.972,2696400000,11181801834.16,12.6286,
600273.SH,嘉化能源,2015-09-09,7.5035,8.1404,7.4511,8.0357,49020841,15.5622,2901150000,12030887253.81,13.5875,
600273.SH,嘉化能源,2015-09-10,7.7652,8.533,7.7041,8.2713,61783777,19.6139,2986200000,12383584274.28,13.9858,
600273.SH,嘉化能源,2015-09-11,8.1229,8.8994,8.1055,8.5243,95028025,30.1676,3077550000,12762406999.97,14.4137,
600273.SH,嘉化能源,2015-09-14,8.5156,8.882,7.6692,7.6692,54771762,17.3879,2768850000,11482247444.19,12.9679,
600273.SH,嘉化能源,2015-09-15,7.3551,7.6954,6.9014,6.9014,27496702,8.7291,2491650000,10332716414.51,11.6696,
600273.SH,嘉化能源,2015-09-16,7.041,7.5907,6.7706,7.4773,71812434,22.7976,2699550000,11194864686.77,12.6433,
600273.SH,嘉化能源,2015-09-17,7.4424,7.9397,7.1806,7.3202,68179732,21.6444,2642850000,10959733339.79,12.3778,
600273.SH,嘉化能源,2015-09-18,7.3377,7.6518,7.2679,7.5733,42048377,13.3487,2734200000,11338556065.48,12.8056,
600273.SH,嘉化能源,2015-09-21,7.5733,7.931,7.4249,7.9135,46070470,14.6255,2857050000,11848007317.27,13.381,
600273.SH,嘉化能源,2015-09-22,8.0095,8.1142,7.678,7.7827,39367575,12.4976,2809800000,11652064528.12,13.1597,
600273.SH,嘉化能源,2015-09-23,7.5994,7.8263,7.5122,7.582,28940611,9.1875,2737350000,11351618918.09,12.8203,
600273.SH,嘉化能源,2015-09-24,7.5907,7.7652,7.5645,7.6431,24546300,7.7925,2759400000,11443058886.36,12.9236,
600273.SH,嘉化能源,2015-09-25,7.5907,7.7129,7.0061,7.1719,22917529,7.2754,2589300000,10737664845.42,12.127,
600273.SH,嘉化能源,2015-09-28,7.2417,7.4162,7.0934,7.3988,12984820,4.1222,2671200000,11077299013.28,12.5105,
600273.SH,嘉化能源,2015-09-29,7.2504,7.3028,7.1021,7.1719,11252896,3.5723,2589300000,10737664845.42,12.127,
600273.SH,嘉化能源,2015-09-30,7.2504,7.3464,7.1806,7.2243,9011007,2.8606,2608200000,10816041961.08,12.2155,
600273.SH,嘉化能源,2015-10-08,7.5296,7.6082,7.3813,7.486,18101948,5.7467,2702700000,11207927539.38,12.6581,
600273.SH,嘉化能源,2015-10-09,7.5209,7.7129,7.3988,7.6867,23284816,7.392,2775150000,11508373149.41,12.9974,
600273.SH,嘉化能源,2015-10-12,7.6954,8.2451,7.6954,8.1578,47136907,14.9641,2945250000,12213767190.35,13.794,
600273.SH,嘉化能源,2015-10-13,8.0531,8.184,7.9746,8.1404,33749716,10.7142,2938950000,12187641485.13,13.7645,
600273.SH,嘉化能源,2015-10-14,8.0793,8.4458,7.9746,8.4021,41116549,13.0529,3033450000,12579527063.43,14.2071,
600273.SH,嘉化能源,2015-10-15,8.5505,8.978,8.5505,8.8384,63827286,20.2626,3190950000,13232669693.93,14.9448,
600273.SH,嘉化能源,2015-10-16,8.7511,8.882,8.5505,8.8209,40139568,12.7427,3184650000,13206543988.71,14.9153,
600273.SH,嘉化能源,2015-10-19,8.8209,9.1176,8.376,9.0216,43275707,13.7383,3257100000,13506989598.74,15.2546,
600273.SH,嘉化能源,2015-10-20,9.0303,9.0565,8.7337,8.9169,33059783,10.4952,3219300000,13350235367.42,15.0776,
600273.SH,嘉化能源,2015-10-21,8.8994,8.9169,8.027,8.027,41552707,13.1913,2898000000,12017824401.2,13.5727,
600273.SH,嘉化能源,2015-10-22,8.027,8.2974,7.9397,8.2625,27366623,8.6878,2983050000,12370521421.67,13.9711,
600273.SH,嘉化能源,2015-10-23,8.3062,8.5941,8.184,8.533,30141366,9.5687,3080700000,12775469852.58,14.4284,
600273.SH,嘉化能源,2015-10-26,8.6726,8.7511,8.4458,8.6028,24979663,7.9301,3105900000,12879972673.46,14.5464,
600273.SH,嘉化能源,2015-10-27,8.4894,8.5766,8.1142,8.5243,21347221,6.7769,3077550000,12762406999.97,14.4137,
600273.SH,嘉化能源,2015-10-28,8.4807,8.8035,8.4196,8.4545,29833394,9.4709,3052350000,12657904179.09,14.2956,
600273.SH,嘉化能源,2015-10-29,8.5068,8.6551,8.376,8.533,20100005,6.381,3080700000,12775469852.58,14.4284,
600273.SH,嘉化能源,2015-10-30,8.7162,9.0129,8.5941,8.8296,40488423,12.8535,3187800000,13219606841.32,14.93,
600273.SH,嘉化能源,2015-11-02,8.6377,8.8471,8.376,8.4719,24953983,7.9219,3058650000,12684029884.31,21.3924,
600273.SH,嘉化能源,2015-11-03,8.4807,8.5417,8.184,8.2625,18491739,5.8704,2983050000,12370521421.67,20.8636,
600273.SH,嘉化能源,2015-11-04,8.2974,8.7075,8.2713,8.69,24145076,7.6651,3137400000,13010601199.56,21.9431,
600273.SH,嘉化能源,2015-11-05,8.6639,8.8296,8.629,8.7773,36360091,11.5429,3168900000,13141229725.66,22.1635,
600273.SH,嘉化能源,2015-11-06,8.8035,9.0652,8.7598,8.9692,35293508,11.2043,3238200000,13428612483.08,22.6481,
600273.SH,嘉化能源,2015-11-09,8.8994,9.4055,8.7337,9.2659,43741628,13.8862,3345300000,13872749471.82,23.3972,
600273.SH,嘉化能源,2015-11-10,9.1437,9.4666,8.9867,9.3182,38187241,12.1229,3364200000,13951126587.48,23.5294,
600273.SH,嘉化能源,2015-11-11,9.2921,9.4142,9.1612,9.2921,27496948,8.7292,3354750000,13911938029.65,23.4633,
600273.SH,嘉化能源,2015-11-12,9.3444,9.4055,9.0303,9.1437,27656134,8.7797,3301200000,13689869535.28,23.0888,
600273.SH,嘉化能源,2015-11-13,9.0478,9.135,8.8296,8.9343,24155228,7.6683,3225600000,13376361072.64,22.56,
600273.SH,嘉化能源,2015-11-16,8.7249,9.0216,8.6639,9.0041,18972999,6.0232,3250800000,13480863893.52,22.7363,
600273.SH,嘉化能源,2015-11-17,9.1612,9.9028,9.1612,9.9028,28008014,8.8914,3575250000,14826337712.35,25.0055,
600273.SH,嘉化能源,2015-11-18,10.2605,10.2693,9.5102,9.6498,66833706,21.217,3483900000,14447514986.66,24.3666,
600273.SH,嘉化能源,2015-11-19,9.5102,10.0075,9.4317,9.9028,40060091,12.7175,3575250000,14826337712.35,25.0055,
600273.SH,嘉化能源,2015-11-20,9.833,10.0686,9.7545,9.8854,34874840,11.0714,3568950000,14800212007.13,24.9614,
600273.SH,嘉化能源,2015-11-23,9.8679,9.929,9.5974,9.676,25922727,8.2294,3493350000,14486703544.49,24.4327,
600273.SH,嘉化能源,2015-11-24,9.58,9.8854,9.5102,9.8766,18969836,6.0222,3565800000,14787149154.52,24.9394,
600273.SH,嘉化能源,2015-11-25,9.9377,9.9377,9.7545,9.8854,20402644,6.477,3568950000,14800212007.13,24.9614,
600273.SH,嘉化能源,2015-11-26,9.9115,10.2605,9.7545,9.9813,35345366,11.2208,3603600000,14943903385.84,25.2038,
600273.SH,嘉化能源,2015-11-27,9.8592,10.025,8.9867,9.0129,30284087,9.614,3253950000,13493926746.13,22.7583,
600273.SH,嘉化能源,2015-11-30,8.9518,9.0565,8.3847,8.882,22994658,7.2999,3206700000,13297983956.98,22.4278,
600273.SH,嘉化能源,2015-12-01,8.8733,9.0303,8.7337,8.8907,14759876,4.6857,3209850000,13311046809.59,22.4499,
600273.SH,嘉化能源,2015-12-02,8.882,9.0565,8.6377,9.0041,16509277,5.241,3250800000,13480863893.52,22.7363,
600273.SH,嘉化能源,2015-12-03,9.0129,9.5974,8.9605,9.5276,22517741,7.1485,3439800000,14264635050.12,24.0582,
600273.SH,嘉化能源,2015-12-04,9.4317,9.5887,9.1699,9.4578,20639818,6.5523,3414600000,14160132229.24,23.8819,
600273.SH,嘉化能源,2015-12-07,9.5538,10.086,9.4753,9.8243,37467909,11.8946,3546900000,14708772038.86,24.8072,
600273.SH,嘉化能源,2015-12-08,9.6934,9.7632,9.2135,9.3008,21900774,6.9526,3357900000,13925000882.26,23.4853,
600273.SH,嘉化能源,2015-12-09,9.135,9.4317,8.9692,9.3357,15520023,4.927,3370500000,13977252292.7,23.5735,
600273.SH,嘉化能源,2015-12-10,9.5102,9.7196,9.3095,9.3619,16726875,5.3101,3379950000,14016440850.53,23.6396,
600273.SH,嘉化能源,2015-12-11,9.1961,9.2223,8.9867,9.0827,12838298,4.0757,3279150000,13598429567.01,22.9346,
600273.SH,嘉化能源,2015-12-14,8.9867,9.3706,8.9169,9.327,13455260,4.2715,3367350000,13964189440.09,23.5514,
600273.SH,嘉化能源,2015-12-15,9.5102,9.7196,9.3619,9.5189,19407871,6.1612,3436650000,14251572197.51,24.0361,
600273.SH,嘉化能源,2015-12-16,9.5189,9.5189,9.5189,9.5189,--,--,4078376200,14251572197.51,24.0361,
600273.SH,嘉化能源,2015-12-17,9.5189,9.5189,9.5189,9.5189,--,--,4078376200,14251572197.51,24.0361,
600273.SH,嘉化能源,2015-12-18,9.5189,9.5189,9.5189,9.5189,--,--,4078376200,14251572197.51,24.0361,
600273.SH,嘉化能源,2015-12-21,9.5189,9.5189,9.5189,9.5189,--,--,4078376200,14251572197.51,24.0361,
600273.SH,嘉化能源,2015-12-22,9.5189,9.5189,9.5189,9.5189,--,--,4078376200,14251572197.51,24.0361,
600273.SH,嘉化能源,2015-12-23,9.5189,9.5189,9.5189,9.5189,--,--,4078376200,14251572197.51,24.0361,
600273.SH,嘉化能源,2015-12-24,9.5189,9.5189,9.5189,9.5189,--,--,4078376200,14251572197.51,24.0361,
600273.SH,嘉化能源,2015-12-25,9.5189,9.5189,9.5189,9.5189,--,--,4078376200,14251572197.51,24.0361,
600273.SH,嘉化能源,2015-12-28,10.3652,10.3652,9.5102,9.5276,43552134,11.6506,4082114400,14264635050.12,24.0582,
600273.SH,嘉化能源,2015-12-29,9.6236,9.6847,9.135,9.4055,23853326,6.381,4029779600,14081755113.58,23.7497,
600273.SH,嘉化能源,2015-12-30,9.4142,9.5625,9.2921,9.5364,18673973,4.9954,4085852600,14277697902.73,24.0802,
600273.SH,嘉化能源,2015-12-31,9.6411,9.7021,9.1263,9.1786,27052729,7.2368,3932586400,13742120945.72,23.1769,
600273.SH,嘉化能源,2016-01-04,9.0827,9.1612,8.2625,8.2625,15506981,4.1482,3540075400,12370521421.67,20.8636,
600273.SH,嘉化能源,2016-01-05,7.7827,8.2625,7.7827,8.1578,22045053,5.8972,3495217000,12213767190.35,20.5992,
600273.SH,嘉化能源,2016-01-06,8.1753,8.6988,8.1491,8.4807,21817046,5.8362,3633530400,12697092736.92,21.4144,
600273.SH,嘉化能源,2016-01-07,8.3672,8.3672,7.6343,7.6431,4045506,1.0822,3274663200,11443058886.36,19.2994,
600273.SH,嘉化能源,2016-01-08,7.9135,8.0968,7.1196,7.8088,23535901,6.2961,3345689000,11691253085.95,19.718,
600273.SH,嘉化能源,2016-01-11,7.5907,7.7129,7.0323,7.041,16522563,4.4199,3016727400,10541722056.27,17.7792,
600273.SH,嘉化能源,2016-01-12,7.1108,7.2068,6.8927,7.0759,11413780,3.0533,3031680200,10593973466.71,17.8674,
600273.SH,嘉化能源,2016-01-13,7.1021,7.2243,6.7967,6.8142,9323639,2.4942,2919534200,10202087888.41,17.2064,
600273.SH,嘉化能源,2016-01-14,6.5437,7.0323,6.4652,6.9363,13623907,3.6445,2971869000,10384967824.95,17.5149,
600273.SH,嘉化能源,2016-01-15,6.884,6.9712,6.4565,6.5873,14969606,4.0045,2822341000,9862453720.55,16.6336,
600273.SH,嘉化能源,2016-01-18,6.5524,6.884,6.4739,6.7182,12446032,3.3294,2878414000,10058396509.7,16.9641,
600273.SH,嘉化能源,2016-01-19,6.7008,6.9625,6.6397,6.9363,13300075,3.5579,2971869000,10384967824.95,17.5149,
600273.SH,嘉化能源,2016-01-20,6.8927,6.9625,6.7357,6.7967,13029620,3.4855,2912057800,10175962183.19,17.1624,
600273.SH,嘉化能源,2016-01-21,6.6659,6.8491,6.5263,6.535,9963551,2.6653,2799911800,9784076604.89,16.5014,
600273.SH,嘉化能源,2016-01-22,6.5961,6.7182,6.5001,6.6833,7537079,2.0162,2863461200,10006145099.26,16.876,
600273.SH,嘉化能源,2016-01-25,6.7793,6.9102,6.7618,6.8665,10074312,2.695,2941963400,10280465004.07,17.3386,
600273.SH,嘉化能源,2016-01-26,6.7618,6.8055,6.1773,6.186,13137722,3.5145,2650383800,9261562500.49,15.6202,
600273.SH,嘉化能源,2016-01-27,6.2034,6.2994,5.741,6.1511,11723868,3.1362,2635431000,9209311090.05,15.532,
600273.SH,嘉化能源,2016-01-28,6.1162,6.1947,5.8457,5.8719,7988226,2.1369,2515808600,8791299806.53,14.827,
600273.SH,嘉化能源,2016-01-29,5.9591,6.282,5.9242,6.2122,10953938,2.9303,2661598400,9300751058.32,15.6863,
600273.SH,嘉化能源,2016-02-01,6.1162,6.2732,6.0289,6.1075,8289201,2.2174,2616740000,9143996827,15.4219,
600273.SH,嘉化能源,2016-02-02,6.1249,6.3081,6.1162,6.2645,8467653,2.2652,2684027600,9379128173.98,15.8185,
600273.SH,嘉化能源,2016-02-03,6.1162,6.4041,6.1162,6.3343,9844873,2.6336,2713933200,9483630994.86,15.9947,
600273.SH,嘉化能源,2016-02-04,6.343,6.4477,6.3256,6.4128,9790601,2.6191,2747577000,9601196668.35,16.193,
600273.SH,嘉化能源,2016-02-05,6.4128,6.4477,6.2994,6.343,7336813,1.9627,2717671400,9496693847.47,16.0167,
600273.SH,嘉化能源,2016-02-15,6.1075,6.3081,6.0638,6.2296,5723461,1.5311,2669074800,9326876763.54,15.7303,
600273.SH,嘉化能源,2016-02-16,6.2732,6.5699,6.2732,6.5612,11875793,3.1769,2811126400,9823265162.72,16.5675,
600273.SH,嘉化能源,2016-02-17,6.535,6.5961,6.439,6.5699,11487318,3.073,2814864600,9836328015.33,16.5896,
600273.SH,嘉化能源,2016-02-18,6.6222,6.6746,6.5612,6.5786,14662062,3.9222,2818602800,9849390867.94,16.6116,
600273.SH,嘉化能源,2016-02-19,6.5437,6.6135,6.4914,6.5612,8076108,2.1604,2811126400,9823265162.72,16.5675,
600273.SH,嘉化能源,2016-02-22,6.631,6.7269,6.5786,6.7182,12277319,3.2843,2878414000,10058396509.7,16.9641,
600273.SH,嘉化能源,2016-02-23,6.7269,6.7618,6.4914,6.6048,11354510,3.0374,2829817400,9888579425.77,16.6777,
600273.SH,嘉化能源,2016-02-24,6.5612,6.7095,6.4565,6.6833,12333741,3.2994,2863461200,10006145099.26,16.876,
600273.SH,嘉化能源,2016-02-25,6.6746,7.1196,6.5263,6.5612,41171312,11.0137,2811126400,9823265162.72,16.5675,
600273.SH,嘉化能源,2016-02-26,6.5961,6.8404,6.282,6.7531,24868520,6.6525,2893366800,10110647920.14,17.0522,
600273.SH,嘉化能源,2016-02-29,6.6571,6.692,6.0813,6.0987,21403925,5.7257,2613001800,9130933974.39,15.3999,
600273.SH,嘉化能源,2016-03-01,6.09,6.3954,5.8806,6.2296,16130400,4.315,2669074800,9326876763.54,15.7303,
600273.SH,嘉化能源,2016-03-02,6.186,6.631,6.1773,6.6222,21418858,5.7297,2837293800,9914705130.99,16.7217,
600273.SH,嘉化能源,2016-03-03,6.6048,6.7095,6.5612,6.5873,20373299,5.45,2822341000,9862453720.55,16.6336,
600273.SH,嘉化能源,2016-03-04,6.5786,6.631,6.1598,6.2558,18979146,5.0771,2680289400,9366065321.37,15.7964,
600273.SH,嘉化能源,2016-03-07,6.2732,6.439,6.2732,6.3954,11209119,2.9985,2740100600,9575070963.13,16.1489,
600273.SH,嘉化能源,2016-03-08,6.4128,6.439,6.1249,6.4303,11736768,3.1397,2755053400,9627322373.57,16.237,
600273.SH,嘉化能源,2016-03-09,6.2907,6.3518,6.2122,6.2471,7753886,2.0742,2676551200,9353002468.76,15.7744,
600273.SH,嘉化能源,2016-03-10,6.2645,6.3081,6.0813,6.09,9344589,2.4998,2609263600,9117871121.78,15.3778,
600273.SH,嘉化能源,2016-03-11,6.09,6.1424,6.0289,6.09,5999676,1.605,2609263600,9117871121.78,15.3778,
600273.SH,嘉化能源,2016-03-14,6.1947,6.3867,6.1511,6.343,11661535,3.1196,2717671400,9496693847.47,16.0167,
600273.SH,嘉化能源,2016-03-15,6.343,6.343,6.2122,6.2645,8715836,2.3316,2684027600,9379128173.98,13.9494,
600273.SH,嘉化能源,2016-03-16,6.2994,6.3256,6.1336,6.186,7991529,2.1378,2650383800,9261562500.49,13.7746,
600273.SH,嘉化能源,2016-03-17,6.2383,6.3779,6.186,6.3518,12208102,3.2658,2721409600,9509756700.08,14.1437,
600273.SH,嘉化能源,2016-03-18,6.3779,6.6571,6.3518,6.6048,19523906,5.2228,2829817400,9888579425.77,14.7071,
600273.SH,嘉化能源,2016-03-21,6.7269,6.8316,6.6135,6.8142,25688708,6.8719,2919534200,10202087888.41,15.1734,
600273.SH,嘉化能源,2016-03-22,6.7357,6.8055,6.6397,6.6746,16461585,4.4036,2859723000,9993082246.65,14.8625,
600273.SH,嘉化能源,2016-03-23,6.631,6.7008,6.5699,6.6833,12736977,3.4072,2863461200,10006145099.26,14.882,
600273.SH,嘉化能源,2016-03-24,6.6746,6.692,6.535,6.5786,12041437,3.2212,2818602800,9849390867.94,14.6488,
600273.SH,嘉化能源,2016-03-25,6.5612,6.788,6.5524,6.7182,15406320,4.1213,2878414000,10058396509.7,14.9597,
600273.SH,嘉化能源,2016-03-28,6.7182,7.39,6.7008,7.2679,60530561,10.4363,4831386913.57,10881356224.13,16.1837,
600273.SH,嘉化能源,2016-03-29,7.3115,7.6692,7.2853,7.3551,60310984,10.3985,4889386756.47,11011984750.23,16.3779,
600273.SH,嘉化能源,2016-03-30,7.3813,7.7129,7.329,7.5122,37737864,6.5065,4993786473.69,11247116097.21,16.7277,
600273.SH,嘉化能源,2016-03-31,7.4598,7.582,7.3988,7.4686,25331702,4.3675,4964786552.24,11181801834.16,16.6305,
600273.SH,嘉化能源,2016-04-01,7.4773,7.9746,7.4337,7.7652,36022528,6.2108,5161986018.1,11625938822.9,17.2911,
600273.SH,嘉化能源,2016-04-05,7.678,8.0531,7.6431,7.8176,32069441,5.5292,5196785923.84,11704315938.56,17.4076,
600273.SH,嘉化能源,2016-04-06,7.8088,7.8088,7.5122,7.678,24713300,4.2609,5103986175.2,11495310296.8,17.0968,
600273.SH,嘉化能源,2016-04-07,7.678,7.7914,7.5209,7.678,22459280,3.8723,5103986175.2,11495310296.8,17.0968,
600273.SH,嘉化能源,2016-04-08,7.5994,7.8088,7.5471,7.6867,20321400,3.5037,5109786159.49,11508373149.41,17.1162,
600273.SH,嘉化能源,2016-04-11,7.739,8.0008,7.7129,7.8263,29345209,5.0595,5202585908.13,11717378791.17,17.4271,
600273.SH,嘉化能源,2016-04-12,7.5907,7.5907,7.1108,7.2068,54072279,9.3228,4790787023.54,10789916255.86,16.0477,
600273.SH,嘉化能源,2016-04-13,7.1545,7.3115,7.137,7.2504,38584805,6.6526,4819786944.99,10855230518.91,16.1448,
600273.SH,嘉化能源,2016-04-14,7.2504,7.2766,7.0847,7.2243,30108722,5.1912,4802386992.12,10816041961.08,16.0865,
600273.SH,嘉化能源,2016-04-15,7.1894,7.3028,7.1806,7.2592,24286877,4.1874,4825586929.28,10868293371.52,16.1642,
600273.SH,嘉化能源,2016-04-18,7.2592,7.2592,7.1283,7.1719,16784272,2.8938,4767587086.38,10737664845.42,15.97,
600273.SH,嘉化能源,2016-04-19,7.2243,7.2417,7.1108,7.1632,12813483,2.2092,4761787102.09,10724601992.81,15.9505,
600273.SH,嘉化能源,2016-04-20,7.1719,7.1806,6.5699,6.6746,25934217,4.4714,4436987981.85,9993082246.65,14.8625,
600273.SH,嘉化能源,2016-04-21,6.7008,6.8404,6.631,6.6746,18614024,3.2093,4436987981.85,9993082246.65,14.8625,
600273.SH,嘉化能源,2016-04-22,6.631,6.7095,6.5175,6.7008,14850666,2.5605,4454387934.72,10032270804.48,14.9208,
600273.SH,嘉化能源,2016-04-25,6.6833,6.9625,6.6048,6.9014,24695957,4.2579,4587787573.39,10332716414.51,15.3677,
600273.SH,嘉化能源,2016-04-26,6.8491,6.9276,6.7706,6.9189,13227102,2.2805,4599387541.97,10358842119.73,15.4065,
600273.SH,嘉化能源,2016-04-27,6.9102,7.0061,6.8491,6.8753,14517549,2.503,4570387620.52,10293527856.68,15.3094,
600273.SH,嘉化能源,2016-04-28,6.8491,7.041,6.7706,6.8927,13958710,2.4067,4581987589.1,10319653561.9,15.3483,
600273.SH,嘉化能源,2016-04-29,6.8491,6.9363,6.8142,6.8316,9784106,1.6869,4541387699.07,10228213593.63,15.2123,
600273.SH,嘉化能源,2016-05-03,6.9189,7.137,6.8578,7.137,23695223,4.0854,4744387149.22,10685413434.98,14.3431,
600273.SH,嘉化能源,2016-05-04,7.137,7.1632,7.0149,7.0847,19925119,3.4354,4709587243.48,10607036319.32,14.2379,
600273.SH,嘉化能源,2016-05-05,7.0759,7.1457,7.0323,7.1283,12929333,2.2292,4738587164.93,10672350582.37,14.3255,
600273.SH,嘉化能源,2016-05-06,7.1545,7.1545,6.7357,6.7706,20703866,3.5696,4500787809.04,10136773625.36,13.6066,
600273.SH,嘉化能源,2016-05-09,6.7182,6.8491,6.6222,6.631,21666463,3.7356,4407988060.4,9927767983.6,13.3261,
600273.SH,嘉化能源,2016-05-10,6.631,7.1545,6.631,7.1021,36909928,6.3638,4721187212.06,10633162024.54,14.2729,
600273.SH,嘉化能源,2016-05-11,7.0934,7.2941,7.0585,7.1545,35356715,6.096,4755987117.8,10711539140.2,14.3781,
600273.SH,嘉化能源,2016-05-12,7.0498,7.2941,6.7008,7.2766,22694208,3.9128,4837186897.86,10894419076.74,14.6236,
600273.SH,嘉化能源,2016-05-13,7.3115,7.4075,7.1806,7.2679,32838504,5.6618,4831386913.57,10881356224.13,14.6061,
600273.SH,嘉化能源,2016-05-16,7.1981,7.4947,7.137,7.4598,29520717,5.0898,4958986567.95,11168738981.55,14.9918,
600273.SH,嘉化能源,2016-05-17,7.4773,7.4773,7.2941,7.3115,22493656,3.8782,4860386835.02,10946670487.18,14.6938,
600273.SH,嘉化能源,2016-05-18,7.2243,7.2504,6.9974,7.0847,17210139,2.9673,4709587243.48,10607036319.32,14.2379,
600273.SH,嘉化能源,2016-05-19,7.1457,7.2766,7.0847,7.1806,13132802,2.2643,4773387070.67,10750727698.03,14.4307,
600273.SH,嘉化能源,2016-05-20,7.1717,7.1806,7.0562,7.1095,13970388,2.4087,4639987432,10450282088,14.0275,
600273.SH,嘉化能源,2016-05-23,7.1006,7.234,7.1006,7.2073,12644045,2.18,4703787259.19,10593973466.71,14.2203,
600273.SH,嘉化能源,2016-05-24,7.1984,7.1984,7.0473,7.0562,11517283,1.9857,4605187526.26,10371904972.34,13.9222,
600273.SH,嘉化能源,2016-05-25,7.1095,7.1451,6.8518,6.9051,14757976,2.5445,4506587793.33,10149836477.97,13.6242,
600273.SH,嘉化能源,2016-05-26,6.8785,6.9851,6.6563,6.9051,17390156,2.9983,4506587793.33,10149836477.97,13.6242,
600273.SH,嘉化能源,2016-05-27,6.8962,6.914,6.8074,6.8696,8942931,1.5419,4483387856.17,10097585067.53,13.554,
600273.SH,嘉化能源,2016-05-30,6.8429,6.994,6.7096,6.9051,9250096,1.5948,4506587793.33,10149836477.97,13.6242,
600273.SH,嘉化能源,2016-05-31,6.9407,7.2073,6.9051,7.1984,16632231,2.8676,4697987274.9,10580910614.1,14.2028,
600273.SH,嘉化能源,2016-06-01,7.1984,7.2873,7.1717,7.1895,17240822,2.9726,4692187290.61,10567847761.49,14.1853,
600273.SH,嘉化能源,2016-06-02,7.1895,7.385,7.1717,7.385,24432057,4.2124,4819786944.99,10855230518.91,14.571,
600273.SH,嘉化能源,2016-06-03,7.3761,7.4028,7.2695,7.3228,19724345,3.4008,4779187054.96,10763790550.64,14.4483,
600273.SH,嘉化能源,2016-06-06,7.3139,7.4561,7.3139,7.3939,18946334,3.2666,4825586929.28,10868293371.52,14.5885,
600273.SH,嘉化能源,2016-06-07,7.3939,7.4828,7.3495,7.4206,13973310,2.4092,4842986882.15,10907481929.35,14.6412,
600273.SH,嘉化能源,2016-06-08,7.4028,7.465,7.2873,7.3673,11584156,1.9973,4808186976.41,10829104813.69,14.5359,
600273.SH,嘉化能源,2016-06-13,7.2873,7.4384,7.1184,7.1362,15629901,2.6948,4657387384.87,10489470645.83,14.0801,
600273.SH,嘉化能源,2016-06-14,7.1184,7.1806,6.8874,7.0296,12124666,2.0905,4587787573.39,10332716414.51,13.8696,
600273.SH,嘉化能源,2016-06-15,6.9851,7.5006,6.9407,7.4828,25638835,4.4205,4883586772.18,10998921897.62,14.7639,
600273.SH,嘉化能源,2016-06-16,7.4206,7.7583,7.3939,7.6872,34233111,5.9023,5016986410.85,11299367507.65,15.1672,
600273.SH,嘉化能源,2016-06-17,7.6872,8.4603,7.6428,8.4603,86893849,14.9817,5521585044.08,12435835684.72,16.6927,
600273.SH,嘉化能源,2016-06-20,8.958,9.0647,8.4781,8.6292,91682338,15.8073,5631784745.59,12684029884.31,17.0258,
600273.SH,嘉化能源,2016-06-21,8.6203,8.6914,8.2115,8.4159,59624314,10.2801,5492585122.63,12370521421.67,16.605,
600273.SH,嘉化能源,2016-06-22,8.3537,8.407,8.0693,8.3004,43245939,7.4562,5417185326.86,12200704337.74,16.3771,
600273.SH,嘉化能源,2016-06-23,8.1849,8.2382,8.0249,8.1582,38630837,6.6605,5324385578.22,11991698695.98,16.0965,
600273.SH,嘉化能源,2016-06-24,8.1049,8.487,7.9538,8.2471,50141058,8.645,5382385421.12,12122327222.08,16.2718,
600273.SH,嘉化能源,2016-06-27,8.1582,8.407,8.1404,8.2826,38086760,6.5667,5405585358.28,12174578632.52,16.342,
600273.SH,嘉化能源,2016-06-28,8.2382,8.3893,8.1937,8.2559,35940488,6.1967,5388185405.41,12135390074.69,16.2894,
600273.SH,嘉化能源,2016-06-29,8.2559,8.3359,8.0604,8.0871,38417213,6.6237,5277985703.9,11887195875.1,15.9562,
600273.SH,嘉化能源,2016-06-30,8.1049,8.2293,7.9094,7.9182,29689810,5.1189,5167786002.39,11639001675.51,15.6231,
600273.SH,嘉化能源,2016-07-01,7.9182,8.0871,7.9094,8.0249,18669810,3.2189,5237385813.87,11795755906.83,15.8335,
600273.SH,嘉化能源,2016-07-04,8.016,8.1315,7.9716,8.1049,28954315,4.9921,5289585672.48,11913321580.32,15.9913,
600273.SH,嘉化能源,2016-07-05,8.1049,8.1671,8.0515,8.1226,25598509,4.4135,5301185641.06,11939447285.54,16.0264,
600273.SH,嘉化能源,2016-07-06,8.0782,8.1582,8.0604,8.1315,16873437,2.9092,5306985625.35,11952510138.15,16.0439,
600273.SH,嘉化能源,2016-07-07,8.1404,8.2382,7.9094,8.2293,28453668,4.9058,5370785452.54,12096201516.86,16.2368,
600273.SH,嘉化能源,2016-07-08,8.2115,8.2382,8.0782,8.0871,16578343,2.8583,5277985703.9,11887195875.1,15.9562,
600273.SH,嘉化能源,2016-07-11,8.0604,8.1138,7.9538,7.9627,18366700,3.1667,5196785923.84,11704315938.56,15.7107,
600273.SH,嘉化能源,2016-07-12,7.9627,8.0427,7.8649,8.016,15548132,2.6807,5231585829.58,11782693054.22,15.816,
600273.SH,嘉化能源,2016-07-13,8.0693,8.327,8.0427,8.1315,36026980,6.2116,5306985625.35,11952510138.15,16.0439,
600273.SH,嘉化能源,2016-07-14,8.176,8.2026,8.0782,8.1582,14265891,2.4596,5324385578.22,11991698695.98,16.0965,
600273.SH,嘉化能源,2016-07-15,8.1582,8.176,8.0427,8.0871,11424119,1.9697,5277985703.9,11887195875.1,15.9562,
600273.SH,嘉化能源,2016-07-18,8.0249,8.0515,7.9182,7.936,14644286,2.5249,5179385970.97,11665127380.73,15.6581,
600273.SH,嘉化能源,2016-07-19,7.936,8.0071,7.9271,7.9982,7603259,1.3109,5219985861,11756567349,15.7809,
600273.SH,嘉化能源,2016-07-20,7.9982,8.0693,7.9538,7.9893,7639968,1.3172,5214185876.71,11743504496.39,15.7633,
600273.SH,嘉化能源,2016-07-21,7.9893,8.0604,7.9627,7.9805,10551042,1.8192,5208385892.42,11730441643.78,15.7458,
600273.SH,嘉化能源,2016-07-22,7.9716,8.0071,7.8294,7.8738,11618022,2.0031,5138786080.94,11573687412.46,15.5354,
600273.SH,嘉化能源,2016-07-25,7.8827,7.9449,7.856,7.9005,9185104,1.5836,5156186033.81,11612875970.29,15.588,
600273.SH,嘉化能源,2016-07-26,7.8916,8.0071,7.856,7.9982,11452697,1.9746,5219985861,11756567349,15.7809,
600273.SH,嘉化能源,2016-07-27,8.0071,8.0338,7.465,7.6072,21013003,3.6229,4964786552.24,11181801834.16,15.0094,
600273.SH,嘉化能源,2016-07-28,7.6339,7.6694,7.4561,7.5983,13673643,2.3575,4958986567.95,11168738981.55,14.9918,
600273.SH,嘉化能源,2016-07-29,7.5717,7.6605,7.5094,7.6428,7286470,1.2563,4987986489.4,11234053244.6,15.0795,
600273.SH,嘉化能源,2016-08-01,7.7316,7.856,7.6339,7.6428,17015644,2.9337,4987986489.4,11234053244.6,15.0795,
600273.SH,嘉化能源,2016-08-02,7.5539,7.6872,7.4828,7.6694,9754771,1.6819,5005386442.27,11273241802.43,14.9923,
600273.SH,嘉化能源,2016-08-03,7.6428,7.9271,7.625,7.856,17986955,3.1012,5127186112.36,11547561707.24,15.3571,
600273.SH,嘉化能源,2016-08-04,7.8027,8.016,7.8027,7.936,18945127,3.2664,5179385970.97,11665127380.73,15.5134,
600273.SH,嘉化能源,2016-08-05,7.936,7.9627,7.8294,7.8472,11080663,1.9105,5121386128.07,11534498854.63,15.3397,
600273.SH,嘉化能源,2016-08-08,7.8205,7.8827,7.7316,7.8738,7269477,1.2534,5138786080.94,11573687412.46,15.3918,
600273.SH,嘉化能源,2016-08-09,7.8738,8.0249,7.8738,7.9716,19111322,3.2951,5202585908.13,11717378791.17,15.5829,
600273.SH,嘉化能源,2016-08-10,7.9716,7.9982,7.8649,7.9005,13187244,2.2737,5156186033.81,11612875970.29,15.4439,
600273.SH,嘉化能源,2016-08-11,7.8827,7.9005,7.7316,7.7583,10871361,1.8744,5063386285.17,11403870328.53,15.166,
600273.SH,嘉化能源,2016-08-12,7.7316,7.9271,7.7227,7.8827,9815113,1.6923,5144586065.23,11586750265.07,15.4092,
600273.SH,嘉化能源,2016-08-15,7.9627,8.1315,7.856,8.0782,25965120,4.4768,5272185719.61,11874133022.49,15.7914,
600273.SH,嘉化能源,2016-08-16,8.0693,8.2115,7.9805,8.1315,32004899,5.5181,5306985625.35,11952510138.15,15.8956,
600273.SH,嘉化能源,2016-08-17,8.1404,8.2293,8.0693,8.1671,24788939,4.274,5330185562.51,12004761548.59,15.9651,
600273.SH,嘉化能源,2016-08-18,8.1671,8.1849,8.0515,8.0782,19388792,3.3429,5272185719.61,11874133022.49,15.7914,
600273.SH,嘉化能源,2016-08-19,8.0515,8.0782,7.8916,7.9805,16886315,2.9114,5208385892.42,11730441643.78,15.6003,
600273.SH,嘉化能源,2016-08-22,7.9538,8.0427,7.9182,7.9982,14482984,2.4971,5219985861,11756567349,15.635,
600273.SH,嘉化能源,2016-08-23,8.0249,8.2115,7.9716,8.1671,26127295,4.5047,5330185562.51,12004761548.59,15.9651,
600273.SH,嘉化能源,2016-08-24,8.176,8.1937,8.0604,8.0782,18326519,3.1598,5272185719.61,11874133022.49,15.7914,
600273.SH,嘉化能源,2016-08-25,8.0604,8.3093,7.9805,8.176,52329179,9.0223,5335985546.8,12017824401.2,15.9825,
600273.SH,嘉化能源,2016-08-26,8.2115,8.5492,8.1671,8.4159,56366263,9.7183,5492585122.63,12370521421.67,16.4515,
600273.SH,嘉化能源,2016-08-29,8.4603,8.8425,8.4426,8.5137,54382333,9.3763,5556384949.82,12514212800.38,16.6426,
600273.SH,嘉化能源,2016-08-30,8.6114,8.6647,8.3626,8.4603,33291416,5.7399,5521585044.08,12435835684.72,16.5384,
600273.SH,嘉化能源,2016-08-31,8.407,8.4781,8.2826,8.4426,17297874,2.9824,5509985075.5,12409709979.5,16.5036,
600273.SH,嘉化能源,2016-09-01,8.4426,8.4781,8.2648,8.2737,17216119,2.9683,5399785373.99,12161515779.91,16.1736,
600273.SH,嘉化能源,2016-09-02,8.3359,8.5048,8.3004,8.4426,18697268,3.2237,5509985075.5,12409709979.5,16.5036,
600273.SH,嘉化能源,2016-09-05,8.4781,8.6203,8.3804,8.4515,16452125,2.8366,5515785059.79,12422772832.11,16.521,
600273.SH,嘉化能源,2016-09-06,8.4159,8.4426,8.2737,8.4248,17443121,3.0074,5498385106.92,12383584274.28,16.4689,
600273.SH,嘉化能源,2016-09-07,8.4515,8.5937,8.3715,8.3893,19034017,3.2817,5475185169.76,12331332863.84,16.3994,
600273.SH,嘉化能源,2016-09-08,8.3804,8.3804,8.2648,8.3448,14145911,2.439,5446185248.31,12266018600.79,16.3126,
600273.SH,嘉化能源,2016-09-09,8.327,8.4337,8.2826,8.3893,12068887,2.0808,5475185169.76,12331332863.84,16.3994,
600273.SH,嘉化能源,2016-09-12,8.2648,8.3182,8.1404,8.1671,34484751,5.9457,5330185562.51,12004761548.59,15.9651,
600273.SH,嘉化能源,2016-09-13,8.2204,8.2382,8.1493,8.1937,12388127,2.1359,5347585515.38,12043950106.42,16.0172,
600273.SH,嘉化能源,2016-09-14,8.1849,8.5048,8.176,8.327,20964111,3.6145,5434585279.73,12239892895.57,16.2778,
600273.SH,嘉化能源,2016-09-19,8.2648,8.4603,8.2648,8.3715,11096940,1.9133,5463585201.18,12305207158.62,16.3647,
600273.SH,嘉化能源,2016-09-20,8.3537,8.5137,8.3448,8.407,11385652,1.963,5486785138.34,12357458569.06,16.4342,
600273.SH,嘉化能源,2016-09-21,8.4159,8.4959,8.3804,8.487,14488600,2.498,5538984996.95,12475024242.55,16.5905,
600273.SH,嘉化能源,2016-09-22,8.5226,8.5314,8.3981,8.4337,11741639,2.0244,5504185091.21,12396647126.89,16.4863,
600273.SH,嘉化能源,2016-09-23,8.4426,8.487,8.2915,8.3182,11382813,1.9626,5428785295.44,12226830042.96,16.2604,
600273.SH,嘉化能源,2016-09-26,8.3182,8.4426,8.2026,8.2559,12596787,2.1719,5388185405.41,12135390074.69,16.1388,
600273.SH,嘉化能源,2016-09-27,8.2026,8.2559,8.1049,8.2471,9227234,1.5909,5382385421.12,12122327222.08,16.1215,
600273.SH,嘉化能源,2016-09-28,8.2293,8.2826,8.176,8.2737,5807029,1.0012,5399785373.99,12161515779.91,16.1736,
600273.SH,嘉化能源,2016-09-29,8.2115,8.3715,8.2026,8.2382,10356610,1.7856,5376585436.83,12109264369.47,16.1041,
600273.SH,嘉化能源,2016-09-30,8.1937,8.2915,8.176,8.2559,8494339,1.4645,5388185405.41,12135390074.69,16.1388,
600273.SH,嘉化能源,2016-10-10,8.3004,8.4692,8.2915,8.4515,10579317,1.824,5515785059.79,12422772832.11,16.521,
600273.SH,嘉化能源,2016-10-11,8.4337,8.5048,8.3893,8.4426,11013838,1.8989,5509985075.5,12409709979.5,16.5036,
600273.SH,嘉化能源,2016-10-12,8.4337,8.6559,8.3893,8.6381,19918372,3.4342,5637584729.88,12697092736.92,16.8858,
600273.SH,嘉化能源,2016-10-13,8.6025,8.7536,8.5492,8.5937,13661789,2.3555,5608584808.43,12631778473.87,16.799,
600273.SH,嘉化能源,2016-10-14,8.6203,8.6203,8.5137,8.6114,10613583,1.8299,5620184777.01,12657904179.09,16.8337,
600273.SH,嘉化能源,2016-10-17,8.6114,8.6825,8.4248,8.4426,12791216,2.2054,5509985075.5,12409709979.5,16.5036,
600273.SH,嘉化能源,2016-10-18,8.4426,8.567,8.4248,8.5581,11814557,2.037,5585384871.27,12579527063.43,16.7295,
600273.SH,嘉化能源,2016-10-19,8.5492,8.5848,8.3626,8.407,16955415,2.9234,5486785138.34,12357458569.06,16.4342,
600273.SH,嘉化能源,2016-10-20,8.3981,8.4515,8.3448,8.4159,10137402,1.7478,5492585122.63,12370521421.67,16.4515,
600273.SH,嘉化能源,2016-10-21,8.4248,8.4692,8.2648,8.3537,8767902,1.5117,5451985232.6,12279081453.4,16.3299,
600273.SH,嘉化能源,2016-10-24,8.3981,8.5759,8.3715,8.5759,17291676,2.9813,5596984839.85,12605652768.65,16.7642,
600273.SH,嘉化能源,2016-10-25,8.567,8.6381,8.4781,8.5848,14763630,2.5455,5602784824.14,12618715621.26,16.7816,
600273.SH,嘉化能源,2016-10-26,8.5848,8.5848,8.3981,8.4515,11086515,1.9115,5515785059.79,12422772832.11,16.521,
600273.SH,嘉化能源,2016-10-27,8.4426,8.4426,8.3715,8.4337,6902689,1.1901,5504185091.21,12396647126.89,16.4863,
600273.SH,嘉化能源,2016-10-28,8.4603,8.487,8.3182,8.3804,8758239,1.51,5469385185.47,12318270011.23,15.8067,
600273.SH,嘉化能源,2016-10-31,8.3359,8.407,8.2915,8.3448,10029859,1.7293,5446185248.31,12266018600.79,15.7396,
600273.SH,嘉化能源,2016-11-01,8.3448,8.4426,8.3093,8.4337,10534393,1.8163,5504185091.21,12396647126.89,15.9072,
600273.SH,嘉化能源,2016-11-02,8.4337,8.4337,8.3093,8.3537,7718589,1.3308,5451985232.6,12279081453.4,15.7564,
600273.SH,嘉化能源,2016-11-03,8.3537,8.4603,8.3093,8.4515,13798214,2.379,5515785059.79,12422772832.11,15.9408,
600273.SH,嘉化能源,2016-11-04,8.4515,8.4781,8.3893,8.4692,11905299,2.0526,5527385028.37,12448898537.33,15.9743,
600273.SH,嘉化能源,2016-11-07,8.4603,8.6647,8.4515,8.647,17383281,2.9971,5643384714.17,12710155589.53,16.3095,
600273.SH,嘉化能源,2016-11-08,8.6203,8.647,8.5137,8.6114,17922643,3.0901,5620184777.01,12657904179.09,16.2425,
600273.SH,嘉化能源,2016-11-09,8.5848,8.5937,8.3981,8.487,11515330,1.9854,5538984996.95,12475024242.55,16.0078,
600273.SH,嘉化能源,2016-11-10,8.5403,8.6292,8.5226,8.5759,13925039,2.4009,5596984839.85,12605652768.65,16.1754,
600273.SH,嘉化能源,2016-11-11,8.5759,8.6825,8.5403,8.5848,19384326,3.3421,5602784824.14,12618715621.26,16.1922,
600273.SH,嘉化能源,2016-11-14,8.5848,8.727,8.5581,8.647,19095009,3.2923,5643384714.17,12710155589.53,16.3095,
600273.SH,嘉化能源,2016-11-15,8.6736,8.8691,8.6647,8.7714,19109838,3.2948,5724584494.23,12893035526.07,16.5442,
600273.SH,嘉化能源,2016-11-16,8.7981,9.0113,8.7358,8.8603,22089123,3.8085,5782584337.13,13023664052.17,16.7118,
600273.SH,嘉化能源,2016-11-17,8.8869,8.958,8.727,8.7714,19784295,3.4111,5724584494.23,12893035526.07,16.5442,
600273.SH,嘉化能源,2016-11-18,8.7981,9.1891,8.7358,9.0558,34947057,6.0254,5910183991.51,13311046809.59,17.0806,
600273.SH,嘉化能源,2016-11-21,9.0558,9.2335,8.9402,9.0024,25867121,4.4599,5875384085.77,13232669693.93,16.98,
600273.SH,嘉化能源,2016-11-22,9.0113,9.0558,8.8514,8.9669,15939166,2.7481,5852184148.61,13180418283.49,16.913,
600273.SH,嘉化能源,2016-11-23,8.9936,9.1002,8.8247,8.8603,16549374,2.8533,5782584337.13,13023664052.17,16.7118,
600273.SH,嘉化能源,2016-11-24,8.8425,8.8958,8.8158,8.8425,10493096,1.8092,5770984368.55,12997538346.95,16.6783,
600273.SH,嘉化能源,2016-11-25,8.8158,8.8336,8.6114,8.7181,18263041,3.1488,5689784588.49,12814658410.41,16.4436,
600273.SH,嘉化能源,2016-11-28,8.7092,9.038,8.6914,8.878,19143292,3.3006,5794184305.71,13049789757.39,16.7453,
600273.SH,嘉化能源,2016-11-29,8.8425,8.9314,8.6825,8.7003,15409724,2.6569,5678184619.91,12788532705.19,16.4101,
600273.SH,嘉化能源,2016-11-30,8.6914,8.7803,8.647,8.7536,8814514,1.5197,5712984525.65,12866909820.85,16.5107,
600273.SH,嘉化能源,2016-12-01,8.7447,8.7892,8.6647,8.7892,7732180,1.3331,5736184462.81,12919161231.29,16.5777,
600273.SH,嘉化能源,2016-12-02,8.7714,8.7892,8.6203,8.6381,13486359,2.3252,5637584729.88,12697092736.92,16.2928,
600273.SH,嘉化能源,2016-12-05,8.6025,8.7092,8.5314,8.567,7296201,1.258,5591184855.56,12592589916.04,16.1587,
600273.SH,嘉化能源,2016-12-06,8.5937,8.8069,8.5848,8.6025,10355976,1.7855,5614384792.72,12644841326.48,16.2257,
600273.SH,嘉化能源,2016-12-07,8.6025,8.7358,8.6025,8.7003,8145657,1.4044,5678184619.91,12788532705.19,16.4101,
600273.SH,嘉化能源,2016-12-08,8.6647,8.8247,8.6381,8.6559,5732666,0.9884,5649184698.46,12723218442.14,16.3263,
600273.SH,嘉化能源,2016-12-09,8.6381,8.7003,8.6203,8.6647,5500641,0.9484,5654984682.75,12736281294.75,16.343,
600273.SH,嘉化能源,2016-12-12,8.6914,8.7358,8.2737,8.3182,20297210,3.4995,5428785295.44,12226830042.96,15.6893,
600273.SH,嘉化能源,2016-12-13,8.2737,8.3359,8.0782,8.2026,15129022,2.6085,5353385499.67,12057012959.03,15.4714,
600273.SH,嘉化能源,2016-12-14,8.2204,8.2737,8.1404,8.2293,13940764,2.4036,5370785452.54,12096201516.86,15.5217,
600273.SH,嘉化能源,2016-12-15,8.2826,8.3804,8.2204,8.3359,14398395,2.4825,5440385264.02,12252955748.18,15.7228,
600273.SH,嘉化能源,2016-12-16,8.2915,8.3981,8.2915,8.3537,9068280,1.5635,5451985232.6,12279081453.4,15.7564,
600273.SH,嘉化能源,2016-12-19,8.3715,8.4159,8.3182,8.3626,8074543,1.3922,5457785216.89,12292144306.01,15.7731,
600273.SH,嘉化能源,2016-12-20,8.4692,8.5226,8.4159,8.4515,9091204,1.5675,5515785059.79,12422772832.11,15.9408,
600273.SH,嘉化能源,2016-12-21,8.4692,8.487,8.3981,8.4781,8388756,1.4463,5533185012.66,12461961389.94,15.991,
600273.SH,嘉化能源,2016-12-22,8.4781,8.5314,8.4159,8.4426,6999817,1.2069,5509985075.5,12409709979.5,15.924,
600273.SH,嘉化能源,2016-12-23,8.4426,8.4426,8.1937,8.2471,9853511,1.6989,5382385421.12,12122327222.08,15.5552,
600273.SH,嘉化能源,2016-12-26,8.2026,8.3893,8.1849,8.3804,7423439,1.2799,5469385185.47,12318270011.23,15.8067,
600273.SH,嘉化能源,2016-12-27,8.3804,8.487,8.3359,8.407,7982229,1.3763,5486785138.34,12357458569.06,15.8569,
600273.SH,嘉化能源,2016-12-28,8.3626,8.5759,8.3626,8.4959,11771055,2.0295,5544784981.24,12488087095.16,16.0246,
600273.SH,嘉化能源,2016-12-29,8.487,8.6203,8.3981,8.5137,11084577,1.9111,5556384949.82,12514212800.38,16.0581,
600273.SH,嘉化能源,2016-12-30,8.5137,8.6114,8.487,8.5403,6624510,1.1422,5573784902.69,12553401358.21,16.1084,
600273.SH,嘉化能源,2017-01-03,8.5403,8.647,8.5314,8.567,8221809,1.4176,5591184855.56,12592589916.04,16.1587,
600273.SH,嘉化能源,2017-01-04,8.6381,8.7536,8.5848,8.6914,13464289,2.3214,5672384635.62,12775469852.58,16.3933,
600273.SH,嘉化能源,2017-01-05,8.7003,8.7892,8.6292,8.7181,12085059,2.0836,5689784588.49,12814658410.41,16.4436,
600273.SH,嘉化能源,2017-01-06,8.727,8.7358,8.5581,8.567,11146108,1.9217,5591184855.56,12592589916.04,16.1587,
600273.SH,嘉化能源,2017-01-09,8.5759,8.7003,8.5759,8.6381,8618412,1.4859,5637584729.88,12697092736.92,16.2928,
600273.SH,嘉化能源,2017-01-10,8.6292,8.6736,8.4603,8.5226,15215747,2.6234,5562184934.11,12527275652.99,16.0748,
600273.SH,嘉化能源,2017-01-11,8.5314,8.6292,8.4959,8.5581,9466686,1.6322,5585384871.27,12579527063.43,16.1419,
600273.SH,嘉化能源,2017-01-12,8.5492,8.6114,8.3715,8.3981,9362629,1.6143,5480985154.05,12344395716.45,15.8402,
600273.SH,嘉化能源,2017-01-13,8.3715,8.4515,8.3448,8.3893,5860855,1.0105,5475185169.76,12331332863.84,15.8234,
600273.SH,嘉化能源,2017-01-16,8.4426,8.4603,7.5539,8.1049,14550053,2.5086,5289585672.48,11913321580.32,15.287,
600273.SH,嘉化能源,2017-01-17,7.8649,8.0604,7.8027,8.0427,13311930,2.2952,5248985782.45,11821881612.05,15.1697,
600273.SH,嘉化能源,2017-01-18,7.9982,8.0427,7.9182,7.9538,5204299,0.8973,5190985939.55,11691253085.95,15.0021,
600273.SH,嘉化能源,2017-01-19,7.9449,8.016,7.8738,7.9094,4522279,0.7797,5161986018.1,11625938822.9,14.9183,
600273.SH,嘉化能源,2017-01-20,7.9271,8.1404,7.9094,8.096,7957707,1.372,5283785688.19,11900258727.71,15.2703,
600273.SH,嘉化能源,2017-01-23,8.1049,8.2382,8.1049,8.2115,7986562,1.377,5359185483.96,12070075811.64,15.4882,
600273.SH,嘉化能源,2017-01-24,8.2382,8.2915,8.1493,8.2115,6921237,1.1933,5359185483.96,12070075811.64,15.4882,
600273.SH,嘉化能源,2017-01-25,8.1582,8.2648,8.1582,8.2471,3761532,0.6485,5382385421.12,12122327222.08,15.5552,
600273.SH,嘉化能源,2017-01-26,8.2115,8.3093,8.2026,8.2471,2969531,0.512,5382385421.12,12122327222.08,15.5552,
600273.SH,嘉化能源,2017-02-03,8.2648,8.3093,8.2204,8.2559,3110701,0.5363,5388185405.41,12135390074.69,15.572,
600273.SH,嘉化能源,2017-02-06,8.2648,8.3182,8.2382,8.3004,4017700,0.6927,5417185326.86,12200704337.74,15.6558,
600273.SH,嘉化能源,2017-02-07,8.2737,8.3093,8.1937,8.2471,5534219,0.9542,5382385421.12,12122327222.08,15.5552,
600273.SH,嘉化能源,2017-02-08,8.2471,8.3182,8.1937,8.2915,5874729,1.0129,5411385342.57,12187641485.13,15.639,
600273.SH,嘉化能源,2017-02-09,8.2915,8.407,8.2648,8.3626,7709343,1.3292,5457785216.89,12292144306.01,15.7731,
600273.SH,嘉化能源,2017-02-10,8.3626,8.3981,8.3004,8.3715,5568902,0.9602,5463585201.18,12305207158.62,15.7899,
600273.SH,嘉化能源,2017-02-13,8.3893,8.3893,8.2915,8.3537,6204372,1.0697,5451985232.6,12279081453.4,15.7564,
600273.SH,嘉化能源,2017-02-14,8.3359,8.3715,8.2826,8.3359,5473082,0.9436,5440385264.02,12252955748.18,15.7228,
600273.SH,嘉化能源,2017-02-15,8.3537,8.3804,8.2471,8.3004,7262773,1.2522,5417185326.86,12200704337.74,15.6558,
600273.SH,嘉化能源,2017-02-16,8.3093,8.4337,8.2471,8.4248,8989316,1.5499,5498385106.92,12383584274.28,15.8905,
600273.SH,嘉化能源,2017-02-17,8.4515,8.5492,8.3537,8.4248,10777684,1.8582,5498385106.92,12383584274.28,15.8905,
600273.SH,嘉化能源,2017-02-20,8.4248,8.4781,8.3448,8.4603,9601038,1.6554,5521585044.08,12435835684.72,15.9575,
600273.SH,嘉化能源,2017-02-21,8.4692,8.5492,8.4515,8.5137,8133576,1.4023,5556384949.82,12514212800.38,16.0581,
600273.SH,嘉化能源,2017-02-22,8.5137,8.5581,8.4603,8.5226,9149967,1.5776,5562184934.11,12527275652.99,16.0748,
600273.SH,嘉化能源,2017-02-23,8.5226,8.5581,8.407,8.4603,9319369,1.6068,5521585044.08,12435835684.72,15.9575,
600273.SH,嘉化能源,2017-02-24,8.5137,8.5137,8.3715,8.3981,10203677,1.7593,5480985154.05,12344395716.45,15.8402,
600273.SH,嘉化能源,2017-02-27,8.4248,8.4603,8.3537,8.3981,8375078,1.444,5480985154.05,12344395716.45,15.8402,
600273.SH,嘉化能源,2017-02-28,8.3804,8.4692,8.3715,8.4337,6260566,1.0794,5504185091.21,12396647126.89,15.9072,
600273.SH,嘉化能源,2017-03-01,8.4337,8.4959,8.4248,8.4692,7713806,1.33,5527385028.37,12448898537.33,15.9743,
600273.SH,嘉化能源,2017-03-02,8.4692,8.487,8.3804,8.3981,7426387,1.2804,5480985154.05,12344395716.45,15.8402,
600273.SH,嘉化能源,2017-03-03,8.3893,8.5137,8.3626,8.487,9029448,1.5568,5538984996.95,12475024242.55,16.0078,
600273.SH,嘉化能源,2017-03-06,8.5137,8.5492,8.4603,8.5314,10472656,1.8056,5567984918.4,12540338505.6,16.0916,
600273.SH,嘉化能源,2017-03-07,8.5314,8.5581,8.4692,8.5403,9956602,1.7167,5573784902.69,12553401358.21,16.1084,
600273.SH,嘉化能源,2017-03-08,8.5226,8.5226,8.4337,8.4426,8871834,1.5296,5509985075.5,12409709979.5,15.924,
600273.SH,嘉化能源,2017-03-09,8.4692,8.4781,8.2382,8.2559,12074635,2.0818,5388185405.41,12135390074.69,15.572,
600273.SH,嘉化能源,2017-03-10,8.2471,8.3004,8.2115,8.2293,5899173,1.0171,5370785452.54,12096201516.86,15.5217,
600273.SH,嘉化能源,2017-03-13,8.2026,8.3448,8.1937,8.2737,7790402,1.3432,5399785373.99,12161515779.91,15.6055,
600273.SH,嘉化能源,2017-03-14,8.2737,8.3715,8.2648,8.327,6352644,1.0953,5434585279.73,12239892895.57,15.7061,
600273.SH,嘉化能源,2017-03-15,8.3359,8.3359,8.2648,8.2737,6034629,1.0405,5399785373.99,12161515779.91,15.6055,
600273.SH,嘉化能源,2017-03-16,8.2826,8.3537,8.2648,8.3182,9536872,1.6443,5428785295.44,12226830042.96,15.6893,
600273.SH,嘉化能源,2017-03-17,8.3182,8.3359,8.2471,8.2826,9407531,1.622,5405585358.28,12174578632.52,15.6223,
600273.SH,嘉化能源,2017-03-20,8.2826,8.3004,8.2382,8.2915,5799734,1,5411385342.57,12187641485.13,15.639,
600273.SH,嘉化能源,2017-03-21,8.2826,8.3715,8.2648,8.3359,8289944,1.4293,5440385264.02,12252955748.18,15.7228,
600273.SH,嘉化能源,2017-03-22,8.327,8.3626,8.2559,8.2648,7832228,1.3504,5393985389.7,12148452927.3,15.5887,
600273.SH,嘉化能源,2017-03-23,8.2648,8.3448,8.2559,8.2915,8458048,1.4583,5411385342.57,12187641485.13,15.639,
600273.SH,嘉化能源,2017-03-24,8.2648,8.3182,8.2559,8.3093,4799337,0.8275,5422985311.15,12213767190.35,15.6726,
600273.SH,嘉化能源,2017-03-27,8.3093,8.3359,8.2648,8.2915,7841893,1.3521,5411385342.57,12187641485.13,15.639,
600273.SH,嘉化能源,2017-03-28,8.3004,8.3182,8.1493,8.1582,9088501,1.567,5324385578.22,11991698695.98,15.3876,
600273.SH,嘉化能源,2017-03-29,8.1671,8.2204,8.0604,8.0693,7960769,1.3726,5266385735.32,11861070169.88,15.22,
600273.SH,嘉化能源,2017-03-30,8.096,8.096,7.8649,7.9005,10372614,1.7884,5156186033.81,11612875970.29,14.9015,
600273.SH,嘉化能源,2017-03-31,7.9182,7.9805,7.8916,7.9449,5174139,0.8921,5185185955.26,11678190233.34,14.9853,
600273.SH,嘉化能源,2017-04-05,8.016,8.2382,8.0071,8.2026,11624841,2.0043,5353385499.67,12057012959.03,15.4714,
600273.SH,嘉化能源,2017-04-06,8.2026,8.4959,8.2026,8.3981,20253897,3.4921,5480985154.05,12344395716.45,15.8402,
600273.SH,嘉化能源,2017-04-07,8.4692,8.487,8.3626,8.4426,12872093,2.2193,5509985075.5,12409709979.5,15.924,
600273.SH,嘉化能源,2017-04-10,8.487,8.6114,8.3981,8.4337,13309892,2.2948,5504185091.21,12396647126.89,15.9072,
600273.SH,嘉化能源,2017-04-11,8.4781,8.6559,8.3804,8.6292,19850255,3.4225,5631784745.59,12684029884.31,16.276,
600273.SH,嘉化能源,2017-04-12,8.5937,8.6114,8.4426,8.4781,12125273,2.0906,5533185012.66,12461961389.94,15.991,
600273.SH,嘉化能源,2017-04-13,8.487,8.5403,8.3981,8.4959,6460060,1.1138,5544784981.24,12488087095.16,16.0246,
600273.SH,嘉化能源,2017-04-14,8.4426,8.487,8.3359,8.3981,6990991,1.2053,5480985154.05,12344395716.45,15.8402,
600273.SH,嘉化能源,2017-04-17,8.3626,8.4337,8.2026,8.2293,7605200,1.3112,5370785452.54,12096201516.86,15.5217,
600273.SH,嘉化能源,2017-04-18,8.2382,8.327,8.1404,8.1493,7452087,1.2848,5318585593.93,11978635843.37,16.1769,
600273.SH,嘉化能源,2017-04-19,8.1226,8.3981,7.9805,8.3715,12691635,2.1882,5463585201.18,12305207158.62,16.6179,
600273.SH,嘉化能源,2017-04-20,8.3804,8.487,8.2737,8.327,7444221,1.2835,5434585279.73,12239892895.57,16.5297,
600273.SH,嘉化能源,2017-04-21,8.327,8.4426,8.3093,8.3804,7003705,1.2075,5469385185.47,12318270011.23,16.6356,
600273.SH,嘉化能源,2017-04-24,8.407,8.407,8.1049,8.1582,8441796,1.4555,5324385578.22,11991698695.98,16.1946,
600273.SH,嘉化能源,2017-04-25,8.1582,8.2915,8.0782,8.1404,7594170,1.3093,5312785609.64,11965572990.76,16.1593,
600273.SH,嘉化能源,2017-04-26,8.1049,8.2115,8.0604,8.1138,8454578,1.4577,5295385656.77,11926384432.93,16.1064,
600273.SH,嘉化能源,2017-04-27,8.1138,8.2559,8.0338,8.2382,7400975,1.276,5376585436.83,12109264369.47,16.3533,
600273.SH,嘉化能源,2017-04-28,8.2293,8.327,8.2204,8.3182,6589000,1.136,5428785295.44,12226830042.96,15.4626,
600273.SH,嘉化能源,2017-05-02,8.2915,8.3804,8.2737,8.3182,5936067,1.0235,5428785295.44,12226830042.96,15.4626,
600273.SH,嘉化能源,2017-05-03,8.327,8.4426,8.2826,8.3893,7298685,1.2584,5475185169.76,12331332863.84,15.5948,
600273.SH,嘉化能源,2017-05-04,8.3715,8.407,8.2915,8.327,6139182,1.0585,5434585279.73,12239892895.57,15.4792,
600273.SH,嘉化能源,2017-05-05,8.327,8.327,8.1671,8.1937,8076153,1.3924,5347585515.38,12043950106.42,15.2314,
600273.SH,嘉化能源,2017-05-08,8.176,8.2471,8.1138,8.1671,8075705,1.3924,5330185562.51,12004761548.59,15.1818,
600273.SH,嘉化能源,2017-05-09,8.1671,8.2026,8.0693,8.1937,4358602,0.7515,5347585515.38,12043950106.42,15.2314,
600273.SH,嘉化能源,2017-05-10,8.1493,8.2471,8.0249,8.0338,6253073,1.0781,5243185798.16,11808818759.44,14.934,
600273.SH,嘉化能源,2017-05-11,7.9982,8.1493,7.8916,8.0515,12530812,2.1605,5254785766.74,11834944464.66,14.967,
600273.SH,嘉化能源,2017-05-12,8.0515,8.1226,8.0071,8.0604,7038826,1.2136,5260585751.03,11848007317.27,14.9836,
600273.SH,嘉化能源,2017-05-15,8.0604,8.3448,8.0604,8.1138,6244186,1.0766,5295385656.77,11926384432.93,15.0827,
600273.SH,嘉化能源,2017-05-16,8.1315,8.2826,8.0693,8.2648,7825149,1.3492,5393985389.7,12148452927.3,15.3635,
600273.SH,嘉化能源,2017-05-17,8.2648,8.327,8.2293,8.2737,8085700,1.3941,5399785373.99,12161515779.91,15.38,
600273.SH,嘉化能源,2017-05-18,8.2204,8.3182,8.1849,8.2471,8016884,1.3822,5382385421.12,12122327222.08,15.3305,
600273.SH,嘉化能源,2017-05-19,8.2648,8.2737,8.1937,8.2204,3508745,0.605,5364985468.25,12083138664.25,15.2809,
600273.SH,嘉化能源,2017-05-22,8.2204,8.2915,8.1582,8.2293,8514390,1.468,5370785452.54,12096201516.86,15.2974,
600273.SH,嘉化能源,2017-05-23,8.2204,8.2293,7.9982,8.016,9565446,1.6492,5231585829.58,11782693054.22,14.901,
600273.SH,嘉化能源,2017-05-24,8.016,8.0871,7.9805,8.0515,3419314,0.5895,5254785766.74,11834944464.66,14.967,
600273.SH,嘉化能源,2017-05-25,8.1059,8.278,8.0515,8.2417,11436821,1.9719,5277985703.9,11887195875.1,15.0331,
600273.SH,嘉化能源,2017-05-26,8.2508,8.3776,8.2236,8.3504,8942635,1.5418,5347585515.38,12043950106.42,15.2314,
600273.SH,嘉化能源,2017-05-31,8.3776,8.4772,8.2327,8.2327,8885553,1.532,5272185719.61,11874133022.49,15.0166,
600273.SH,嘉化能源,2017-06-01,8.2689,8.3142,8.0606,8.1512,10639121,1.8343,5219985861,11756567349,14.8679,
600273.SH,嘉化能源,2017-06-02,8.1149,8.2055,8.0697,8.1421,5313070,0.916,5214185876.71,11743504496.39,14.8514,
600273.SH,嘉化能源,2017-06-05,8.1602,8.3233,8.0968,8.3142,10202726,1.7591,5324385578.22,11991698695.98,15.1653,
600273.SH,嘉化能源,2017-06-06,8.3233,8.4319,8.2508,8.4048,11287200,1.9461,5382385421.12,12122327222.08,15.3305,
600273.SH,嘉化能源,2017-06-07,8.4048,8.4863,8.3595,8.441,11305601,1.9492,5405585358.28,12174578632.52,15.3966,
600273.SH,嘉化能源,2017-06-08,8.4229,8.4772,8.3233,8.441,15378392,2.6515,5405585358.28,12174578632.52,15.3966,
600273.SH,嘉化能源,2017-06-09,8.4138,8.441,8.3414,8.4138,7694739,1.3267,5388185405.41,12135390074.69,15.347,
600273.SH,嘉化能源,2017-06-12,8.4048,8.5497,8.3595,8.5225,19428601,3.3498,5457785216.89,12292144306.01,15.5452,
600273.SH,嘉化能源,2017-06-13,8.5859,8.5859,8.4682,8.5044,12988163,2.2393,5446185248.31,12266018600.79,15.5122,
600273.SH,嘉化能源,2017-06-14,8.5044,8.5044,8.3776,8.4048,14661648,2.5279,5382385421.12,12122327222.08,15.3305,
600273.SH,嘉化能源,2017-06-15,8.4138,8.4682,8.3504,8.4591,16665133,2.8733,5417185326.86,12200704337.74,15.4296,
600273.SH,嘉化能源,2017-06-16,8.4319,8.441,8.3233,8.4229,10825401,1.8665,5393985389.7,12148452927.3,15.3635,
600273.SH,嘉化能源,2017-06-19,8.4048,8.4319,8.3685,8.4229,9029036,1.5567,5393985389.7,12148452927.3,15.3635,
600273.SH,嘉化能源,2017-06-20,8.4229,8.441,8.3504,8.4138,10176890,1.7546,5388185405.41,12135390074.69,15.347,
600273.SH,嘉化能源,2017-06-21,8.4138,8.4229,8.3414,8.3867,8200940,1.414,5370785452.54,12096201516.86,15.2974,
600273.SH,嘉化能源,2017-06-22,8.3867,8.4048,8.2599,8.3142,16114710,2.7784,5324385578.22,11991698695.98,15.1653,
600273.SH,嘉化能源,2017-06-23,8.2689,8.3504,8.1512,8.278,14434201,2.4887,5301185641.06,11939447285.54,15.0992,
600273.SH,嘉化能源,2017-06-26,8.3051,8.4229,8.278,8.4048,15974309,2.7542,5382385421.12,12122327222.08,15.3305,
600273.SH,嘉化能源,2017-06-27,8.4229,8.5316,8.4048,8.4953,30807875,5.3117,5440385264.02,12252955748.18,15.4957,
600273.SH,嘉化能源,2017-06-28,8.4591,8.5406,8.4048,8.5225,39768781,6.8567,5457785216.89,12292144306.01,15.5452,
600273.SH,嘉化能源,2017-06-29,8.5406,8.6493,8.4772,8.6312,57433514,9.9024,5527385028.37,12448898537.33,15.7435,
600273.SH,嘉化能源,2017-06-30,8.5859,8.6584,8.4229,8.4953,65898274,11.3618,5440385264.02,12252955748.18,15.4957,
600273.SH,嘉化能源,2017-07-03,8.4772,8.4953,8.3957,8.4591,40095509,6.913,5417185326.86,12200704337.74,15.4296,
600273.SH,嘉化能源,2017-07-04,8.441,8.4501,8.278,8.2961,29608420,5.1049,5312785609.64,11965572990.76,15.1322,
600273.SH,嘉化能源,2017-07-05,8.2689,8.3414,8.2508,8.3233,17360059,2.9931,5330185562.51,12004761548.59,15.1818,
600273.SH,嘉化能源,2017-07-06,8.3233,8.3685,8.2327,8.287,17725296,3.0561,5306985625.35,11952510138.15,15.1157,
600273.SH,嘉化能源,2017-07-07,8.2508,8.3142,8.2508,8.2689,15364634,2.6491,5295385656.77,11926384432.93,15.0827,
600273.SH,嘉化能源,2017-07-10,8.2689,8.4048,8.2689,8.3504,18930623,3.2639,5347585515.38,12043950106.42,15.2314,
600273.SH,嘉化能源,2017-07-11,8.3414,8.3504,8.2055,8.2055,17530839,3.0226,5254785766.74,13535582124.72,14.967,
600273.SH,嘉化能源,2017-07-12,8.1783,8.2236,8.0425,8.1512,17269425,2.9775,5219985861,13445942508,14.8679,
600273.SH,嘉化能源,2017-07-13,8.1331,8.2055,8.1149,8.1874,7947064,1.3702,5243185798.16,13505702252.48,14.934,
600273.SH,嘉化能源,2017-07-14,8.2236,8.2417,8.0878,8.1421,10886701,1.877,5214185876.71,13431002571.88,16.9855,
600273.SH,嘉化能源,2017-07-17,8.1421,8.2236,7.8161,7.8614,16883500,2.911,5034386363.72,12967864552.16,16.3998,
600273.SH,嘉化能源,2017-07-18,7.8614,8.0063,7.8614,7.9791,8048310,1.3876,5109786159.49,13162083721.72,16.6454,
600273.SH,嘉化能源,2017-07-19,7.97,8.124,7.8976,8.0878,10927745,1.8841,5179385970.97,13341362955.16,16.8721,
600273.SH,嘉化能源,2017-07-20,8.0878,8.1693,8.0153,8.0425,9547500,1.6461,5150386049.52,13266663274.56,16.7777,
600273.SH,嘉化能源,2017-07-21,8.0153,8.0878,7.9972,8.0787,8619655,1.4862,5173585986.68,13326423019.04,16.8532,
600273.SH,嘉化能源,2017-07-24,8.1421,8.2508,8.1059,8.2236,15609528,2.6913,5266385735.32,13565461996.96,17.1555,
600273.SH,嘉化能源,2017-07-25,8.2327,8.2327,8.1149,8.1331,8576526,1.4787,5208385892.42,13416062635.76,16.9666,
600273.SH,嘉化能源,2017-07-26,8.1149,8.1693,8.1059,8.1512,7490441,1.2915,5219985861,13445942508,17.0044,
600273.SH,嘉化能源,2017-07-27,8.1602,8.2961,8.1421,8.2236,13937874,2.4031,5266385735.32,13565461996.96,17.1555,
600273.SH,嘉化能源,2017-07-28,8.1965,8.2236,8.0878,8.1421,11573179,1.9954,5214185876.71,13431002571.88,16.9855,
600273.SH,嘉化能源,2017-07-31,8.1421,8.2599,8.1149,8.2417,17636238,3.0407,5277985703.9,13595341869.2,17.1933,
600273.SH,嘉化能源,2017-08-01,8.278,8.278,8.1331,8.1602,20655329,3.5613,5225785845.29,13460882444.12,16.6997,
600273.SH,嘉化能源,2017-08-02,8.1693,8.1965,8.0606,8.0697,14130300,2.4363,5167786002.39,13311483082.92,16.5143,
600273.SH,嘉化能源,2017-08-03,8.0697,8.0968,7.9791,8.0606,9187667,1.5841,5161986018.1,13296543146.8,16.4958,
600273.SH,嘉化能源,2017-08-04,8.0697,8.1331,8.0244,8.0334,11974342,2.0645,5144586065.23,13251723338.44,16.4402,
600273.SH,嘉化能源,2017-08-07,8.0153,8.0515,7.9882,8.0153,8302195,1.4314,5132986096.65,13221843466.2,16.4031,
600273.SH,嘉化能源,2017-08-08,8.0334,8.0787,8.0153,8.0697,8646530,1.4908,5167786002.39,13311483082.92,16.5143,
600273.SH,嘉化能源,2017-08-09,8.0606,8.0878,7.9882,8.0244,7475775,1.2889,5138786080.94,13236783402.32,16.4217,
600273.SH,嘉化能源,2017-08-10,8.0244,8.0334,7.8976,7.9338,9941530,1.7141,5080786238.04,13087384041.12,16.2363,
600273.SH,嘉化能源,2017-08-11,7.9157,7.9248,7.8432,7.8885,7244454,1.249,5051786316.59,13012684360.52,16.1436,
600273.SH,嘉化能源,2017-08-14,7.8795,7.9882,7.8795,7.97,7738286,1.3342,5103986175.2,13147143785.6,16.3104,
600273.SH,嘉化能源,2017-08-15,7.97,7.9972,7.9338,7.9882,4628505,0.798,5115586143.78,13177023657.84,16.3475,
600273.SH,嘉化能源,2017-08-16,7.9882,7.9882,7.9157,7.97,5028105,0.8669,5103986175.2,13147143785.6,16.3104,
600273.SH,嘉化能源,2017-08-17,7.9791,8.0787,7.9248,8.0606,12815465,2.2096,5161986018.1,13296543146.8,16.4958,
600273.SH,嘉化能源,2017-08-18,8.0153,8.1331,7.9882,8.0334,8559461,1.4758,5144586065.23,13251723338.44,16.4402,
600273.SH,嘉化能源,2017-08-21,8.0244,8.0606,8.0153,8.0515,6228401,1.0739,5156186033.81,13281603210.68,16.4773,
600273.SH,嘉化能源,2017-08-22,8.0606,8.0697,7.9429,7.97,8133700,1.4024,5103986175.2,13147143785.6,16.3104,
600273.SH,嘉化能源,2017-08-23,7.9972,7.9972,7.8885,7.9248,5028100,0.8669,5074986253.75,13072444105,16.2178,
600273.SH,嘉化能源,2017-08-24,7.9248,7.9429,7.8614,7.8795,5748754,0.9912,5045986332.3,12997744424.4,16.1251,
600273.SH,嘉化能源,2017-08-25,7.8795,7.9429,7.8614,7.9248,8227090,1.4185,5074986253.75,13072444105,16.2178,
600273.SH,嘉化能源,2017-08-28,7.9248,8.1331,7.9157,8.0787,19000361,3.2759,5173585986.68,13326423019.04,16.5329,
600273.SH,嘉化能源,2017-08-29,8.0787,8.124,8.0425,8.0515,9891620,1.7055,5156186033.81,13281603210.68,16.4773,
600273.SH,嘉化能源,2017-08-30,8.0515,8.0878,8.0244,8.0515,5557477,0.9582,5156186033.81,13281603210.68,16.4773,
600273.SH,嘉化能源,2017-08-31,8.2599,8.2599,8.0878,8.1059,15644809,2.6974,5190985939.55,13371242827.4,16.5885,
600273.SH,嘉化能源,2017-09-01,8.0968,8.124,8.0515,8.0787,9053656,1.561,5173585986.68,13326423019.04,16.5329,
600273.SH,嘉化能源,2017-09-04,8.0515,8.1149,8.0153,8.0697,8706977,1.5012,5167786002.39,13311483082.92,16.5143,
600273.SH,嘉化能源,2017-09-05,8.0787,8.1421,8.0606,8.0968,8582227,1.4797,5185185955.26,13356302891.28,16.5699,
600273.SH,嘉化能源,2017-09-06,8.0878,8.0968,8.0425,8.0606,6595639,1.1372,5161986018.1,13296543146.8,16.4958,
600273.SH,嘉化能源,2017-09-07,8.0606,8.1149,8.0244,8.0425,6630383,1.1432,5150386049.52,13266663274.56,16.4587,
600273.SH,嘉化能源,2017-09-08,8.0425,8.0878,8.0334,8.0606,4720800,0.8139,5161986018.1,13296543146.8,16.4958,
600273.SH,嘉化能源,2017-09-11,8.0606,8.1421,8.0515,8.1421,9007127,1.553,5214185876.71,13431002571.88,16.6626,
600273.SH,嘉化能源,2017-09-12,8.1693,8.1693,8.0968,8.124,8612256,1.4849,5202585908.13,13401122699.64,16.6255,
600273.SH,嘉化能源,2017-09-13,8.1331,8.1783,8.1059,8.1693,7175484,1.2372,5231585829.58,13475822380.24,16.7182,
600273.SH,嘉化能源,2017-09-14,8.1693,8.2236,8.124,8.1331,7527499,1.2978,5208385892.42,13416062635.76,16.6441,
600273.SH,嘉化能源,2017-09-15,8.124,8.1602,8.1149,8.1331,4589650,0.7913,5208385892.42,13416062635.76,16.6441,
600273.SH,嘉化能源,2017-09-18,8.1059,8.1512,8.1059,8.1331,4627304,0.7978,5208385892.42,13416062635.76,16.6441,
600273.SH,嘉化能源,2017-09-19,8.1421,8.1512,8.0606,8.0787,5770200,0.9949,5173585986.68,13326423019.04,16.5329,
600273.SH,嘉化能源,2017-09-20,8.0787,8.0968,8.0425,8.0515,8142800,1.4039,5156186033.81,13281603210.68,16.4773,
600273.SH,嘉化能源,2017-09-21,8.0425,8.0606,7.9882,7.9972,8713735,1.5024,5121386128.07,13191963593.96,16.366,
600273.SH,嘉化能源,2017-09-22,8.0425,8.0425,7.9791,8.0244,5599603,0.9655,5138786080.94,13236783402.32,16.4217,
600273.SH,嘉化能源,2017-09-25,8.0063,8.0787,7.9882,8.0425,9354095,1.6128,5150386049.52,13266663274.56,16.4587,
600273.SH,嘉化能源,2017-09-26,8.0968,8.1783,8.0606,8.1512,12826587,0.9819,11756567349,13445942508,16.6811,
600273.SH,嘉化能源,2017-09-27,8.1421,8.1512,8.0878,8.1149,9792411,0.7496,11704315938.56,13386182763.52,16.607,
600273.SH,嘉化能源,2017-09-28,8.0968,8.124,8.0606,8.1059,8534903,0.6534,11691253085.95,13371242827.4,16.5885,
600273.SH,嘉化能源,2017-09-29,8.1149,8.1512,8.0787,8.1512,7602744,0.582,11756567349,13445942508,16.6811,
600273.SH,嘉化能源,2017-10-09,8.1783,8.2146,8.1421,8.1602,9644831,0.7383,11769630201.61,13460882444.12,16.6997,
600273.SH,嘉化能源,2017-10-10,8.1602,8.2508,8.124,8.2508,12924148,0.9894,11900258727.71,13610281805.32,16.885,
600273.SH,嘉化能源,2017-10-11,8.2689,8.2961,8.2055,8.2146,8116039,0.6213,11848007317.27,13550522060.84,16.8109,
600273.SH,嘉化能源,2017-10-12,8.2236,8.2689,8.1874,8.2146,6251357,0.4786,11848007317.27,13550522060.84,16.8109,
600273.SH,嘉化能源,2017-10-13,8.2055,8.2599,8.1965,8.2599,6413294,0.491,11913321580.32,13625221741.44,16.9036,
600273.SH,嘉化能源,2017-10-16,8.2508,8.3142,8.2146,8.2146,8182500,0.6264,11848007317.27,13550522060.84,16.8109,
600273.SH,嘉化能源,2017-10-17,8.2055,8.287,8.1874,8.278,8278070,0.6337,11939447285.54,13655101613.68,16.9406,
600273.SH,嘉化能源,2017-10-18,8.3051,8.3051,8.2146,8.2236,6122656,0.4687,11861070169.88,13565461996.96,16.8294,
600273.SH,嘉化能源,2017-10-19,8.2417,8.4138,8.2417,8.3414,18579470,1.4223,12030887253.81,13759681166.52,17.0704,
600273.SH,嘉化能源,2017-10-20,8.2961,8.5225,8.2961,8.4772,14229089,1.0893,12226830042.96,13983780208.32,17.3484,
600273.SH,嘉化能源,2017-10-23,8.4953,8.5768,8.3957,8.5587,13536248,1.0362,12344395716.45,14118239633.4,17.5152,
600273.SH,嘉化能源,2017-10-24,8.5406,8.5678,8.4591,8.5225,8904143,0.6816,12292144306.01,14058479888.92,17.4411,
600273.SH,嘉化能源,2017-10-25,8.5134,8.6584,8.4772,8.6312,14359529,1.0993,12448898537.33,14237759122.36,17.6635,
600273.SH,嘉化能源,2017-10-26,8.6312,8.6312,8.6312,8.6312,--,--,12448898537.33,14237759122.36,16.0673,
600273.SH,嘉化能源,2017-10-27,8.6312,8.6312,8.6312,8.6312,--,--,12448898537.33,14237759122.36,16.0673,
600273.SH,嘉化能源,2017-10-30,8.6312,8.6312,8.6312,8.6312,--,--,12448898537.33,14237759122.36,16.0673,
600273.SH,嘉化能源,2017-10-31,8.6312,8.6312,8.6312,8.6312,--,--,12448898537.33,14237759122.36,16.0673,
600273.SH,嘉化能源,2017-11-01,8.6312,8.6312,8.6312,8.6312,--,--,12448898537.33,14237759122.36,16.0673,
600273.SH,嘉化能源,2017-11-02,8.6312,8.6312,8.6312,8.6312,--,--,12448898537.33,14237759122.36,16.0673,
600273.SH,嘉化能源,2017-11-03,8.6312,8.6312,8.6312,8.6312,--,--,12448898537.33,14237759122.36,16.0673,
600273.SH,嘉化能源,2017-11-06,8.6312,8.6312,8.6312,8.6312,--,--,12448898537.33,14237759122.36,16.0673,
600273.SH,嘉化能源,2017-11-07,8.6312,8.6312,8.6312,8.6312,--,--,12448898537.33,14237759122.36,16.0673,
600273.SH,嘉化能源,2017-11-08,8.6312,8.6312,8.6312,8.6312,--,--,12448898537.33,14237759122.36,16.0673,
600273.SH,嘉化能源,2017-11-09,8.6312,8.6312,8.6312,8.6312,--,--,12448898537.33,14237759122.36,16.0673,
600273.SH,嘉化能源,2017-11-10,8.6312,8.6312,8.6312,8.6312,--,--,12448898537.33,14237759122.36,16.0673,
600273.SH,嘉化能源,2017-11-13,8.6312,8.6312,8.6312,8.6312,--,--,12448898537.33,14237759122.36,16.0673,
600273.SH,嘉化能源,2017-11-14,8.6312,8.6312,8.6312,8.6312,--,--,12448898537.33,14237759122.36,16.0673,
600273.SH,嘉化能源,2017-11-15,8.6312,8.6312,8.6312,8.6312,--,--,12448898537.33,14237759122.36,16.0673,
600273.SH,嘉化能源,2017-11-16,8.6312,8.6312,8.6312,8.6312,--,--,12448898537.33,14237759122.36,16.0673,
600273.SH,嘉化能源,2017-11-17,8.6312,8.6312,8.6312,8.6312,--,--,12448898537.33,14237759122.36,16.0673,
600273.SH,嘉化能源,2017-11-20,8.6312,8.6312,8.6312,8.6312,--,--,12448898537.33,14237759122.36,16.0673,
600273.SH,嘉化能源,2017-11-21,8.6312,8.6312,8.6312,8.6312,--,--,12448898537.33,14237759122.36,16.0673,
600273.SH,嘉化能源,2017-11-22,8.6312,8.6312,8.6312,8.6312,--,--,12448898537.33,14237759122.36,16.0673,
600273.SH,嘉化能源,2017-11-23,8.6312,8.6312,8.6312,8.6312,--,--,12448898537.33,14237759122.36,16.0673,
600273.SH,嘉化能源,2017-11-24,8.6312,8.6312,8.6312,8.6312,--,--,12448898537.33,14237759122.36,16.0673,
600273.SH,嘉化能源,2017-11-27,8.6312,8.6312,8.6312,8.6312,--,--,12448898537.33,14237759122.36,16.0673,
600273.SH,嘉化能源,2017-11-28,8.6312,8.6312,8.6312,8.6312,--,--,12448898537.33,14237759122.36,16.0673,
600273.SH,嘉化能源,2017-11-29,8.6312,8.6312,8.6312,8.6312,--,--,12448898537.33,14237759122.36,16.0673,
600273.SH,嘉化能源,2017-11-30,8.6312,8.6312,8.6312,8.6312,--,--,12448898537.33,14237759122.36,16.0673,
600273.SH,嘉化能源,2017-12-01,8.6312,8.6312,8.6312,8.6312,--,--,12448898537.33,14237759122.36,16.0673,
600273.SH,嘉化能源,2017-12-04,8.6312,8.6312,8.6312,8.6312,--,--,12448898537.33,14237759122.36,16.0673,
600273.SH,嘉化能源,2017-12-05,8.6312,8.6312,8.6312,8.6312,--,--,12448898537.33,14237759122.36,16.0673,
600273.SH,嘉化能源,2017-12-06,8.6312,8.6312,8.6312,8.6312,--,--,12448898537.33,14237759122.36,16.0673,
600273.SH,嘉化能源,2017-12-07,8.6312,8.6312,8.6312,8.6312,--,--,12448898537.33,14237759122.36,16.0673,
600273.SH,嘉化能源,2017-12-08,8.6312,8.6312,8.6312,8.6312,--,--,12448898537.33,14237759122.36,16.0673,
600273.SH,嘉化能源,2017-12-11,8.6312,8.6312,8.6312,8.6312,--,--,12448898537.33,14237759122.36,16.0673,
600273.SH,嘉化能源,2017-12-12,8.6312,8.6312,8.6312,8.6312,--,--,12448898537.33,14237759122.36,16.0673,
600273.SH,嘉化能源,2017-12-13,8.6312,8.6312,8.6312,8.6312,--,--,12448898537.33,14237759122.36,16.0673,
600273.SH,嘉化能源,2017-12-14,8.6312,8.6312,8.6312,8.6312,--,--,12448898537.33,14237759122.36,16.0673,
600273.SH,嘉化能源,2017-12-15,8.6312,8.6312,8.6312,8.6312,--,--,12448898537.33,14237759122.36,16.0673,
600273.SH,嘉化能源,2017-12-18,8.6312,8.6312,8.6312,8.6312,--,--,12448898537.33,14237759122.36,16.0673,
600273.SH,嘉化能源,2017-12-19,8.6312,8.6312,8.6312,8.6312,--,--,12448898537.33,14237759122.36,16.0673,
600273.SH,嘉化能源,2017-12-20,8.6312,8.6312,8.6312,8.6312,--,--,12448898537.33,14237759122.36,16.0673,
600273.SH,嘉化能源,2017-12-21,8.6312,8.6312,8.6312,8.6312,--,--,12448898537.33,14237759122.36,16.0673,
600273.SH,嘉化能源,2017-12-22,8.6312,8.6312,8.6312,8.6312,--,--,12448898537.33,14237759122.36,16.0673,
600273.SH,嘉化能源,2017-12-25,8.6312,8.6312,8.6312,8.6312,--,--,12448898537.33,14237759122.36,16.0673,
600273.SH,嘉化能源,2017-12-26,8.6312,8.6312,8.6312,8.6312,--,--,12448898537.33,14237759122.36,16.0673,
600273.SH,嘉化能源,2017-12-27,8.6312,8.6312,8.6312,8.6312,--,--,12448898537.33,14237759122.36,16.0673,
600273.SH,嘉化能源,2017-12-28,8.6312,8.6312,8.6312,8.6312,--,--,12448898537.33,14237759122.36,16.0673,
600273.SH,嘉化能源,2017-12-29,8.6312,8.6312,8.6312,8.6312,--,--,12448898537.33,14237759122.36,16.0673,
600273.SH,嘉化能源,2018-01-02,8.6312,8.6312,8.6312,8.6312,--,--,12448898537.33,14237759122.36,16.0673,
600273.SH,嘉化能源,2018-01-03,8.6312,8.6312,8.6312,8.6312,--,--,12448898537.33,14237759122.36,16.0673,
600273.SH,嘉化能源,2018-01-04,8.6312,8.6312,8.6312,8.6312,--,--,12448898537.33,14237759122.36,16.0673,
600273.SH,嘉化能源,2018-01-05,8.6312,8.6312,8.6312,8.6312,--,--,12448898537.33,14237759122.36,16.0673,
600273.SH,嘉化能源,2018-01-08,8.6312,8.6312,8.6312,8.6312,--,--,12448898537.33,14237759122.36,16.0673,
600273.SH,嘉化能源,2018-01-09,8.6312,8.6312,8.6312,8.6312,--,--,12448898537.33,14237759122.36,16.0673,
600273.SH,嘉化能源,2018-01-10,8.6312,8.6312,8.6312,8.6312,--,--,12448898537.33,14237759122.36,16.0673,
600273.SH,嘉化能源,2018-01-11,8.6312,8.6312,8.6312,8.6312,--,--,12448898537.33,14237759122.36,16.0673,
600273.SH,嘉化能源,2018-01-12,8.6312,8.6312,8.6312,8.6312,--,--,12448898537.33,14237759122.36,16.0673,
600273.SH,嘉化能源,2018-01-15,8.6312,8.6312,8.6312,8.6312,--,--,12448898537.33,14237759122.36,16.0673,
600273.SH,嘉化能源,2018-01-16,8.6312,8.6312,8.6312,8.6312,--,--,12448898537.33,14237759122.36,16.0673,
600273.SH,嘉化能源,2018-01-17,8.6312,8.6312,8.6312,8.6312,--,--,12448898537.33,14237759122.36,16.0673,
600273.SH,嘉化能源,2018-01-18,8.6312,8.6312,8.6312,8.6312,--,--,12448898537.33,14237759122.36,16.0673,
600273.SH,嘉化能源,2018-01-19,8.6312,8.6312,8.6312,8.6312,--,--,12448898537.33,14237759122.36,16.0673,
600273.SH,嘉化能源,2018-01-22,8.6312,8.6312,8.6312,8.6312,--,--,12448898537.33,14237759122.36,16.0673,
600273.SH,嘉化能源,2018-01-23,8.6312,8.6312,8.6312,8.6312,--,--,12448898537.33,14237759122.36,16.0673,
600273.SH,嘉化能源,2018-01-24,8.6312,8.6312,8.6312,8.6312,--,--,12448898537.33,14237759122.36,16.0673,
600273.SH,嘉化能源,2018-01-25,8.6312,8.6312,8.6312,8.6312,--,--,12448898537.33,14237759122.36,16.0673,
600273.SH,嘉化能源,2018-01-26,8.6312,8.6312,8.6312,8.6312,--,--,12448898537.33,14237759122.36,16.0673,
600273.SH,嘉化能源,2018-01-29,8.6312,8.6312,8.6312,8.6312,--,--,12448898537.33,14237759122.36,16.0673,
600273.SH,嘉化能源,2018-01-30,8.6312,8.6312,8.6312,8.6312,--,--,12448898537.33,14237759122.36,16.0673,
600273.SH,嘉化能源,2018-01-31,8.6312,8.6312,8.6312,8.6312,--,--,12448898537.33,14237759122.36,16.0673,
600273.SH,嘉化能源,2018-02-01,8.6312,8.6312,8.6312,8.6312,--,--,12448898537.33,14237759122.36,16.0673,
600273.SH,嘉化能源,2018-02-02,8.6312,8.6312,8.6312,8.6312,--,--,12448898537.33,14237759122.36,16.0673,
600273.SH,嘉化能源,2018-02-05,8.6312,8.6312,8.6312,8.6312,--,--,12448898537.33,14237759122.36,16.0673,
600273.SH,嘉化能源,2018-02-06,8.6312,8.6312,8.6312,8.6312,--,--,12448898537.33,14237759122.36,16.0673,
600273.SH,嘉化能源,2018-02-07,8.6312,8.6312,8.6312,8.6312,--,--,12448898537.33,14237759122.36,16.0673,
600273.SH,嘉化能源,2018-02-08,8.6312,8.6312,8.6312,8.6312,--,--,12448898537.33,14237759122.36,16.0673,
600273.SH,嘉化能源,2018-02-09,8.6312,8.6312,8.6312,8.6312,--,--,12448898537.33,14237759122.36,16.0673,
600273.SH,嘉化能源,2018-02-12,8.6312,8.6312,8.6312,8.6312,--,--,12448898537.33,14237759122.36,16.0673,
600273.SH,嘉化能源,2018-02-13,8.6312,8.6312,8.6312,8.6312,--,--,12448898537.33,14237759122.36,16.0673,
600273.SH,嘉化能源,2018-02-14,8.6312,8.6312,8.6312,8.6312,--,--,12448898537.33,14237759122.36,16.0673,
600273.SH,嘉化能源,2018-02-22,8.6312,8.6312,8.6312,8.6312,--,--,12448898537.33,14237759122.36,16.0673,
600273.SH,嘉化能源,2018-02-23,8.6312,8.6312,8.6312,8.6312,--,--,12448898537.33,14237759122.36,16.0673,
600273.SH,嘉化能源,2018-02-26,8.6312,8.6312,8.6312,8.6312,--,--,12448898537.33,14237759122.36,16.0673,
600273.SH,嘉化能源,2018-02-27,8.6312,8.6312,8.6312,8.6312,--,--,12448898537.33,14237759122.36,16.0673,
600273.SH,嘉化能源,2018-02-28,8.6312,8.6312,8.6312,8.6312,--,--,12448898537.33,14237759122.36,16.0673,
600273.SH,嘉化能源,2018-03-01,8.6312,8.6312,8.6312,8.6312,--,--,12448898537.33,14237759122.36,16.0673,
600273.SH,嘉化能源,2018-03-02,8.6312,8.6312,8.6312,8.6312,--,--,12448898537.33,14237759122.36,16.0673,
600273.SH,嘉化能源,2018-03-05,8.6312,8.6312,8.6312,8.6312,--,--,12448898537.33,14237759122.36,16.0673,
600273.SH,嘉化能源,2018-03-06,8.6312,8.6312,8.6312,8.6312,--,--,12448898537.33,14237759122.36,16.0673,
600273.SH,嘉化能源,2018-03-07,9.0569,9.0569,7.7708,8.3142,55144610,4.2215,11991698695.98,13714861358.16,15.4772,
600273.SH,嘉化能源,2018-03-08,8.1965,8.287,7.7527,7.7798,41273765,3.1596,11220990391.99,12833405127.08,14.4825,
600273.SH,嘉化能源,2018-03-09,7.7889,8.0878,7.7889,7.97,23260665,1.7807,11495310296.8,13147143785.6,14.8366,
600273.SH,嘉化能源,2018-03-12,7.9429,8.1602,7.9066,8.1421,18409033,1.4093,11743504496.39,13431002571.88,15.1569,
600273.SH,嘉化能源,2018-03-13,8.1059,8.3776,8.0968,8.2417,19331600,1.4799,11887195875.1,13595341869.2,15.3423,
600273.SH,嘉化能源,2018-03-14,8.2417,8.3776,8.1602,8.2508,12260302,0.9386,11900258727.71,13610281805.32,15.3592,
600273.SH,嘉化能源,2018-03-15,8.2417,8.3595,8.1965,8.2961,10593778,0.811,11965572990.76,13684981485.92,15.4435,
600273.SH,嘉化能源,2018-03-16,8.278,8.3142,8.2055,8.2146,6960947,0.5329,11848007317.27,13550522060.84,15.2918,
600273.SH,嘉化能源,2018-03-19,8.1965,8.2689,7.9882,8.2508,13290045,1.0174,11900258727.71,13610281805.32,15.3592,
600273.SH,嘉化能源,2018-03-20,8.1331,8.1602,7.9972,8.1421,8544209,0.6589,11658256407.85,13345754483.34,15.0607,
600273.SH,嘉化能源,2018-03-21,8.0968,8.2327,8.0606,8.1059,7472669,0.5762,11606384299.25,13286374040.7,14.9937,
600273.SH,嘉化能源,2018-03-22,8.1059,8.1512,8.0244,8.0334,4166952,0.3213,11502640082.05,13167613155.42,14.8597,
600273.SH,嘉化能源,2018-03-23,7.798,7.9429,7.4176,7.7436,11041834,0.8515,11087663213.25,12692569614.3,14.3236,
600273.SH,嘉化能源,2018-03-26,7.5715,7.6983,7.4266,7.5263,17881000,1.3789,10776430561.65,12336286958.46,13.9215,
600273.SH,嘉化能源,2018-03-27,7.5806,7.6802,7.5172,7.653,15230783,1.1745,10957982941.75,12544118507.7,14.156,
600273.SH,嘉化能源,2018-03-28,7.5625,7.6893,7.5172,7.6712,9832041,0.7582,10983918996.05,12573808729.02,14.1895,
600273.SH,嘉化能源,2018-03-29,7.6712,7.7617,7.6168,7.6349,8080900,0.6231,10932046887.45,12514428286.38,12.9211,
600273.SH,嘉化能源,2018-03-30,7.6893,7.7436,7.6621,7.6983,6590794,0.5082,11022823077.5,12618344061,13.0284,
600273.SH,嘉化能源,2018-04-02,7.6802,7.798,7.6802,7.7255,5548246,0.4278,11061727158.95,12662879392.98,13.0743,
600273.SH,嘉化能源,2018-04-03,7.6349,7.6983,7.5444,7.5896,8079088,0.623,10867206751.7,12440202733.08,12.8444,
600273.SH,嘉化能源,2018-04-04,7.6802,7.7074,7.5715,7.5896,5946200,0.4585,10867206751.7,12440202733.08,12.8444,
600273.SH,嘉化能源,2018-04-09,7.2455,7.5806,7.2455,7.4629,8707280,0.6714,10685654371.6,12232371183.84,12.6298,
600273.SH,嘉化能源,2018-04-10,7.4266,7.4629,7.327,7.3995,8292598,0.6395,10594878181.55,12128455409.22,12.5226,
600273.SH,嘉化能源,2018-04-11,7.4266,7.4629,7.3904,7.4266,4220900,0.3255,10633782263,12172990741.2,12.5685,
600273.SH,嘉化能源,2018-04-12,7.4176,7.4538,7.3361,7.4357,3885611,0.2996,10646750290.15,12187835851.86,12.5839,
600273.SH,嘉化能源,2018-04-13,7.4176,7.5353,7.3995,7.5081,5734141,0.4422,10750494507.35,12306596737.14,12.7065,
600273.SH,嘉化能源,2018-04-16,7.481,7.481,7.3632,7.3723,4847408,0.3738,10555974100.1,12083920077.24,12.4766,
600273.SH,嘉化能源,2018-04-17,7.3723,7.3723,7.3723,7.3723,--,--,10555974100.1,12083920077.24,12.4766,
600273.SH,嘉化能源,2018-04-18,7.3723,7.3723,7.3723,7.3723,--,--,10555974100.1,12083920077.24,12.4766,
600273.SH,嘉化能源,2018-04-19,7.3723,7.3723,7.3723,7.3723,--,--,10555974100.1,12083920077.24,12.4766,
600273.SH,嘉化能源,2018-04-20,7.3723,7.3723,7.3723,7.3723,--,--,10555974100.1,12083920077.24,12.4766,
600273.SH,嘉化能源,2018-04-23,7.2545,7.3451,6.8832,7.2183,14927878,1.1511,10335517638.55,11831553196.02,12.216,
600273.SH,嘉化能源,2018-04-24,7.1549,7.2817,7.1187,7.2183,5742337,0.4428,10335517638.55,11831553196.02,12.216,
600273.SH,嘉化能源,2018-04-25,7.173,7.2545,7.1187,7.2364,4984528,0.3844,10361453692.85,11861243417.34,12.2467,
600273.SH,嘉化能源,2018-04-26,7.2364,7.2364,7.0825,7.164,3611087,0.2785,10257709475.65,11742482532.06,12.124,
600273.SH,嘉化能源,2018-04-27,7.1549,7.2364,7.1096,7.173,4228800,0.3261,10270677502.8,11757327642.72,11.4766,
600273.SH,嘉化能源,2018-05-02,7.1459,7.2183,7.0644,7.1911,6587094,0.5079,10296613557.1,11787017864.04,11.5055,
600273.SH,嘉化能源,2018-05-03,7.1368,7.2274,7.0915,7.1821,7726845,0.5958,10283645529.95,11772172753.38,11.4911,
600273.SH,嘉化能源,2018-05-04,7.1821,7.4176,7.1368,7.4085,8085122,0.6235,10607846208.7,12143300519.88,11.8533,
600273.SH,嘉化能源,2018-05-07,7.3904,7.5353,7.3451,7.481,6991022,0.5391,10711590425.9,12262061405.16,11.9692,
600273.SH,嘉化能源,2018-05-08,7.5459,7.5459,7.4346,7.4531,3827882,0.2952,10413325801.45,11920623859.98,11.636,
600273.SH,嘉化能源,2018-05-09,7.4438,7.4995,7.3974,7.4531,2935970,0.2264,10413325801.45,11920623859.98,11.636,
600273.SH,嘉化能源,2018-05-10,7.4902,7.5367,7.3882,7.4438,4227858,0.326,10400357774.3,11905778749.32,11.6215,
600273.SH,嘉化能源,2018-05-11,7.4531,7.4995,7.416,7.4346,3008950,0.232,10387389747.15,11890933638.66,11.607,
600273.SH,嘉化能源,2018-05-14,7.4253,7.4995,7.4067,7.4067,3531427,0.2723,10348485665.7,11846398306.68,11.5635,
600273.SH,嘉化能源,2018-05-15,7.4067,7.5088,7.4067,7.4531,3150787,0.243,10413325801.45,11920623859.98,11.636,
600273.SH,嘉化能源,2018-05-16,7.4438,7.6016,7.4438,7.5552,5740185,0.4426,10555974100.1,12083920077.24,11.7954,
600273.SH,嘉化能源,2018-05-17,7.5552,7.7223,7.5274,7.6852,5398881,0.4163,10737526480.2,12291751626.48,11.9982,
600273.SH,嘉化能源,2018-05-18,7.6852,7.7223,7.6295,7.6666,4499287,0.347,10711590425.9,12262061405.16,11.9692,
600273.SH,嘉化能源,2018-05-21,7.6852,7.8708,7.6759,7.8244,6917568,0.5334,10932046887.45,12514428286.38,12.2156,
600273.SH,嘉化能源,2018-05-22,7.8151,7.8522,7.7409,7.778,3026133,0.2334,10867206751.7,12440202733.08,12.1431,
600273.SH,嘉化能源,2018-05-23,7.7687,7.7873,7.648,7.6573,4971648,0.3834,10698622398.75,12247216294.5,11.9548,
600273.SH,嘉化能源,2018-05-24,7.7037,7.7501,7.6109,7.6388,4184847,0.3227,10672686344.45,12217526073.18,11.9258,
600273.SH,嘉化能源,2018-05-25,7.6759,7.7316,7.6016,7.6295,2974757,0.2294,10659718317.3,12202680962.52,11.9113,
600273.SH,嘉化能源,2018-05-28,7.6295,7.6944,7.5367,7.5645,3391029,0.2615,10568942127.25,12098765187.9,11.8098,
600273.SH,嘉化能源,2018-05-29,7.5738,7.6852,7.5738,7.6295,3228200,0.2489,10659718317.3,12202680962.52,11.9113,
600273.SH,嘉化能源,2018-05-30,7.6388,7.6388,7.2675,7.3232,6986271,0.5387,10231773421.35,11712792310.74,11.4331,
600273.SH,嘉化能源,2018-05-31,7.4253,7.4253,7.3046,7.351,3965079,0.3058,10270677502.8,11757327642.72,11.4766,
600273.SH,嘉化能源,2018-06-01,7.3417,7.4717,7.3046,7.3789,3760817,0.29,10309581584.25,11801862974.7,11.52,
600273.SH,嘉化能源,2018-06-04,7.4253,7.4438,7.3417,7.3974,3898985,0.3007,10335517638.55,11831553196.02,11.549,
600273.SH,嘉化能源,2018-06-05,7.3789,7.4995,7.3603,7.4902,2858471,0.2204,10465197910.05,11980004302.62,11.6939,
600273.SH,嘉化能源,2018-06-06,7.4902,7.5181,7.4346,7.481,2889258,0.2228,10452229882.9,11965159191.96,11.6794,
600273.SH,嘉化能源,2018-06-07,7.481,7.5459,7.4438,7.5367,3108158,0.2397,10530038045.8,12054229855.92,11.7664,
600273.SH,嘉化能源,2018-06-08,7.5459,7.6759,7.5181,7.5552,4029076,0.3107,10555974100.1,12083920077.24,11.7954,
600273.SH,嘉化能源,2018-06-11,7.5459,7.7501,7.5367,7.7409,6932160,0.5346,10815334643.1,12380822290.44,12.0852,
600273.SH,嘉化能源,2018-06-12,7.7409,7.9822,7.7223,7.9729,9990667,0.7704,11139535321.85,12751950056.94,12.4474,
600273.SH,嘉化能源,2018-06-13,7.9729,7.9729,7.8244,7.8801,6220489,0.4797,11009855050.35,12603498950.34,12.3025,
600273.SH,嘉化能源,2018-06-14,7.8708,7.945,7.8058,7.8986,5679451,0.438,11035791104.65,12633189171.66,12.3315,
600273.SH,嘉化能源,2018-06-15,7.8801,7.9636,7.3046,7.9172,28722142,2.2148,11061727158.95,12662879392.98,12.3605,
600273.SH,嘉化能源,2018-06-19,7.6388,7.7965,7.4995,7.648,12544724,0.9674,10685654371.6,12232371183.84,11.9403,
600273.SH,嘉化能源,2018-06-20,7.5645,7.8708,7.5645,7.8058,10051966,0.7751,10906110833.15,12484738065.06,12.1866,
600273.SH,嘉化能源,2018-06-21,7.8151,7.9822,7.6759,7.8337,13889901,1.0711,10945014914.6,12529273397.04,12.2301,
600273.SH,嘉化能源,2018-06-22,7.778,8.0936,7.6666,8.0193,19856136,1.5312,11204375457.6,12826175610.24,12.5199,
600273.SH,嘉化能源,2018-06-25,7.9729,8.1121,7.8708,7.9729,11235965,0.8664,11139535321.85,12751950056.94,12.4474,
600273.SH,嘉化能源,2018-06-26,7.9265,8.0379,7.843,7.9636,6930771,0.5345,11126567294.7,12737104946.28,12.4329,
600273.SH,嘉化能源,2018-06-27,7.8986,8.1864,7.8894,8.1771,13076162,1.0083,11424831919.15,13078542491.46,12.7662,
600273.SH,嘉化能源,2018-06-28,8.1678,8.2977,8.0936,8.1957,12307397,0.9491,11450767973.45,13108232712.78,12.7952,
600273.SH,嘉化能源,2018-06-29,8.1678,8.4463,8.1678,8.4091,12561718,0.9687,11749032597.9,13449670257.96,13.1285,
600273.SH,嘉化能源,2018-07-02,8.3534,8.4091,7.5645,7.8708,42595545,3.2847,10996887023.2,12588653839.68,12.288,
600273.SH,嘉化能源,2018-07-03,7.7409,7.8058,7.3232,7.778,31934843,2.4626,10867206751.7,12440202733.08,12.1431,
600273.SH,嘉化能源,2018-07-04,7.6109,7.8244,7.5274,7.7873,18324245,1.413,10880174778.85,12455047843.74,12.1576,
600273.SH,嘉化能源,2018-07-05,7.7037,7.7965,7.4253,7.7316,13529004,1.0433,10802366615.95,12365977179.78,12.0707,
600273.SH,嘉化能源,2018-07-06,7.6573,7.7594,7.6016,7.6666,5494408,0.4237,10711590425.9,12262061405.16,11.9692,
600273.SH,嘉化能源,2018-07-09,7.6666,7.7501,7.5738,7.713,8765136,0.6759,10776430561.65,12336286958.46,12.0417,
600273.SH,嘉化能源,2018-07-10,7.6295,7.778,7.6295,7.7594,6019270,0.4642,10841270697.4,12410512511.76,12.1142,
600273.SH,嘉化能源,2018-07-11,7.6852,7.9079,7.6109,7.8986,10262585,0.7003,12471516940.54,12633189171.66,12.3315,
600273.SH,嘉化能源,2018-07-12,7.8244,8.2328,7.8244,8.14,9343913,0.6376,12852550360.58,13019162048.82,12.7083,
600273.SH,嘉化能源,2018-07-13,8.14,8.2142,7.9822,8.0286,10723300,0.7317,12676688782.1,12841020720.9,12.5344,
600273.SH,嘉化能源,2018-07-16,8.0286,8.14,7.9822,8.0657,5784201,0.3947,12735309308.26,12900401163.54,12.5923,
600273.SH,嘉化能源,2018-07-17,8.0936,8.2142,8.0379,8.2049,5912100,0.4034,12955136281.36,13123077823.44,12.8097,
600273.SH,嘉化能源,2018-07-18,8.1678,8.372,8.1492,8.2142,6926737,0.4726,12969791412.9,13137922934.1,12.8242,
600273.SH,嘉化能源,2018-07-19,8.2049,8.3998,8.0843,8.3256,11175047,0.7625,13145652991.38,13316064262.02,12.9981,
600273.SH,嘉化能源,2018-07-20,8.3534,8.8082,8.2885,8.7804,30963963,2.1128,13863754436.84,14043474684.36,13.7081,
600273.SH,嘉化能源,2018-07-23,8.7804,9.0032,8.6412,8.8732,30456874,2.0782,14010305752.24,14191925790.96,13.853,
600273.SH,嘉化能源,2018-07-24,8.8639,9.1702,8.7897,8.9846,28777845,1.9637,14186167330.72,14370067118.88,14.0269,
600273.SH,嘉化能源,2018-07-25,8.9011,8.9103,8.5948,8.6226,17301705,1.1806,13614617200.66,13791107803.14,13.4618,
600273.SH,嘉化能源,2018-07-26,8.6504,8.8268,8.5576,8.7247,15974437,1.09,13775823647.6,13954404020.4,13.6212,
600273.SH,嘉化能源,2018-07-27,8.6319,8.7247,8.604,8.6319,6225497,0.4248,13629272332.2,13805952913.8,13.4763,
600273.SH,嘉化能源,2018-07-30,8.6319,8.734,8.5855,8.6969,7356160,0.502,13731858252.98,13909868688.42,13.5777,
600273.SH,嘉化能源,2018-07-31,8.6783,8.734,8.4277,8.6226,10213953,0.697,13614617200.66,13791107803.14,13.4618,
600273.SH,嘉化能源,2018-08-01,8.5205,8.6504,8.5019,8.5948,7884000,0.538,13570651806.04,13746572471.16,13.4183,
600273.SH,嘉化能源,2018-08-02,8.604,8.604,8.2328,8.3813,23880468,1.6295,13233583780.62,13405134925.98,13.085,
600273.SH,嘉化能源,2018-08-03,8.3534,8.3998,8.0564,8.2421,16650960,1.1362,13013756807.52,13182458266.08,12.8677,
600273.SH,嘉化能源,2018-08-06,8.2421,8.2606,7.416,7.416,35401900,2.4157,11709450100.46,11861243417.34,11.578,
600273.SH,嘉化能源,2018-08-07,7.3139,7.4995,6.6828,7.4346,40496827,2.7633,11738760363.54,11890933638.66,11.607,
600273.SH,嘉化能源,2018-08-08,7.2396,7.4346,7.1283,7.3139,13914102,0.9494,11548243653.52,11697947200.08,10.7211,
600273.SH,嘉化能源,2018-08-09,7.3046,7.6109,6.5807,7.5831,22389337,1.5277,11973242468.18,12128455409.22,11.1157,
600273.SH,嘉化能源,2018-08-10,7.5181,7.8058,7.4438,7.7687,16591583,1.1321,12266345098.98,12425357622.42,11.3878,
600273.SH,嘉化能源,2018-08-13,7.6573,8.0007,7.5181,7.9636,10649885,0.7267,12574102861.32,12737104946.28,11.6735,
600273.SH,嘉化能源,2018-08-14,7.9543,8.2606,7.9172,8.2421,12549518,0.8563,13013756807.52,13182458266.08,12.0817,
600273.SH,嘉化能源,2018-08-15,8.2421,8.3627,8.1771,8.2885,13620200,0.9294,13087032465.22,13256683819.38,12.1497,
600273.SH,嘉化能源,2018-08-16,8.3163,8.4648,8.1678,8.4184,12980401,0.8857,13292204306.78,13464515368.62,12.3402,
600273.SH,嘉化能源,2018-08-17,8.4184,8.5298,8.3349,8.372,8737400,0.5962,13218928649.08,13390289815.32,12.2722,
600273.SH,嘉化能源,2018-08-20,8.372,8.4463,8.1307,8.2977,11553401,0.7884,13101687596.76,13271528930.04,12.1633,
600273.SH,嘉化能源,2018-08-21,8.3534,8.5112,8.2977,8.4555,20693572,1.412,13350824832.94,13523895811.26,12.3946,
600273.SH,嘉化能源,2018-08-22,8.4555,8.5948,8.437,8.5019,11097032,0.7572,13424100490.64,13598121364.56,12.4626,
600273.SH,嘉化能源,2018-08-23,8.5019,8.6133,8.4834,8.5484,10490330,0.7158,13497376148.34,13672346917.86,12.5307,
600273.SH,嘉化能源,2018-08-24,8.5669,9.3744,8.4091,8.6783,19531557,1.3327,13702547989.9,13880178467.1,12.7212,
600273.SH,嘉化能源,2018-08-27,8.8175,9.1888,8.4277,9.1052,38040442,2.5957,14376684040.74,14563053557.46,13.347,
600273.SH,嘉化能源,2018-08-28,9.1145,9.5972,9.0588,9.2445,35126640,2.3969,14596511013.84,14785730217.36,13.5511,
600273.SH,嘉化能源,2018-08-29,9.263,9.2723,8.8546,9.0867,19449439,1.3271,14347373777.66,14533363336.14,13.3198,
600273.SH,嘉化能源,2018-08-30,8.9846,9.0032,8.1771,8.3627,41219739,2.8126,13204273517.54,13375444704.66,12.2586,
600273.SH,嘉化能源,2018-08-31,8.3534,8.3534,7.5645,7.6388,28885132,1.971,12061173257.42,12217526073.18,11.1973,
600273.SH,嘉化能源,2018-09-03,7.7409,8.3998,7.7037,8.3813,38670327,2.7353,12766005657.93,12937556803.29,11.8572,
600273.SH,嘉化能源,2018-09-04,8.4091,8.4834,8.1492,8.2235,24021817,1.6992,12525671110.66,12693992610.98,11.634,
600273.SH,嘉化能源,2018-09-05,8.3534,8.3534,8.075,8.2421,13607848,0.9625,12553945763.28,12722647221.84,11.6603,
600273.SH,嘉化能源,2018-09-06,8.2513,8.3442,8.0843,8.1214,13228175,0.9357,12370160521.25,12536392251.25,11.4896,
600273.SH,嘉化能源,2018-09-07,8.1214,8.2328,7.945,8.1307,8746871,0.6187,12384297847.56,12550719556.68,11.5027,
600273.SH,嘉化能源,2018-09-10,8.1864,8.3442,7.8986,7.9822,9894933,0.6999,12158100626.6,12321482669.8,11.2926,
600273.SH,嘉化能源,2018-09-11,7.9915,8.2421,7.9915,8.1771,14908070,1.0545,12454984479.11,12622356083.83,11.5684,
600273.SH,嘉化能源,2018-09-12,8.1492,8.2606,8.1214,8.2142,4742458,0.3355,12511533784.35,12679665305.55,11.6209,
600273.SH,嘉化能源,2018-09-13,8.2235,8.3534,8.2142,8.3256,9199100,0.6507,12681181700.07,12851592970.71,11.7785,
600273.SH,嘉化能源,2018-09-14,8.3534,8.604,8.3534,8.5855,16527499,1.1691,13077026836.75,13252757522.75,12.1461,
600273.SH,嘉化能源,2018-09-17,8.5762,8.7711,8.4463,8.669,16728597,1.1833,13204262773.54,13381703271.62,12.2643,
600273.SH,嘉化能源,2018-09-18,8.6504,8.9567,8.5391,8.8546,22350308,1.5809,13487009299.74,13668249380.22,12.5269,
600273.SH,嘉化能源,2018-09-19,8.8454,9.0496,8.7711,9.0032,18687513,1.3219,13713206520.7,13897486267.1,12.737,
600273.SH,嘉化能源,2018-09-20,9.0032,9.4672,8.9289,9.1702,29656603,2.0978,13967678394.28,14155377764.84,12.9734,
600273.SH,嘉化能源,2018-09-21,9.1795,9.393,9.0681,9.3651,21413280,1.5147,14264562246.79,14456251178.87,13.2491,
600273.SH,嘉化能源,2018-09-25,9.328,9.3466,9.0774,9.1609,12084067,0.8548,13953541067.97,14141050459.41,12.9602,
600273.SH,嘉化能源,2018-09-26,9.1795,9.3373,9.1424,9.1795,9802615,0.6934,13981815720.59,14169705070.27,12.9865,
600273.SH,嘉化能源,2018-09-27,9.2922,9.3298,9.0198,9.1983,15076808,1.0665,13840442457.49,14026432015.97,12.8552,
600273.SH,嘉化能源,2018-09-28,9.2077,9.8184,9.0761,9.7338,42288640,2.9913,14646270057.16,14843088425.48,13.6037,
600273.SH,嘉化能源,2018-10-08,9.6305,9.715,9.4708,9.5741,19308035,1.3657,14405935509.89,14599524233.17,13.3804,
600273.SH,嘉化能源,2018-10-09,9.6305,9.6869,9.4802,9.5365,24001173,1.6977,14349386204.65,14542215011.45,13.3279,
600273.SH,嘉化能源,2018-10-10,9.5365,9.5929,9.3392,9.4614,20276000,1.4342,14236287594.17,14427596568.01,13.2229,
600273.SH,嘉化能源,2018-10-11,9.0198,9.4614,8.7097,8.7097,34584200,2.4463,13105301489.37,13281412133.61,12.1724,
600273.SH,嘉化能源,2018-10-12,8.503,8.7379,8.4279,8.597,23473474,1.6604,12935653573.65,13109484468.45,12.0148,
600273.SH,嘉化能源,2018-10-15,8.6158,8.6346,8.4372,8.55,16703944,1.1815,12864966942.1,13037847941.3,11.9492,
600273.SH,嘉化能源,2018-10-16,8.55,8.8037,8.4091,8.7379,25433423,1.799,13147713468.3,13324394049.9,12.2118,
600273.SH,嘉化能源,2018-10-17,8.7755,8.9728,8.6815,8.9446,21640189,1.5307,13458734647.12,13639594769.36,12.5007,
600273.SH,嘉化能源,2018-10-18,8.9164,8.954,8.6815,8.7097,18848475,1.3332,13105301489.37,13281412133.61,12.1724,
600273.SH,嘉化能源,2018-10-19,8.6627,8.9352,8.4748,8.8225,24183754,1.7106,13274949405.09,13453339798.77,12.33,
600273.SH,嘉化能源,2018-10-22,8.8788,9.3486,8.8413,9.2829,34475176,2.4386,13967678394.28,14155377764.84,12.9734,
600273.SH,嘉化能源,2018-10-23,9.2547,9.452,9.1325,9.311,23382042,1.6539,14010090373.21,14198359681.13,12.435,
600273.SH,嘉化能源,2018-10-24,9.311,9.3674,9.1419,9.311,22051257,1.5598,14010090373.21,14198359681.13,12.435,
600273.SH,嘉化能源,2018-10-25,9.1137,9.2735,8.9728,9.0198,22067713,1.561,13571833257.6,13754213212.8,12.046,
600273.SH,嘉化能源,2018-10-26,9.1043,9.358,9.0292,9.1513,27184495,1.9229,13769755825.94,13954795488.82,12.2217,
600273.SH,嘉化能源,2018-10-29,9.1513,9.1607,8.8788,8.9822,19953256,1.4114,13515283952.36,13696903991.08,11.9958,
600273.SH,嘉化能源,2018-10-30,9.0198,9.0386,8.8037,8.954,22927479,1.6218,13472871973.43,13653922074.79,11.9582,
600273.SH,嘉化能源,2018-10-31,8.9352,9.0292,8.7191,8.8225,18430835,1.3037,13274949405.09,13453339798.77,11.7825,
600273.SH,嘉化能源,2018-11-01,8.8037,8.9634,8.7191,8.9258,24686085,1.7462,13430459994.5,13610940158.5,11.9205,
600273.SH,嘉化能源,2018-11-02,8.9352,8.9446,8.7567,8.9352,22155215,1.5671,13444597320.81,13625267463.93,11.9331,
600273.SH,嘉化能源,2018-11-05,8.8694,9.0104,8.6909,8.9916,24346367,1.7221,13529421278.67,13711231296.51,12.0083,
600273.SH,嘉化能源,2018-11-06,8.9258,8.9258,8.6533,8.6815,19489900,1.3786,13062889510.44,13238430217.32,11.5943,
600273.SH,嘉化能源,2018-11-07,8.6627,8.7755,8.4654,8.55,17050184,1.206,12864966942.1,13037847941.3,11.4186,
600273.SH,嘉化能源,2018-11-08,8.5594,8.6064,8.2399,8.3433,28281376,2.0005,12553945763.28,12722647221.84,11.1425,
600273.SH,嘉化能源,2018-11-09,8.2775,8.3621,8.0332,8.0332,24401023,1.726,12087413995.05,12249846142.65,10.7285,
600273.SH,嘉化能源,2018-11-12,8.0802,8.099,7.8829,8.052,29764645,2.1054,12115688647.67,12278500753.51,10.7536,
600273.SH,嘉化能源,2018-11-13,7.9581,8.2024,7.9111,8.193,25753083,1.8216,12327748542.32,12493410334.96,10.9418,
600273.SH,嘉化能源,2018-11-14,8.2024,8.3997,8.1272,8.3057,20452358,1.4467,12497396458.04,12665338000.12,11.0923,
600273.SH,嘉化能源,2018-11-15,8.3057,8.4279,8.2399,8.3621,16807490,1.1889,12582220415.9,12751301832.7,11.1676,
600273.SH,嘉化能源,2018-11-16,8.3527,8.4842,8.2493,8.456,17346667,1.227,12723593679,12894574887,11.2931,
600273.SH,嘉化能源,2018-11-19,8.456,8.5688,8.3903,8.4654,16102846,1.139,12737731005.31,12908902192.43,11.3057,
600273.SH,嘉化能源,2018-11-20,8.456,8.5218,8.2869,8.4842,14637931,1.0354,12766005657.93,12937556803.29,11.3308,
600273.SH,嘉化能源,2018-11-21,8.3621,8.4466,8.2587,8.3151,21346041,1.5099,12511533784.35,12679665305.55,11.1049,
600273.SH,嘉化能源,2018-11-22,8.3151,8.5406,8.2681,8.5406,18988499,1.3431,12850829615.79,13023520635.87,11.406,
600273.SH,嘉化能源,2018-11-23,8.4936,8.5312,8.3527,8.4091,11526522,0.8153,12652907047.45,12822938359.85,11.2304,
600273.SH,嘉化能源,2018-11-26,8.4185,8.4185,8.2024,8.4091,11207900,0.7928,12652907047.45,12822938359.85,11.2304,
600273.SH,嘉化能源,2018-11-27,8.4185,8.4842,8.3527,8.4279,8564679,0.6058,12681181700.07,12851592970.71,11.2555,
600273.SH,嘉化能源,2018-11-28,8.456,8.5312,8.3339,8.456,11352239,0.803,12723593679,12894574887,11.2931,
600273.SH,嘉化能源,2018-11-29,8.4748,8.6815,8.4466,8.644,16399240,1.16,13006340205.2,13181120995.6,11.5441,
600273.SH,嘉化能源,2018-11-30,8.6064,8.8976,8.503,8.8225,15499014,1.0963,13274949405.09,13453339798.77,11.7825,
600273.SH,嘉化能源,2018-12-03,9.001,9.1607,8.86,9.0198,22705154,1.606,13571833257.6,13754213212.8,12.046,
600273.SH,嘉化能源,2018-12-04,8.9822,9.2077,8.8976,9.0198,17541094,1.2408,13571833257.6,13754213212.8,12.046,
600273.SH,嘉化能源,2018-12-05,8.9258,9.1137,8.8788,8.9352,22502919,1.5917,13444597320.81,13625267463.93,11.9331,
600273.SH,嘉化能源,2018-12-06,8.9352,9.0386,8.8413,8.9446,17381390,1.2295,13458734647.12,13639594769.36,11.9456,
600273.SH,嘉化能源,2018-12-07,8.9916,9.1983,8.8976,9.1137,19632522,1.3887,13713206520.7,13897486267.1,12.1715,
600273.SH,嘉化能源,2018-12-10,9.0949,9.0949,8.7943,8.9258,14671645,1.0378,13430459994.5,13610940158.5,11.9205,
600273.SH,嘉化能源,2018-12-11,8.9258,9.0386,8.8694,9.001,15470739,1.0943,13543558604.98,13725558601.94,12.0209,
600273.SH,嘉化能源,2018-12-12,9.0386,9.1325,8.9446,9.0198,10613365,0.7507,13571833257.6,13754213212.8,12.046,
600273.SH,嘉化能源,2018-12-13,9.0198,9.2359,9.001,9.2077,18986766,1.343,13854579783.8,14040759321.4,12.2969,
600273.SH,嘉化能源,2018-12-14,9.2077,9.452,9.1607,9.3486,30914233,2.1867,14066639678.45,14255668902.85,12.4852,
600273.SH,嘉化能源,2018-12-17,9.3674,9.5741,9.2547,9.4708,31560851,2.2324,14250424920.48,14441923873.44,12.6483,
600273.SH,嘉化能源,2018-12-18,9.405,9.7057,9.405,9.5835,42770864,3.0254,14420072836.2,14613851538.6,12.7989,
600273.SH,嘉化能源,2018-12-19,9.6023,9.6117,9.2453,9.2922,30446720,2.1536,13981815720.59,14169705070.27,12.4099,
600273.SH,嘉化能源,2018-12-20,9.311,9.3298,8.3621,8.3621,37899500,2.6808,12582220415.9,12751301832.7,11.1676,
600273.SH,嘉化能源,2018-12-21,7.5259,8.3527,7.5259,8.2775,104563053,7.3962,12454984479.11,12622356083.83,11.0547,
600273.SH,嘉化能源,2018-12-24,7.8453,8.0708,7.7983,7.8547,37192095,2.6308,11818804795.16,11977627339.48,10.49,
600273.SH,嘉化能源,2018-12-25,7.7608,7.9393,7.7044,7.7796,23115782,1.6351,11705706184.68,11863008896.04,10.3897,
600273.SH,嘉化能源,2018-12-26,7.7608,7.9205,7.7608,7.8171,23192959,1.6405,11762255489.92,11920318117.76,10.4399,
600273.SH,嘉化能源,2018-12-27,7.9111,8.597,7.9111,8.3527,57805183,4.0888,12568083089.59,12736974527.27,11.1551,
600273.SH,嘉化能源,2018-12-28,8.3057,8.6346,8.2587,8.4466,49504688,3.5017,12709456352.69,12880247581.57,11.2806,
600273.SH,嘉化能源,2019-01-02,8.3621,8.7379,8.1554,8.1742,16690500,1.1806,12299473889.7,12464755724.1,10.9167,
600273.SH,嘉化能源,2019-01-03,8.2024,8.2493,8.099,8.1742,11468327,0.8112,12299473889.7,12464755724.1,10.9167,
600273.SH,嘉化能源,2019-01-04,8.1272,8.2305,7.9017,8.2024,14561314,1.03,12341885868.63,12507737640.39,10.9543,
600273.SH,嘉化能源,2019-01-07,8.2024,8.4185,8.1554,8.3997,13947521,0.9866,12638769721.14,12808611054.42,11.2178,
600273.SH,嘉化能源,2019-01-08,8.3621,8.55,8.2963,8.3339,11672565,0.8257,12539808436.97,12708319916.41,11.13,
600273.SH,嘉化能源,2019-01-09,8.3621,8.7285,8.3245,8.644,24370998,1.7239,13006340205.2,13181120995.6,11.5441,
600273.SH,嘉化能源,2019-01-10,8.5782,8.6909,8.5594,8.6252,6856484,0.485,12978065552.58,13152466384.74,11.519,
600273.SH,嘉化能源,2019-01-11,8.6252,9.1701,8.503,8.8507,27561817,1.9496,13317361384.02,13496321715.06,11.8201,
600273.SH,嘉化能源,2019-01-14,8.8694,9.0198,8.5406,8.5782,18380172,1.3001,12907378921.03,13080829857.59,11.4562,
600273.SH,嘉化能源,2019-01-15,8.4936,8.6627,8.4091,8.4372,20986196,1.4845,12695319026.38,12865920276.14,11.268,
600273.SH,嘉化能源,2019-01-16,8.4654,8.503,8.2869,8.3433,16656837,1.1782,12553945763.28,12722647221.84,11.1425,
600273.SH,嘉化能源,2019-01-17,8.2869,8.456,8.2869,8.3433,10432906,0.738,12553945763.28,12722647221.84,11.1425,
600273.SH,嘉化能源,2019-01-18,8.3433,8.5876,8.3057,8.4654,8968351,0.6344,12737731005.31,12908902192.43,11.3057,
600273.SH,嘉化能源,2019-01-21,8.4936,8.597,8.4372,8.4466,10985560,0.7771,12709456352.69,12880247581.57,11.2806,
600273.SH,嘉化能源,2019-01-22,8.3809,8.644,8.3809,8.4466,5649325,0.3996,12709456352.69,12880247581.57,11.2806,
600273.SH,嘉化能源,2019-01-23,8.456,8.4936,8.4091,8.4936,4725396,0.3342,12780142984.24,12951884108.72,11.3433,
600273.SH,嘉化能源,2019-01-24,8.4936,8.7849,8.4091,8.7849,22046466,1.5595,13218400099.85,13396030577.05,11.7323,
600273.SH,嘉化能源,2019-01-25,8.8788,8.8788,8.456,8.4936,24620819,1.7415,12780142984.24,12951884108.72,11.3433,
600273.SH,嘉化能源,2019-01-28,8.456,8.5406,8.3433,8.3621,7839669,0.5545,12582220415.9,12751301832.7,11.1676,
600273.SH,嘉化能源,2019-01-29,8.3433,8.3903,7.9393,8.3715,12756619,0.9023,12596357742.21,12765629138.13,11.1802,
600273.SH,嘉化能源,2019-01-30,8.2869,8.4466,8.2869,8.3809,4476444,0.3166,12610495068.52,12779956443.56,11.1927,
600273.SH,嘉化能源,2019-01-31,8.3809,8.4372,8.2211,8.2869,6563098,0.4642,12469121805.42,12636683389.26,11.0673,
600273.SH,嘉化能源,2019-02-01,8.3151,8.3903,8.1366,8.3433,6587310,0.466,12553945763.28,12722647221.84,11.1425,
600273.SH,嘉化能源,2019-02-11,8.3715,8.4372,8.2963,8.4279,6728196,0.4759,12681181700.07,12851592970.71,11.2555,
600273.SH,嘉化能源,2019-02-12,8.4372,8.5688,8.3997,8.5688,11053567,0.7819,12893241594.72,13066502552.16,11.4437,
600273.SH,嘉化能源,2019-02-13,8.5594,8.644,8.5218,8.597,9813153,0.6941,12935653573.65,13109484468.45,11.4813,
600273.SH,嘉化能源,2019-02-14,8.5876,8.6533,8.5218,8.55,8175378,0.5783,12864966942.1,13037847941.3,11.4186,
600273.SH,嘉化能源,2019-02-15,8.5688,8.5876,8.4842,8.5218,5960411,0.4216,12822554963.17,12994866025.01,11.3809,
600273.SH,嘉化能源,2019-02-18,8.55,8.7097,8.5312,8.6721,16864955,1.1929,13048752184.13,13224102911.89,11.5817,
600273.SH,嘉化能源,2019-02-19,8.6815,8.7191,8.5406,8.5688,11569151,0.8183,12893241594.72,13066502552.16,11.4437,
600273.SH,嘉化能源,2019-02-20,8.5218,8.6721,8.5218,8.5876,9376502,0.6632,12921516247.34,13095157163.02,11.4688,
600273.SH,嘉化能源,2019-02-21,8.6064,8.6346,8.4372,8.5124,13077454,0.925,12808417636.86,12980538719.58,11.3684,
600273.SH,嘉化能源,2019-02-22,8.503,8.6721,8.4091,8.6064,14578064,1.0312,12949790899.96,13123811773.88,11.4939,
600273.SH,嘉化能源,2019-02-25,8.6252,9.4614,8.6064,9.2077,44052766,3.1161,13854579783.8,14040759321.4,12.2969,
600273.SH,嘉化能源,2019-02-26,9.2077,9.4238,9.0386,9.0386,34481868,2.4391,13600107910.22,13782867823.66,12.0711,
600273.SH,嘉化能源,2019-02-27,9.001,9.2453,8.8788,9.048,26087359,1.8453,13614245236.53,13797195129.09,12.0836,
600273.SH,嘉化能源,2019-02-28,9.1043,9.1889,8.907,9.0198,20498302,1.4499,13571833257.6,13754213212.8,12.046,
600273.SH,嘉化能源,2019-03-01,9.0198,9.1043,8.9446,9.0949,10768196,0.7617,13684931868.08,13868831656.24,12.1464,
600273.SH,嘉化能源,2019-03-04,9.0949,9.6587,9.0761,9.405,33427798,2.3645,14151463636.31,14341632735.43,12.5605,
600273.SH,嘉化能源,2019-03-05,9.405,9.5929,9.3392,9.4614,32375143,2.29,14236287594.17,14427596568.01,12.6357,
600273.SH,嘉化能源,2019-03-06,9.499,9.5647,9.358,9.452,26285113,1.8593,14222150267.86,14413269262.58,12.6232,
600273.SH,嘉化能源,2019-03-07,9.452,9.4896,9.2829,9.3392,31033922,2.1952,14052502352.14,14241341597.42,12.4726,
600273.SH,嘉化能源,2019-03-08,9.2077,9.4614,9.1607,9.311,38874072,2.7497,14010090373.21,14198359681.13,12.435,
600273.SH,嘉化能源,2019-03-11,9.3204,9.3956,9.1701,9.3486,32617842,2.3072,14066639678.45,14255668902.85,12.4852,
600273.SH,嘉化能源,2019-03-12,9.3674,9.5835,9.3486,9.4144,34398332,2.4332,14165600962.62,14355960040.86,12.573,
600273.SH,嘉化能源,2019-03-13,9.4238,10.2976,9.3862,10.0439,64725993,4.5784,15112801825.39,15315889504.67,13.4137,
600273.SH,嘉化能源,2019-03-14,10.0345,10.8049,9.9593,10.664,97710389,6.9115,16045865361.85,16261491663.05,14.2419,
600273.SH,嘉化能源,2019-03-15,10.7861,11.6505,10.7204,11.5942,86448542,6.1149,17445460666.54,17679894900.62,15.4841,
600273.SH,嘉化能源,2019-03-18,11.6787,12.7498,11.6787,12.7498,61717779,4.3656,19184351802.67,19442153468.51,17.0275,
600273.SH,嘉化能源,2019-03-19,13.1632,13.4827,11.9606,12.872,80573671,5.6994,19368137044.7,19628408439.1,17.1906,
600273.SH,嘉化能源,2019-03-20,12.4022,12.5431,12.0358,12.1297,40454389,2.8615,18251288266.21,18496551310.13,16.8123,
600273.SH,嘉化能源,2019-03-21,12.3834,12.4398,11.6881,11.9794,40707988,2.8795,18025091045.25,18267314423.25,16.604,
600273.SH,嘉化能源,2019-03-22,11.9794,12.1673,11.8009,11.9606,24766636,1.7519,17996816392.63,18238659812.39,16.5779,
600273.SH,嘉化能源,2019-03-25,11.8854,12.1485,11.7445,11.9418,27683142,1.9582,17968541740.01,18210005201.53,16.5519,
600273.SH,嘉化能源,2019-03-26,11.9418,12.0546,11.7915,11.8009,18974656,1.3422,17756481845.36,17995095620.08,16.3565,
600273.SH,嘉化能源,2019-03-27,11.8666,12.3458,11.7727,12.017,42719559,3.0218,18081640350.49,18324623644.97,16.656,
600273.SH,嘉化能源,2019-03-28,12.017,12.2988,11.7445,12.1861,42260760,2.9893,18336112224.07,18582515142.71,16.8905,
600273.SH,嘉化能源,2019-03-29,12.6935,12.9659,12.1391,12.2519,42590783,3.0126,18435073508.24,18682806280.72,16.9816,
600273.SH,嘉化能源,2019-04-01,12.2143,12.8344,12.1485,12.5431,59632749,4.2181,18873330623.85,19126952749.05,17.3853,
600273.SH,嘉化能源,2019-04-02,12.6747,13.1163,12.3082,12.9471,58933048,4.1686,19481235655.18,19743026882.54,17.9453,
600273.SH,嘉化能源,2019-04-03,12.7686,13.0693,12.6935,12.9189,41776845,2.9551,19438823676.25,19700044966.25,17.9062,
600273.SH,嘉化能源,2019-04-04,12.9283,14.178,12.9283,13.9525,62238135,4.4024,20993929570.35,21276048563.55,19.3387,
600273.SH,嘉化能源,2019-04-08,14.8357,15.3524,14.1122,15.3524,80099549,5.6658,23100391190.54,23410817072.62,21.2791,
600273.SH,嘉化能源,2019-04-09,15.1269,15.2866,14.1216,14.845,53500756,3.7844,22336975569.8,22637142579.4,20.5759,
600273.SH,嘉化能源,2019-04-10,14.8357,16.3296,14.6571,15.9725,82625599,5.8445,24033454727,24356419231,22.1386,
600273.SH,嘉化能源,2019-04-11,15.9725,16.8463,14.7511,14.7511,89072503,6.3005,22195602306.7,22493869525.1,20.4457,
600273.SH,嘉化能源,2019-04-12,15.1551,15.2303,14.1216,14.4222,75251348,5.3229,21700795885.85,21992413835.05,19.9899,
600273.SH,嘉化能源,2019-04-15,14.8732,15.0142,14.2813,14.3753,60936808,4.3103,21630109254.3,21920777307.9,19.9247,
600273.SH,嘉化能源,2019-04-16,14.3471,14.9484,14.131,14.7605,42824466,3.0292,22209739633.01,22508196830.53,20.4587,
600273.SH,嘉化能源,2019-04-17,14.7511,16.1135,14.6571,15.7658,84132877,5.9511,23722433548.18,24041218511.54,21.8521,
600273.SH,嘉化能源,2019-04-18,15.6907,16.245,15.3336,15.4933,64701576,4.5766,23312451085.19,23625726654.07,21.4745,
600273.SH,嘉化能源,2019-04-19,15.5027,15.6437,14.7699,15.3148,64265589,4.5458,23043841885.3,23353507850.9,20.3829,
600273.SH,嘉化能源,2019-04-22,15.2209,15.5403,14.9108,15.343,37126976,2.6262,23086253864.23,23396489767.19,20.4205,
600273.SH,嘉化能源,2019-04-23,15.2678,15.3148,13.8115,13.8115,54760885,3.8735,20781869675.7,21061138982.1,18.3822,
600273.SH,嘉化能源,2019-04-24,13.7646,14.1874,13.5766,13.9994,47269416,3.3436,21064616201.9,21347685090.7,18.6323,
600273.SH,嘉化能源,2019-04-25,13.9994,14.1122,12.5995,12.6841,58009218,4.1033,19085390518.5,19341862330.5,16.8816,
600273.SH,嘉化能源,2019-04-26,12.7686,12.9565,12.1203,12.2707,39621605,2.8026,18463348160.86,18711460891.58,16.3314,
600273.SH,嘉化能源,2019-04-29,12.3552,12.6559,11.8103,12.0546,46041545,3.2567,18138189655.73,18381932866.69,16.0437,
600273.SH,嘉化能源,2019-04-30,12.0639,12.2049,11.8103,12.0733,39260208,2.7771,18166464308.35,18410587477.55,16.0688,
600273.SH,嘉化能源,2019-05-06,11.6224,11.6224,10.8707,10.8707,31906270,2.2569,16356886540.67,16576692382.51,14.4681,
600273.SH,嘉化能源,2019-05-07,10.8519,11.0774,10.3352,10.5607,50412513,3.5659,15890354772.44,16103891303.32,14.0555,
600273.SH,嘉化能源,2019-05-08,10.1754,10.7486,10.0721,10.5607,35880330,2.538,15890354772.44,16103891303.32,14.0555,
600273.SH,嘉化能源,2019-05-09,10.3897,10.6556,10.1903,10.2473,29324956,2.0743,15254175088.49,15459162558.97,13.4928,
600273.SH,嘉化能源,2019-05-10,10.5322,10.969,10.1143,10.8551,51377687,3.6342,16158963972.33,16376110106.49,14.2931,
600273.SH,嘉化能源,2019-05-13,10.6556,10.6936,10.3802,10.5132,25505228,1.8041,15650020225.17,15860327111.01,13.8429,
600273.SH,嘉化能源,2019-05-14,10.3232,10.6746,10.3232,10.5227,24907030,1.7618,15664157551.48,15874654416.44,13.8554,
600273.SH,嘉化能源,2019-05-15,10.6366,11.5768,10.6366,11.5768,54378718,3.8465,17233400771.89,17464985319.17,15.2434,
600273.SH,嘉化能源,2019-05-16,11.9757,12.3936,11.4439,11.6148,90207145,6.3808,17289950077.13,17522294540.89,15.2935,
600273.SH,嘉化能源,2019-05-17,11.4914,11.5293,10.6366,10.893,53333825,3.7726,16215513277.57,16433419328.21,14.3431,
600273.SH,嘉化能源,2019-05-20,10.8076,10.8836,10.3137,10.6651,38010268,2.6886,15876217446.13,16089563997.89,14.043,
600273.SH,嘉化能源,2019-05-21,10.6556,10.9975,10.6461,10.8836,39760060,2.8124,16201375951.26,16419092022.78,14.3306,
600273.SH,嘉化能源,2019-05-22,10.931,11.0165,10.5132,10.6461,29473807,2.0848,15847942793.51,16060909387.03,14.018,
600273.SH,嘉化能源,2019-05-23,10.5322,10.7411,10.3042,10.3612,27369328,1.936,15423823004.21,15631090224.13,13.6428,
600273.SH,嘉化能源,2019-05-24,10.3137,10.969,10.2852,10.6176,44409308,3.1413,15805530814.58,16017927470.74,13.9804,
600273.SH,嘉化能源,2019-05-27,10.6366,11.1685,10.5037,10.9785,35048514,2.4791,16342749214.36,16562365077.08,14.4556,
600273.SH,嘉化能源,2019-05-28,10.9025,11.045,10.6366,10.7221,32866343,2.3248,15961041403.99,16175527830.47,14.118,
600273.SH,嘉化能源,2019-05-29,10.6556,10.9025,10.5796,10.7221,22568246,1.5964,15961041403.99,16175527830.47,14.118,
600273.SH,嘉化能源,2019-05-30,10.6556,10.8171,10.4277,10.5607,23649037,1.6728,15720706856.72,15931963638.16,13.9054,
600273.SH,嘉化能源,2019-05-31,10.5796,11.14,10.5607,10.7981,41274042,2.9195,16074140014.47,16290146273.91,14.218,
600273.SH,嘉化能源,2019-06-03,10.8266,10.9215,10.3897,10.3992,35552623,2.5148,15480372309.45,15688399445.85,13.6928,
600273.SH,嘉化能源,2019-06-04,10.3992,10.4752,10.1333,10.2852,29339479,2.0753,15310724393.73,15516471780.69,13.5428,
600273.SH,嘉化能源,2019-06-05,10.3992,10.4562,9.8389,10.0193,38565920,2.728,14914879257.05,15115307228.65,13.1926,
600273.SH,嘉化能源,2019-06-06,10.1143,10.3042,9.9718,10.0288,33597601,2.3765,14929016583.36,15129634534.08,13.2051,
600273.SH,嘉化能源,2019-06-10,10.1523,10.1523,9.5825,9.9339,22729954,1.6078,14787643320.26,14986361479.78,13.0801,
600273.SH,嘉化能源,2019-06-11,9.8959,10.7126,9.8579,10.5891,47827792,3.3831,15763118835.65,15974945554.45,13.9429,
600273.SH,嘉化能源,2019-06-12,10.5607,10.6651,10.3137,10.3992,31555542,2.2321,15480372309.45,15688399445.85,13.6928,
600273.SH,嘉化能源,2019-06-13,10.3612,11.1685,10.2757,10.9975,58778914,4.1577,16371023866.98,16591019687.94,14.4806,
600273.SH,嘉化能源,2019-06-14,11.007,11.007,10.2947,10.3517,43948016,3.1087,15409685677.9,15616762918.7,13.6303,
600273.SH,嘉化能源,2019-06-17,10.3612,10.5702,10.2568,10.3992,20031302,1.4169,15480372309.45,15688399445.85,13.6928,
600273.SH,嘉化能源,2019-06-18,10.3707,10.6366,10.3137,10.4942,18795177,1.3295,15621745572.55,15831672500.15,13.8179,
600273.SH,嘉化能源,2019-06-19,10.9025,10.969,10.5417,10.6176,44493624,3.1472,15805530814.58,16017927470.74,13.9804,
600273.SH,嘉化能源,2019-06-20,10.6366,11.102,10.5227,10.9785,48432344,3.4258,16342749214.36,16562365077.08,14.4556,
600273.SH,嘉化能源,2019-06-21,11.026,11.197,10.8836,11.0355,39495177,2.7937,16427573172.22,16648328909.66,14.5307,
600273.SH,嘉化能源,2019-06-24,11.0735,11.1115,10.893,10.969,24365355,1.7235,16328611888.05,16548037771.65,14.4431,
600273.SH,嘉化能源,2019-06-25,10.912,10.9405,10.6081,10.7506,27648864,1.9557,16003453382.92,16218509746.76,14.1555,
600273.SH,嘉化能源,2019-06-26,10.7221,10.8741,10.5796,10.7601,19328667,1.3672,16017590709.23,16232837052.19,14.168,
600273.SH,嘉化能源,2019-06-27,10.8361,11.2349,10.7886,11.064,42200455,2.985,16469985151.15,16691310825.95,14.5682,
600273.SH,嘉化能源,2019-06-28,11.0925,11.102,10.7411,10.9785,21482261,1.5195,16342749214.36,16562365077.08,14.4556,
600273.SH,嘉化能源,2019-07-01,11.2919,11.5388,11.0355,11.4249,48736279,3.4473,17007203550.93,17235748432.29,15.0434,
600273.SH,嘉化能源,2019-07-02,11.3774,11.5388,11.2159,11.3679,33987774,2.4041,16922379593.07,17149784599.71,14.9683,
600273.SH,嘉化能源,2019-07-03,11.3014,11.3014,11.0925,11.2064,22059347,1.5604,16682045045.8,16906220407.4,14.7557,
600273.SH,嘉化能源,2019-07-04,11.2159,11.2349,10.95,11.083,21948418,1.5525,16498259803.77,16719965436.81,14.5932,
600273.SH,嘉化能源,2019-07-05,11.045,11.159,10.9405,11.083,15713219,1.1115,16498259803.77,16719965436.81,14.5932,
600273.SH,嘉化能源,2019-07-08,11.045,11.064,10.3232,10.4182,33112666,2.3422,15508646962.07,15717054056.71,13.7178,
600273.SH,嘉化能源,2019-07-09,10.5132,10.6366,10.4277,10.5512,20158393,1.4259,15706569530.41,15917636332.73,13.8929,
600273.SH,嘉化能源,2019-07-10,10.5891,10.6651,10.4657,10.5322,15969693,1.1296,15678294877.79,15888981721.87,13.8679,
600273.SH,嘉化能源,2019-07-11,10.5702,10.7316,10.3992,10.5322,16429004,1.1621,15678294877.79,15888981721.87,13.8679,
600273.SH,嘉化能源,2019-07-12,10.4657,10.6366,10.4562,10.5417,13637055,0.9646,15692432204.1,15903309027.3,13.8804,
600273.SH,嘉化能源,2019-07-15,10.5037,10.7316,10.3232,10.6271,17551875,1.2415,15819668140.89,16032254776.17,13.993,
600273.SH,嘉化能源,2019-07-16,10.5417,10.8266,10.5417,10.8266,21904244,1.5494,16116551993.4,16333128190.2,14.2556,
600273.SH,嘉化能源,2019-07-17,10.8266,10.912,10.6841,10.7601,13356987,0.9448,16017590709.23,16232837052.19,14.168,
600273.SH,嘉化能源,2019-07-18,10.6841,10.6841,10.3422,10.3517,20576324,1.4555,15409685677.9,15616762918.7,13.6303,
600273.SH,嘉化能源,2019-07-19,10.4847,10.7221,10.4562,10.5037,21244959,1.5028,15635882898.86,15845999805.58,13.8304,
600273.SH,嘉化能源,2019-07-22,10.5037,10.5512,9.9623,10.2568,19367407,1.3699,15268312414.8,15473489864.4,13.5053,
600273.SH,嘉化能源,2019-07-23,10.1713,10.3612,10.1713,10.3232,9544024,0.6751,15367273698.97,15573781002.41,13.5928,
600273.SH,嘉化能源,2019-07-24,10.3612,10.6366,10.3422,10.5417,15124098,1.0698,15692432204.1,15903309027.3,13.8804,
600273.SH,嘉化能源,2019-07-25,10.5227,10.6081,10.4467,10.4752,11654445,0.8244,15593470919.93,15803017889.29,13.7929,
600273.SH,嘉化能源,2019-07-26,10.4847,10.5227,10.3327,10.3992,9511505,0.6728,15480372309.45,15688399445.85,13.6928,
600273.SH,嘉化能源,2019-07-29,10.4372,10.4467,10.2378,10.2947,9924131,0.702,15324861720.04,15530799086.12,13.5553,
600273.SH,嘉化能源,2019-07-30,10.2662,10.5702,10.2662,10.4752,13991972,0.9897,15593470919.93,15803017889.29,13.7929,
600273.SH,嘉化能源,2019-07-31,10.4277,10.4752,10.3137,10.3327,9505052,0.6723,15381411025.28,15588108307.84,13.6053,
600273.SH,嘉化能源,2019-08-01,10.3042,10.3612,10.1713,10.2473,11623094,0.8222,15254175088.49,15459162558.97,13.4928,
600273.SH,嘉化能源,2019-08-02,9.9813,10.1143,9.9054,10.0668,13380401,0.9465,14985565888.6,15186943755.8,13.2552,
600273.SH,嘉化能源,2019-08-05,10.0193,10.1143,9.8294,9.8674,12723436,0.9,14688682036.09,14886070341.77,12.9926,
600273.SH,嘉化能源,2019-08-06,9.6964,9.6964,8.8797,8.8797,54415028,3.849,13218400099.85,13396030577.05,11.6921,
600273.SH,嘉化能源,2019-08-07,8.9177,9.0221,8.6328,8.8607,30294869,2.1429,13190125447.23,13367375966.19,11.667,
600273.SH,嘉化能源,2019-08-08,8.8322,8.9462,8.7942,8.8702,18866236,1.3345,13204262773.54,13381703271.62,11.6795,
600273.SH,嘉化能源,2019-08-09,8.8702,8.9937,8.7277,8.8607,17017933,1.2038,13190125447.23,13367375966.19,11.667,
600273.SH,嘉化能源,2019-08-12,8.8132,9.0411,8.7847,9.0126,16896833,1.1952,13416322668.19,13596612853.07,11.8671,
600273.SH,嘉化能源,2019-08-13,8.9937,9.554,8.9272,9.402,35597933,2.518,13995953046.9,14184032375.7,12.3798,
600273.SH,嘉化能源,2019-08-14,9.497,9.8294,9.497,9.535,29123081,2.06,14193875615.24,14384614651.72,12.5549,
600273.SH,嘉化能源,2019-08-15,9.4875,9.8389,9.3355,9.8009,26174574,1.8515,14589720751.92,14785779203.76,12.905,
600273.SH,嘉化能源,2019-08-16,9.8199,9.9244,9.6679,9.7819,19987349,1.4138,14561446099.3,14757124592.9,12.88,
600273.SH,嘉化能源,2019-08-19,9.8104,10.0193,9.7819,9.9433,19116383,1.3522,14801780646.57,15000688785.21,13.0926,
600273.SH,嘉化能源,2019-08-20,10.0573,10.0668,9.7249,9.8674,17111692,1.2104,14688682036.09,14886070341.77,12.9926,
600273.SH,嘉化能源,2019-08-21,9.7724,9.9813,9.7344,9.8674,13110940,0.9274,14688682036.09,14886070341.77,12.9926,
600273.SH,嘉化能源,2019-08-22,9.9149,9.9718,9.7534,9.8294,9743848,0.6892,14632132730.85,14828761120.05,12.9425,
600273.SH,嘉化能源,2019-08-23,9.8294,9.8579,9.6774,9.7059,8609174,0.609,14448347488.82,14642506149.46,12.78,
600273.SH,嘉化能源,2019-08-26,9.6394,9.9908,9.383,9.8104,28432052,2.0111,14603858078.23,14800106509.19,12.9175,
600273.SH,嘉化能源,2019-08-27,9.8864,10.2852,9.8864,9.9718,33870660,2.3958,14844192625.5,15043670701.5,12.8595,
600273.SH,嘉化能源,2019-08-28,9.9908,10.0573,9.8769,9.9149,13728252,0.9711,14759368667.64,14957706868.92,12.7861,
600273.SH,嘉化能源,2019-08-29,9.9528,9.9718,9.8104,9.9244,10646449,0.7531,14773505993.95,14972034174.35,12.7983,
600273.SH,嘉化能源,2019-08-30,9.9813,10.1808,9.9244,10.1238,22219130,1.5717,15070389846.46,15272907588.38,13.0555,
600273.SH,嘉化能源,2019-09-02,10.1143,10.1808,9.6869,9.9528,32086999,2.2697,14815917972.88,15015016090.64,12.835,
600273.SH,嘉化能源,2019-09-03,9.9054,9.9623,9.7249,9.7819,21315976,1.5078,14561446099.3,14757124592.9,12.6146,
600273.SH,嘉化能源,2019-09-04,9.7439,9.9813,9.7249,9.9813,15167977,1.0729,14858329951.81,15057998006.93,12.8718,
600273.SH,嘉化能源,2019-09-05,10.0193,10.4942,9.9718,10.3517,35482499,2.5098,15409685677.9,15616762918.7,13.3494,
600273.SH,嘉化能源,2019-09-06,10.4942,11.0355,10.3707,10.9405,34409814,2.434,16286199909.12,16505055855.36,14.1088,
600273.SH,嘉化能源,2019-09-09,11.102,11.5673,10.8266,11.5388,43561125,3.0813,17176851466.65,17407676097.45,14.8803,
600273.SH,嘉化能源,2019-09-10,11.6338,11.7383,11.3964,11.5673,30665899,2.1691,17219263445.58,17450658013.74,14.9171,
600273.SH,嘉化能源,2019-09-11,11.6243,12.4221,11.5673,12.0612,42317361,2.9933,17954404413.7,18195677896.1,15.5539,
600273.SH,嘉化能源,2019-09-12,11.9757,12.0232,11.6338,11.9187,28489204,2.0152,17742344519.05,17980768314.65,15.3702,
600273.SH,嘉化能源,2019-09-16,12.0992,12.2796,11.8522,11.9757,22990164,1.6262,17827168476.91,18066732147.23,15.4437,
600273.SH,嘉化能源,2019-09-17,11.9662,12.0517,11.2824,11.5104,34834159,2.464,17134439487.72,17364694181.16,14.8436,
600273.SH,嘉化能源,2019-09-18,11.7288,11.7383,11.3489,11.4724,23682741,1.6752,17077890182.48,17307384959.44,14.7946,
600273.SH,嘉化能源,2019-09-19,11.4724,11.4914,10.8836,11.2064,27121611,1.9184,16682045045.8,16906220407.4,14.4517,
600273.SH,嘉化能源,2019-09-20,11.4249,11.4629,10.969,11.045,27841223,1.9693,16441710498.53,16662656215.09,14.2435,
600273.SH,嘉化能源,2019-09-23,11.0355,11.045,10.5227,10.7126,30575020,2.1627,15946904077.68,16161200525.04,13.8148,
600273.SH,嘉化能源,2019-09-24,10.7791,10.9215,10.6651,10.7886,24610498,1.7408,16060002688.16,16275818968.48,13.9128,
600273.SH,嘉化能源,2019-09-25,10.6936,10.7126,10.4087,10.4467,22991917,1.6263,15551058941,15760035973,13.4719,
600273.SH,嘉化能源,2019-09-26,10.5607,10.5607,10.1048,10.2947,24734336,1.7496,15324861720.04,15530799086.12,13.2759,
600273.SH,嘉化能源,2019-09-27,10.3042,10.4467,10.2568,10.3042,13455400,0.9518,15338999046.35,15545126391.55,13.2882,
600273.SH,嘉化能源,2019-09-30,10.3042,10.3707,10.0288,10.0478,10983460,0.7769,14957291235.98,15158289144.94,12.9575,
600273.SH,嘉化能源,2019-10-08,10.0288,10.2568,9.573,10.0953,22601441,1.5987,15027977867.53,15229925672.09,13.0188,
600273.SH,嘉化能源,2019-10-09,9.9718,10.1333,9.8389,10.1048,12291719,0.8695,15042115193.84,15244252977.52,13.031,
600273.SH,嘉化能源,2019-10-10,10.1143,10.3992,10.0383,10.2378,16516057,1.1683,15240037762.18,15444835253.54,13.2025,
600273.SH,嘉化能源,2019-10-11,10.1998,10.3042,10.1238,10.1618,15422746,1.0909,15126939151.7,15330216810.1,13.1045,
600273.SH,嘉化能源,2019-10-14,10.3327,10.4562,10.1523,10.3137,22864424,1.6173,15353136372.66,15559453696.98,13.3004,
600273.SH,嘉化能源,2019-10-15,10.2378,10.2947,9.8104,9.8484,25162684,1.7799,14660407383.47,14857415730.91,12.7003,
600273.SH,嘉化能源,2019-10-16,9.8677,10.0702,9.8484,9.858,13262221,0.9381,14448347488.82,14642506149.46,12.5166,
600273.SH,嘉化能源,2019-10-17,9.858,9.9738,9.7326,9.8484,8178427,0.5785,14434210162.51,14628178844.03,12.5044,
600273.SH,嘉化能源,2019-10-18,9.8484,9.9063,9.3372,9.4529,28585024,2.022,13854579783.8,14040759321.4,12.0022,
600273.SH,嘉化能源,2019-10-21,9.4143,9.4336,9.1249,9.2311,22729992,1.6078,13529421278.67,13711231296.51,11.7206,
600273.SH,嘉化能源,2019-10-22,9.3372,9.4625,9.1346,9.424,20687148,1.4633,13812167804.87,13997777405.11,11.9655,
600273.SH,嘉化能源,2019-10-23,9.395,9.4818,9.26,9.3179,11753340,0.8314,13656657215.46,13840177045.38,11.8308,
600273.SH,嘉化能源,2019-10-24,9.3275,9.4143,9.2118,9.2986,12351952,0.8737,13628382562.84,13811522434.52,11.8063,
600273.SH,嘉化能源,2019-10-25,9.3275,9.5301,9.3082,9.424,15035052,1.0635,13812167804.87,13997777405.11,11.7897,
600273.SH,嘉化能源,2019-10-28,9.4143,9.6169,9.3854,9.6072,18205640,1.2878,14080777004.76,14269996208.28,12.019,
600273.SH,嘉化能源,2019-10-29,9.5204,9.6072,9.4336,9.4722,13587589,0.9611,13882854436.42,14069413932.26,11.8501,
600273.SH,嘉化能源,2019-10-30,9.4529,9.4625,9.2793,9.2986,10074560,0.7126,13628382562.84,13811522434.52,11.6329,
600273.SH,嘉化能源,2019-10-31,9.395,9.4433,9.2793,9.3275,10967423,0.7758,13670794541.77,13854504350.81,11.6691,
600273.SH,嘉化能源,2019-11-01,9.3275,9.4336,9.1925,9.3372,10498734,0.7426,13684931868.08,13868831656.24,11.6811,
600273.SH,嘉化能源,2019-11-04,9.3757,9.4529,9.3275,9.3661,9359360,0.662,13727343847.01,13911813572.53,11.7173,
600273.SH,嘉化能源,2019-11-05,9.3854,9.395,9.1635,9.2696,15094864,1.0677,13585970583.91,13768540518.23,11.5967,
600273.SH,嘉化能源,2019-11-06,9.3082,9.395,9.2118,9.2407,10738524,0.7596,13543558604.98,13725558601.94,11.5605,
600273.SH,嘉化能源,2019-11-07,9.2407,9.3179,9.1925,9.2793,10740311,0.7597,13600107910.22,13782867823.66,11.6087,
600273.SH,嘉化能源,2019-11-08,9.3468,9.4047,9.2118,9.2407,11764674,0.8322,13543558604.98,13725558601.94,11.5605,
600273.SH,嘉化能源,2019-11-11,9.1635,9.1635,8.7198,8.8066,18777061,1.3282,12907378921.03,13080829857.59,11.0174,
600273.SH,嘉化能源,2019-11-12,8.7584,8.8742,8.7102,8.8549,9393533,0.6644,12978065552.58,13152466384.74,11.0778,
600273.SH,嘉化能源,2019-11-13,8.8645,9.2311,8.8452,9.0671,23105300,1.6343,13289086731.4,13467667104.2,11.3433,
600273.SH,嘉化能源,2019-11-14,9.1057,9.1249,8.9224,8.961,11726307,0.8295,13133576141.99,13310066744.47,11.2105,
600273.SH,嘉化能源,2019-11-15,9.0285,9.0285,8.7777,8.7777,10086300,0.7135,12864966942.1,13037847941.3,10.9812,
600273.SH,嘉化能源,2019-11-18,8.8259,8.8838,8.7488,8.8066,8399218,0.5941,12907378921.03,13080829857.59,11.0174,
600273.SH,嘉化能源,2019-11-19,8.8549,9.0864,8.7873,9.0381,16673622,1.1794,13246674752.47,13424685187.91,11.3071,
600273.SH,嘉化能源,2019-11-20,8.9513,9.0574,8.8163,8.8259,14775964,1.0452,12935653573.65,13109484468.45,11.0416,
600273.SH,嘉化能源,2019-11-21,8.7777,8.8356,8.7584,8.797,8996417,0.6364,12893241594.72,13066502552.16,11.0054,
600273.SH,嘉化能源,2019-11-22,8.797,8.8645,8.6137,8.6619,15459544,1.0935,12695319026.38,12865920276.14,10.8364,
600273.SH,嘉化能源,2019-11-25,8.6812,8.7873,8.4497,8.7681,13768887,0.9739,12850829615.79,13023520635.87,10.9692,
600273.SH,嘉化能源,2019-11-26,8.8163,8.8163,8.5558,8.5558,11982430,0.8476,12539808436.97,12708319916.41,10.7037,
600273.SH,嘉化能源,2019-11-27,8.5944,8.7777,8.5558,8.7102,11990782,0.8482,12766005657.93,12937556803.29,10.8968,
600273.SH,嘉化能源,2019-11-28,8.7198,8.9127,8.6619,8.7873,13576821,0.9604,12879104268.41,13052175246.73,10.9933,
600273.SH,嘉化能源,2019-11-29,8.7873,8.8549,8.633,8.8066,13367094,0.9455,12907378921.03,13080829857.59,11.0174,
600273.SH,嘉化能源,2019-12-02,8.8549,9.2986,8.8259,9.2986,33471476,2.3676,13628382562.84,13811522434.52,11.6329,
600273.SH,嘉化能源,2019-12-03,9.1925,9.5204,9.1346,9.5011,31421147,2.2226,13925266415.35,14112395848.55,11.8863,
600273.SH,嘉化能源,2019-12-04,9.395,9.723,9.395,9.5011,26788510,1.8949,13925266415.35,14112395848.55,11.8863,
600273.SH,嘉化能源,2019-12-05,9.5301,9.6169,9.4529,9.5204,17833481,1.2614,13953541067.97,14141050459.41,11.9104,
600273.SH,嘉化能源,2019-12-06,9.5108,9.6748,9.4915,9.6169,15685300,1.1095,14094914331.07,14284323513.71,12.0311,
600273.SH,嘉化能源,2019-12-09,9.7423,9.8387,9.4625,9.5108,18606258,1.3161,13939403741.66,14126723153.98,11.8984,
600273.SH,嘉化能源,2019-12-10,9.5301,9.5687,9.3757,9.5301,15741810,1.1135,13967678394.28,14155377764.84,11.9225,
600273.SH,嘉化能源,2019-12-11,9.5397,9.7616,9.4625,9.6458,20264062,1.4334,14137326310,14327305430,12.0673,
600273.SH,嘉化能源,2019-12-12,9.6555,9.723,9.5301,9.5879,18122186,1.2819,14052502352.14,14241341597.42,11.9949,
600273.SH,嘉化能源,2019-12-13,9.6555,9.7326,9.5976,9.6555,22043554,1.5592,14151463636.31,14341632735.43,12.0794,
600273.SH,嘉化能源,2019-12-16,9.8291,9.9931,9.7616,9.8966,23173683,1.6392,14504896794.06,14699815371.18,12.381,
600273.SH,嘉化能源,2019-12-17,9.8966,10.0124,9.8002,9.9641,22305591,1.5778,14603858078.23,14800106509.19,12.4655,
600273.SH,嘉化能源,2019-12-18,9.9063,10.321,9.8966,10.2053,26413872,1.8684,14957291235.98,15158289144.94,12.7672,
600273.SH,嘉化能源,2019-12-19,10.2246,10.4175,10.1667,10.2921,21130166,1.4946,15084527172.77,15287234893.81,12.8758,
600273.SH,嘉化能源,2019-12-20,10.2824,10.3596,10.0509,10.0702,16956131,1.1994,14759368667.64,14957706868.92,12.5983,
600273.SH,嘉化能源,2019-12-23,10.0124,10.2535,9.8387,9.858,16240221,1.1487,14448347488.82,14642506149.46,12.3328,
600273.SH,嘉化能源,2019-12-24,9.8677,10.5139,9.8387,10.4175,34590569,2.4468,15268312414.8,15473489864.4,13.0327,
600273.SH,嘉化能源,2019-12-25,10.4175,10.7744,10.3403,10.5139,32015924,2.2646,15409685677.9,15616762918.7,13.1534,
600273.SH,嘉化能源,2019-12-26,10.7069,11.4592,10.4657,11.0059,49045977,3.4693,16130689319.71,16347455495.63,13.7688,
600273.SH,嘉化能源,2019-12-27,10.8805,11.0638,10.6104,10.62,36921917,2.6117,15565196267.31,15774363278.43,13.2861,
600273.SH,嘉化能源,2019-12-30,10.7069,10.8708,10.5139,10.7937,27243041,1.927,15819668140.89,16032254776.17,13.5033,
600273.SH,嘉化能源,2019-12-31,10.7647,11.0541,10.6972,10.8515,21866390,1.5467,15904492098.75,16118218608.75,13.5757,
600273.SH,嘉化能源,2020-01-02,10.8515,11.112,10.8515,10.9287,30113061,2.13,16017590709.23,16232837052.19,13.6722,
600273.SH,嘉化能源,2020-01-03,10.9094,11.2374,10.9094,11.083,33739716,2.3866,16243787930.19,16462073939.07,13.8653,
600273.SH,嘉化能源,2020-01-06,11.083,11.1313,10.8901,10.9577,29395785,2.0793,16060002688.16,16275818968.48,13.7084,
600273.SH,嘉化能源,2020-01-07,10.9577,11.0155,10.813,10.9384,26699197,1.8886,16031728035.54,16247164357.62,13.6843,
600273.SH,嘉化能源,2020-01-08,10.8805,10.9191,10.0509,10.2053,70146455,4.9618,14957291235.98,15158289144.94,12.7672,
600273.SH,嘉化能源,2020-01-09,10.3596,10.5043,10.2342,10.2728,31103198,2.2001,15056252520.15,15258580282.95,12.8517,
600273.SH,嘉化能源,2020-01-10,10.3403,10.4754,10.1474,10.3017,23896898,1.6903,15098664499.08,15301562199.24,12.8879,
600273.SH,嘉化能源,2020-01-13,10.2728,10.4754,10.2439,10.4657,17932013,1.2684,15338999046.35,15545126391.55,13.093,
600273.SH,嘉化能源,2020-01-14,10.4175,10.7069,10.4175,10.5525,22234855,1.5728,15466234983.14,15674072140.42,13.2016,
600273.SH,嘉化能源,2020-01-15,10.5429,10.6297,10.3982,10.4368,14917913,1.0552,15296587067.42,15502144475.26,13.0568,
600273.SH,嘉化能源,2020-01-16,10.4078,10.7647,10.3403,10.6104,24647660,1.7434,15551058941,15760035973,13.274,
600273.SH,嘉化能源,2020-01-17,10.7069,10.7262,10.3982,10.4947,21402767,1.5139,15381411025.28,15588108307.84,13.1292,
600273.SH,嘉化能源,2020-01-20,10.4947,10.5525,10.1088,10.3114,27664483,1.9568,15112801825.39,15315889504.67,12.8999,
600273.SH,嘉化能源,2020-01-21,10.3114,10.35,10.0702,10.1281,20591566,1.4565,14844192625.5,15043670701.5,12.6707,
600273.SH,嘉化能源,2020-01-22,10.1378,10.1378,9.7616,10.0124,25867104,1.8297,14674544709.78,14871743036.34,12.5259,
600273.SH,嘉化能源,2020-01-23,10.0124,10.0509,9.4529,9.6169,31640953,2.2381,14094914331.07,14284323513.71,12.0311,
600273.SH,嘉化能源,2020-02-03,8.6523,8.6523,8.6523,8.6523,7330000,0.5185,12681181700.07,12851592970.71,10.8244,
600273.SH,嘉化能源,2020-02-04,8.2954,8.9706,8.2858,8.8259,42845491,3.0307,12935653573.65,13109484468.45,11.0416,
600273.SH,嘉化能源,2020-02-05,8.9224,9.5494,8.8934,9.5108,50084739,3.5427,13939403741.66,14126723153.98,11.8984,
600273.SH,嘉化能源,2020-02-06,9.6072,10.022,9.2793,9.8291,56697625,4.0105,14405935509.89,14599524233.17,12.2966,
600273.SH,嘉化能源,2020-02-07,10.1088,10.2246,9.6555,9.8966,54864391,3.8808,14504896794.06,14699815371.18,12.381,
600273.SH,嘉化能源,2020-02-10,10.1281,10.2149,9.8002,10.0509,41400444,2.9284,14731094015.02,14929052258.06,12.5741,
600273.SH,嘉化能源,2020-02-11,9.9352,10.0027,9.694,9.7423,37363601,2.6429,14278699573.1,14470578484.3,12.188,
600273.SH,嘉化能源,2020-02-12,9.8387,9.9641,9.7519,9.9255,29544351,2.0898,14547308772.99,14742797287.47,12.4172,
600273.SH,嘉化能源,2020-02-13,9.8773,9.9931,9.6651,9.694,24687607,1.7463,14208012941.55,14398941957.15,12.1276,
600273.SH,嘉化能源,2020-02-14,9.723,9.7905,9.5687,9.6651,20314404,1.4369,14165600962.62,14355960040.86,12.0914,
600273.SH,嘉化能源,2020-02-17,9.723,9.9738,9.723,9.9545,25937223,1.8347,14589720751.92,14785779203.76,12.4534,
600273.SH,嘉化能源,2020-02-18,9.9448,10.1763,9.8484,10.1474,43747055,3.0944,14872467278.12,15072325312.36,12.6948,
600273.SH,嘉化能源,2020-02-19,10.2824,10.2824,9.8194,9.8194,35926136,2.5412,14391798183.58,14585196927.74,12.2845,
600273.SH,嘉化能源,2020-02-20,9.858,10.8033,9.858,10.7069,91646660,6.4826,15692432204.1,15903309027.3,13.3947,
600273.SH,嘉化能源,2020-02-21,10.62,10.9673,10.5236,10.8805,63618893,4.5001,15946904077.68,16161200525.04,13.6119,
600273.SH,嘉化能源,2020-02-24,10.9769,11.6039,10.8226,11.3435,75513272,5.3414,16625495740.56,16848911185.68,14.1911,
600273.SH,嘉化能源,2020-02-25,10.9769,11.5268,10.7744,11.1892,61269159,4.3339,16399298519.6,16619674298.8,13.9981,
600273.SH,嘉化能源,2020-02-26,10.9866,11.112,10.5236,10.5525,53885635,3.8116,15466234983.14,15674072140.42,13.2016,
600273.SH,嘉化能源,2020-02-27,10.6104,10.784,10.4561,10.4947,31083347,2.1987,15381411025.28,15588108307.84,13.1292,
600273.SH,嘉化能源,2020-02-28,10.0509,10.1956,9.5011,9.6265,56251174,3.9789,14109051657.38,14298650819.14,12.0432,
600273.SH,嘉化能源,2020-03-02,9.7519,10.0509,9.7037,9.9931,31194366,2.2065,14646270057.16,14843088425.48,12.5017,
600273.SH,嘉化能源,2020-03-03,10.1281,10.4754,10.0317,10.2149,39971984,2.8274,14971428562.29,15172616450.37,12.7793,
600273.SH,嘉化能源,2020-03-04,10.1185,10.3017,10.0124,10.3017,22604313,1.5989,15098664499.08,15301562199.24,12.8879,
600273.SH,嘉化能源,2020-03-05,10.4368,10.4947,10.2439,10.3693,27073422,1.915,15197625783.25,15401853337.25,12.9723,
600273.SH,嘉化能源,2020-03-06,10.3114,10.3789,10.1474,10.2921,24742713,1.7502,15084527172.77,15287234893.81,12.8758,
600273.SH,嘉化能源,2020-03-09,10.0124,10.0124,9.6072,9.6072,41856018,2.9607,14080777004.76,14269996208.28,12.019,
600273.SH,嘉化能源,2020-03-10,9.4529,9.9255,9.4529,9.8677,28472185,2.014,14462484815.13,14656833454.89,12.3448,
600273.SH,嘉化能源,2020-03-11,9.8966,9.9641,9.6844,9.694,21732390,1.5372,14208012941.55,14398941957.15,12.1276,
600273.SH,嘉化能源,2020-03-12,9.5687,9.6651,9.4818,9.6362,18532496,1.3109,14123188983.69,14312978124.57,12.0552,
600273.SH,嘉化能源,2020-03-13,8.9706,9.6844,8.9706,9.4915,27962941,1.978,13911129089.04,14098068543.12,11.8742,
600273.SH,嘉化能源,2020-03-16,9.5397,9.5976,8.8066,8.8066,30252184,2.1399,12907378921.03,13080829857.59,11.0174,
600273.SH,嘉化能源,2020-03-17,8.8645,9.0671,8.5944,8.8934,20383417,1.4418,13034614857.82,13209775606.46,11.126,
600273.SH,嘉化能源,2020-03-18,9.0092,9.0574,8.633,8.6427,21336923,1.5093,12667044373.76,12837265665.28,10.8123,
600273.SH,嘉化能源,2020-03-19,8.6523,8.9224,8.5269,8.8549,19810819,1.4013,12978065552.58,13152466384.74,11.0778,
600273.SH,嘉化能源,2020-03-20,8.8838,8.9706,8.7391,8.8838,15106811,1.0686,13020477531.51,13195448301.03,11.114,
600273.SH,嘉化能源,2020-03-23,8.6619,8.7584,8.5076,8.5462,15205410,1.0756,12525671110.66,12693992610.98,10.6916,
600273.SH,嘉化能源,2020-03-24,8.6812,8.7391,8.4787,8.6716,14946705,1.0573,12709456352.69,12880247581.57,10.8485,
600273.SH,嘉化能源,2020-03-25,8.8259,8.9224,8.7391,8.8549,18940889,1.3398,12978065552.58,13152466384.74,11.0778,
600273.SH,嘉化能源,2020-03-26,8.7873,8.961,8.7488,8.7681,16621652,1.1757,12850829615.79,13023520635.87,10.9692,
600273.SH,嘉化能源,2020-03-27,8.8549,8.8742,8.6619,8.6909,15204414,1.0755,12737731005.31,12908902192.43,10.8726,
600273.SH,嘉化能源,2020-03-30,8.5366,8.5751,8.3243,8.4883,18501725,1.3087,12440847152.8,12608028778.4,10.6192,
600273.SH,嘉化能源,2020-03-31,8.5655,8.6041,8.4497,8.5076,10018700,0.7087,12469121805.42,12636683389.26,10.6434,
600273.SH,嘉化能源,2020-04-01,8.469,8.5848,8.4497,8.498,8615995,0.6095,12454984479.11,12622356083.83,10.6313,
600273.SH,嘉化能源,2020-04-02,8.4112,8.7777,8.4112,8.7681,14037529,0.9929,12850829615.79,13023520635.87,10.9692,
600273.SH,嘉化能源,2020-04-03,8.7681,8.7681,8.5751,8.5944,10108873,0.715,12596357742.21,12765629138.13,10.752,
600273.SH,嘉化能源,2020-04-07,8.7295,8.797,8.6909,8.7488,13742842,0.9721,12822554963.17,12994866025.01,10.945,
600273.SH,嘉化能源,2020-04-08,8.6909,8.8259,8.6619,8.7488,14813763,1.0478,12822554963.17,12994866025.01,10.945,
600273.SH,嘉化能源,2020-04-09,8.8259,8.8452,8.7488,8.7681,10046606,0.7106,12850829615.79,13023520635.87,10.9692,
600273.SH,嘉化能源,2020-04-10,8.7777,8.8549,8.6909,8.7198,12444603,0.8803,12780142984.24,12951884108.72,10.9088,
600273.SH,嘉化能源,2020-04-13,8.7295,8.7488,8.5848,8.6619,7492859,0.53,12695319026.38,12865920276.14,10.8364,
600273.SH,嘉化能源,2020-04-14,8.7681,8.7873,8.6812,8.7681,10176301,0.7198,12850829615.79,13023520635.87,10.9692,
600273.SH,嘉化能源,2020-04-15,8.8163,8.932,8.7488,8.8742,19115976,1.3522,13006340205.2,13181120995.6,11.1019,
600273.SH,嘉化能源,2020-04-16,8.7873,8.8742,8.7681,8.8066,10648881,0.7532,12907378921.03,13080829857.59,11.0174,
600273.SH,嘉化能源,2020-04-17,8.8066,8.9127,8.7488,8.7584,15635764,1.106,12836692289.48,13009193330.44,10.6027,
600273.SH,嘉化能源,2020-04-20,8.8549,8.8549,8.6812,8.8066,12483335,0.883,12907378921.03,13080829857.59,10.6611,
600273.SH,嘉化能源,2020-04-21,8.7391,8.797,8.5558,8.6234,15699681,1.1105,12638769721.14,12808611054.42,10.4392,
600273.SH,嘉化能源,2020-04-22,8.5558,8.6234,8.5173,8.6137,9586128,0.6781,12624632394.83,12794283748.99,10.4275,
600273.SH,嘉化能源,2020-04-23,8.6427,8.6619,8.4787,8.5173,11024509,0.7798,12483259131.73,12651010694.69,10.3107,
600273.SH,嘉化能源,2020-04-24,8.5269,8.9513,8.5269,8.6041,32600209,2.306,12610495068.52,12779956443.56,10.4158,
600273.SH,嘉化能源,2020-04-27,8.5173,8.5558,8.3919,8.4208,17134692,1.212,12341885868.63,12507737640.39,10.194,
600273.SH,嘉化能源,2020-04-28,8.4112,8.4401,8.1411,8.2279,15437300,1.092,12059139342.43,12221191531.79,10.8098,
600273.SH,嘉化能源,2020-04-29,8.1989,8.3243,8.17,8.2665,8626764,0.6102,12115688647.67,12278500753.51,10.8605,
600273.SH,嘉化能源,2020-04-30,8.3243,8.4787,8.2568,8.4015,15103061,1.0683,12313611216.01,12479083029.53,11.0379,
600273.SH,嘉化能源,2020-05-06,8.3436,8.5462,8.2954,8.4883,15126731,1.07,12440847152.8,12608028778.4,11.152,
600273.SH,嘉化能源,2020-05-07,8.4883,8.5173,8.3919,8.4112,10774706,0.7621,12327748542.32,12493410334.96,11.0506,
600273.SH,嘉化能源,2020-05-08,8.4304,8.6234,8.4208,8.5848,17020365,1.2039,12582220415.9,12751301832.7,11.2787,
600273.SH,嘉化能源,2020-05-11,8.633,8.7488,8.5269,8.6041,14999788,1.061,12610495068.52,12779956443.56,11.3041,
600273.SH,嘉化能源,2020-05-12,8.6137,8.6234,8.469,8.5655,7941136,0.5617,12553945763.28,12722647221.84,11.2534,
600273.SH,嘉化能源,2020-05-13,8.5558,8.5558,8.4594,8.5173,8165265,0.5776,12483259131.73,12651010694.69,11.19,
600273.SH,嘉化能源,2020-05-14,8.4787,8.4787,8.2954,8.3147,14262361,1.0088,12186375279.22,12350137280.66,10.9239,
600273.SH,嘉化能源,2020-05-15,8.3436,8.3822,8.2761,8.3051,8826295,0.6243,12172237952.91,12335809975.23,10.9112,
600273.SH,嘉化能源,2020-05-18,8.3243,8.334,8.1797,8.2182,10433178,0.738,12045002016.12,12206864226.36,10.7971,
600273.SH,嘉化能源,2020-05-19,8.2761,8.334,8.2086,8.2568,8930123,0.6317,12101551321.36,12264173448.08,10.8478,
600273.SH,嘉化能源,2020-05-20,8.2279,8.2472,8.1797,8.1893,7682684,0.5434,12002590037.19,12163882310.07,10.7591,
600273.SH,嘉化能源,2020-05-21,8.2279,8.2472,8.1797,8.2086,6398724,0.4526,12030864689.81,12192536920.93,10.7845,
600273.SH,嘉化能源,2020-05-22,8.2279,8.2279,8.0832,8.0832,10411720,0.7365,11847079447.78,12006281950.34,10.6197,
600273.SH,嘉化能源,2020-05-25,8.0736,8.1025,8.0253,8.0446,6423939,0.4544,11790530142.54,11948972728.62,10.569,
600273.SH,嘉化能源,2020-05-26,8.0736,8.2375,8.0639,8.1893,8344613,0.5903,12002590037.19,12163882310.07,10.7591,
600273.SH,嘉化能源,2020-05-27,8.1893,8.1989,8.1218,8.1507,6538184,0.4625,11946040731.95,12106573088.35,10.7084,
600273.SH,嘉化能源,2020-05-28,8.17,8.2086,8.0446,8.1507,8271810,0.5851,11946040731.95,12106573088.35,10.7084,
600273.SH,嘉化能源,2020-05-29,8.1507,8.2761,8.0253,8.0253,11456036,0.8103,11762255489.92,11920318117.76,10.5437,
600273.SH,嘉化能源,2020-06-01,8.1025,8.2858,8.1025,8.2761,13086767,0.9257,12129825973.98,12292828058.94,10.8732,
600273.SH,嘉化能源,2020-06-02,8.2954,8.5366,8.2568,8.4787,17846312,1.2624,12426709826.49,12593701472.97,11.1393,
600273.SH,嘉化能源,2020-06-03,8.4787,8.5173,8.4208,8.4208,10876123,0.7693,12341885868.63,12507737640.39,11.0633,
600273.SH,嘉化能源,2020-06-04,8.4208,8.5751,8.3822,8.5366,20486686,1.4491,12511533784.35,12679665305.55,11.2153,
600273.SH,嘉化能源,2020-06-05,8.5464,8.5857,8.4678,8.5366,10447871,0.739,12285336563.39,12450428418.67,11.0126,
600273.SH,嘉化能源,2020-06-08,8.5366,8.6151,8.4776,8.5071,11079187,0.7837,12242924584.46,12407446502.38,10.9746,
600273.SH,嘉化能源,2020-06-09,8.5169,8.566,8.4874,8.5562,7421112,0.5249,12313611216.01,12479083029.53,11.0379,
600273.SH,嘉化能源,2020-06-10,8.5464,8.5464,8.3499,8.4481,10956730,0.775,12158100626.6,12321482669.8,10.8985,
600273.SH,嘉化能源,2020-06-11,8.458,8.5071,8.3499,8.3696,9549877,0.6755,12045002016.12,12206864226.36,10.7971,
600273.SH,嘉化能源,2020-06-12,8.2418,8.3008,8.1829,8.2517,13621101,0.9635,11875354100.4,12034936561.2,10.6451,
600273.SH,嘉化能源,2020-06-15,8.2418,8.3696,8.2026,8.2517,8913661,0.6305,11875354100.4,12034936561.2,10.6451,
600273.SH,嘉化能源,2020-06-16,8.3008,8.3401,8.2615,8.3401,7495387,0.5302,12002590037.19,12163882310.07,10.7591,
600273.SH,嘉化能源,2020-06-17,8.3401,8.3597,8.2517,8.3303,8896200,0.6293,11988452710.88,12149555004.64,10.7465,
600273.SH,嘉化能源,2020-06-18,8.3008,8.6937,8.2124,8.5562,26578742,1.88,12313611216.01,12479083029.53,11.0379,
600273.SH,嘉化能源,2020-06-19,8.5857,8.6643,8.4973,8.625,12850203,0.909,12412572500.18,12579374167.54,11.1266,
600273.SH,嘉化能源,2020-06-22,8.625,8.6839,8.5857,8.5857,11134175,0.7876,12356023194.94,12522064945.82,11.0759,
600273.SH,嘉化能源,2020-06-23,8.5955,8.625,8.4973,8.4973,9528438,0.674,12228787258.15,12393119196.95,10.9619,
600273.SH,嘉化能源,2020-06-24,8.5562,8.5562,8.4088,8.4383,8800347,0.6225,12143963300.29,12307155364.37,10.8859,
600273.SH,嘉化能源,2020-06-29,8.4187,8.625,8.3401,8.5562,16770934,1.1863,12313611216.01,12479083029.53,11.0379,
600273.SH,嘉化能源,2020-06-30,8.5758,8.6741,8.5169,8.5857,12791198,0.9048,12356023194.94,12522064945.82,11.0759,
600273.SH,嘉化能源,2020-07-01,8.5955,8.6446,8.5464,8.5955,10496782,0.7425,12370160521.25,12536392251.25,11.0886,
600273.SH,嘉化能源,2020-07-02,8.625,8.7625,8.5758,8.7428,21744871,1.5381,12582220415.9,12751301832.7,11.2787,
600273.SH,嘉化能源,2020-07-03,8.792,9.0768,8.7428,8.9983,27442187,1.9411,12949790899.96,13123811773.88,11.6082,
600273.SH,嘉化能源,2020-07-06,9.0867,9.4796,9.0867,9.4501,33910880,2.3987,13600107910.22,13782867823.66,12.1911,
600273.SH,嘉化能源,2020-07-07,9.6073,9.6073,9.2438,9.2537,32690231,2.3123,13317361384.02,13496321715.06,11.9377,
600273.SH,嘉化能源,2020-07-08,9.2831,9.735,9.1456,9.6466,36398021,2.5746,13882854436.42,14069413932.26,12.4446,
600273.SH,嘉化能源,2020-07-09,9.6662,9.9609,9.6073,9.7547,38030384,2.6901,14038365025.83,14227014291.99,12.584,
600273.SH,嘉化能源,2020-07-10,9.7547,9.8332,9.5484,9.5484,24438109,1.7286,13741481173.32,13926140877.96,12.3179,
600273.SH,嘉化能源,2020-07-13,9.5484,9.8824,9.4796,9.8431,30283964,2.1137,14355960040.86,14355960040.86,12.698,
600273.SH,嘉化能源,2020-07-14,9.8038,10.5012,9.7645,10.4914,57093307,3.9849,15301562199.24,15301562199.24,13.5344,
600273.SH,嘉化能源,2020-07-15,10.5504,11.0808,10.4226,10.8156,68549840,4.7846,15774363278.43,15774363278.43,13.9526,
600273.SH,嘉化能源,2020-07-16,10.7566,10.8058,10.2164,10.2753,40701019,2.8408,14986361479.78,14986361479.78,13.2556,
600273.SH,嘉化能源,2020-07-17,10.236,10.4521,10.0494,10.2065,22439839,1.5662,14886070341.77,14886070341.77,13.1669,
600273.SH,嘉化能源,2020-07-20,10.3048,10.8451,10.3048,10.6191,24961105,1.7422,15487817169.83,15487817169.83,13.6992,
600273.SH,嘉化能源,2020-07-21,10.8058,10.8647,10.5405,10.6879,25504655,1.7801,15588108307.84,15588108307.84,13.7879,
600273.SH,嘉化能源,2020-07-22,10.6486,11.7488,10.6486,11.3068,58467613,4.0809,16490728549.93,16490728549.93,14.5863,
600273.SH,嘉化能源,2020-07-23,11.3068,12.0435,11.2871,11.5425,72014849,5.0264,16834583880.25,16834583880.25,14.8904,
600273.SH,嘉化能源,2020-07-24,11.7586,11.8569,11.0906,11.2085,46253170,3.2283,16347455495.63,16347455495.63,14.4596,
600273.SH,嘉化能源,2020-07-27,11.2969,11.9453,11.2969,11.847,57589848,4.0196,17278730348.58,17278730348.58,15.2833,
600273.SH,嘉化能源,2020-07-28,11.8667,12.8883,11.8667,12.8785,74221594,5.1804,18783097418.73,18783097418.73,16.6139,
600273.SH,嘉化能源,2020-07-29,12.5936,12.9571,12.515,12.9178,41610150,2.9043,18840406640.45,18840406640.45,16.6646,
600273.SH,嘉化能源,2020-07-30,12.9473,13.2027,12.4757,12.849,48431945,3.3804,18740115502.44,18740115502.44,16.5759,
600273.SH,嘉化能源,2020-07-31,12.7999,12.9178,12.5838,12.7999,33726499,2.354,18668478975.29,18668478975.29,16.5125,
600273.SH,嘉化能源,2020-08-03,13.1339,13.1437,12.5838,12.7508,34688704,2.4212,18596842448.14,18596842448.14,16.4492,
600273.SH,嘉化能源,2020-08-04,12.741,13.1437,12.682,12.9767,30245694,2.1111,18926370473.03,18926370473.03,16.7406,
600273.SH,嘉化能源,2020-08-05,12.9767,13.8903,12.7901,13.6153,41120521,2.8701,19857645325.98,19857645325.98,17.5644,
600273.SH,嘉化能源,2020-08-06,13.5563,13.851,12.2498,12.2498,87921694,6.1367,17866149871.21,17866149871.21,15.8029,
600273.SH,嘉化能源,2020-08-07,11.0219,11.0219,11.0219,11.0219,38262200,2.6706,16075236692.46,16075236692.46,14.2182,
600273.SH,嘉化能源,2020-08-10,9.9708,10.7075,9.9217,10.1771,138084337,9.6378,14843088425.48,14843088425.48,13.1284,
600273.SH,嘉化能源,2020-08-11,9.9708,10.0395,9.6761,9.7055,68891221,4.8084,14155377764.84,14155377764.84,12.5201,
600273.SH,嘉化能源,2020-08-12,9.7055,9.9904,9.2537,9.9708,56605802,3.9509,14542215011.45,14542215011.45,12.8623,
600273.SH,嘉化能源,2020-08-13,9.9118,9.9118,9.6859,9.8136,27183400,1.8973,14312978124.57,14312978124.57,12.6595,
600273.SH,嘉化能源,2020-08-14,9.7252,9.9315,9.6466,9.8332,21436736,1.4962,14341632735.43,14341632735.43,12.6848,
600273.SH,嘉化能源,2020-08-17,9.8431,10.0985,9.8332,10.0395,33349469,2.3277,14642506149.46,14642506149.46,12.951,
600273.SH,嘉化能源,2020-08-18,10.0199,10.0592,9.9118,9.9904,27038299,1.8872,14570869622.31,14570869622.31,12.8876,
600273.SH,嘉化能源,2020-08-19,10.0002,10.0002,9.7841,9.8431,20380217,1.4225,14355960040.86,14355960040.86,12.6975,
600273.SH,嘉化能源,2020-08-20,9.8234,9.8529,9.6957,9.7252,15499889,1.0818,14184032375.7,14184032375.7,12.5455,
600273.SH,嘉化能源,2020-08-21,9.7448,9.8234,9.5091,9.6662,24312670,1.6969,14098068543.12,14098068543.12,12.4694,
600273.SH,嘉化能源,2020-08-24,9.6466,9.7939,9.1456,9.6368,37873922,2.6435,14055086626.83,14055086626.83,12.4314,
600273.SH,嘉化能源,2020-08-25,9.627,9.6368,9.3715,9.4403,20354394,1.4207,13768540518.23,13768540518.23,12.178,
600273.SH,嘉化能源,2020-08-26,9.401,9.46,9.1456,9.1849,22814128,1.5924,13396030577.05,13396030577.05,11.8485,
600273.SH,嘉化能源,2020-08-27,9.2635,10.1083,9.234,10.0002,69969993,4.8837,14585196927.74,14585196927.74,12.9003,
600273.SH,嘉化能源,2020-08-28,10.0592,10.4619,9.9708,10.2262,50076106,3.4952,14914724952.63,14914724952.63,13.1917,
600273.SH,嘉化能源,2020-08-31,10.3834,10.8843,10.2262,10.6879,43084478,3.0072,15588108307.84,15588108307.84,13.7873,
600273.SH,嘉化能源,2020-09-01,10.6879,10.904,10.5405,10.6781,29578980,2.0645,15573781002.41,15573781002.41,13.7747,
600273.SH,嘉化能源,2020-09-02,10.7174,10.8647,10.57,10.7959,21537636,1.5033,15745708667.57,15745708667.57,13.9267,
600273.SH,嘉化能源,2020-09-03,10.7959,11.3755,10.737,11.0808,30755666,2.1466,16161200525.04,16161200525.04,14.2942,
600273.SH,嘉化能源,2020-09-04,10.9433,11.2183,10.8451,11.0808,26662163,1.8609,16161200525.04,16161200525.04,14.2942,
600273.SH,嘉化能源,2020-09-07,11.2576,11.2576,10.8942,10.9531,20111178,1.4037,15974945554.45,15974945554.45,14.1295,
600273.SH,嘉化能源,2020-09-08,10.9531,11.1103,10.6289,10.6584,23030460,1.6075,15545126391.55,15545126391.55,13.7493,
600273.SH,嘉化能源,2020-09-09,10.7075,10.8942,10.5602,10.7566,21347026,1.49,15688399445.85,15688399445.85,13.876,
600273.SH,嘉化能源,2020-09-10,10.8942,11.8372,10.8942,11.6113,61381766,4.2843,16934875018.26,16934875018.26,14.9785,
600273.SH,嘉化能源,2020-09-11,11.4738,11.7979,11.1791,11.5916,31232328,2.1799,16906220407.4,16906220407.4,14.9532,
600273.SH,嘉化能源,2020-09-14,11.6899,11.9649,11.3559,11.4148,27793068,1.9399,16648328909.66,16648328909.66,14.7251,
600273.SH,嘉化能源,2020-09-15,11.7193,12.0042,11.4738,11.8078,31476595,2.197,17221421126.86,17221421126.86,15.232,
600273.SH,嘉化能源,2020-09-16,11.8274,12.0337,11.6997,11.9649,24527256,1.7119,17450658013.74,17450658013.74,15.4347,
600273.SH,嘉化能源,2020-09-17,11.9846,12.0828,11.5916,11.8372,21715027,1.5156,17264403043.15,17264403043.15,15.27,
600273.SH,嘉化能源,2020-09-18,11.7783,11.8667,11.5818,11.6997,17622316,1.23,17063820767.13,17063820767.13,15.0926,
600273.SH,嘉化能源,2020-09-21,11.8176,12.0239,11.3362,11.405,23389739,1.6325,16634001604.23,16634001604.23,14.7124,
600273.SH,嘉化能源,2020-09-22,11.2969,11.4443,11.1005,11.2183,14645422,1.0222,16361782801.06,16361782801.06,14.4716,
600273.SH,嘉化能源,2020-09-23,11.1692,11.2183,10.0985,10.0985,19378384,1.3525,14728469982.04,14728469982.04,13.027,
600273.SH,嘉化能源,2020-09-24,9.4796,10.0985,9.4796,9.6171,49511777,3.4558,14026432015.97,14026432015.97,12.4061,
600273.SH,嘉化能源,2020-09-25,9.627,9.8824,9.5189,9.5189,20821773,1.4533,13883158961.67,13883158961.67,12.2793,
600273.SH,嘉化能源,2020-09-28,9.5582,10.1279,9.5582,9.7939,24065546,1.6797,14284323513.71,14284323513.71,12.6342,
600273.SH,嘉化能源,2020-09-29,9.8136,10.3932,9.6761,10.2458,24737978,1.7266,14943379563.49,14943379563.49,13.2171,
600273.SH,嘉化能源,2020-09-30,10.1967,10.737,10.1181,10.6486,18975696,1.3244,15530799086.12,15530799086.12,13.7366,
600273.SH,嘉化能源,2020-10-09,10.7861,10.904,10.4914,10.5602,17845156,1.2455,15401853337.25,15401853337.25,13.6226,
600273.SH,嘉化能源,2020-10-12,10.57,10.7861,10.4718,10.6388,18139651,1.2661,15516471780.69,15516471780.69,13.724,
600273.SH,嘉化能源,2020-10-13,10.6977,10.7763,10.4816,10.5896,11712951,0.8175,15444835253.54,15444835253.54,13.6606,
600273.SH,嘉化能源,2020-10-14,10.6486,10.9924,10.5307,10.6388,20491835,1.4303,15516471780.69,15516471780.69,13.724,
600273.SH,嘉化能源,2020-10-15,10.5798,10.6879,10.3539,10.5111,12213238,0.8524,15330216810.1,15330216810.1,13.5592,
600273.SH,嘉化能源,2020-10-16,10.4914,10.5798,10.2164,10.3539,17069896,1.1914,15100979923.22,15100979923.22,13.3565,
600273.SH,嘉化能源,2020-10-19,10.5111,10.904,10.0395,10.1574,28403796,1.9825,14814433814.62,14814433814.62,13.103,
600273.SH,嘉化能源,2020-10-20,10.3441,10.5602,10.069,10.4718,15152657,1.0576,15272907588.38,15272907588.38,13.5085,
600273.SH,嘉化能源,2020-10-21,10.4619,10.5111,10.1083,10.1672,11166766,0.7794,14828761120.05,14828761120.05,13.1157,
600273.SH,嘉化能源,2020-10-22,10.2557,10.904,10.0297,10.737,38631703,2.6964,15659744834.99,15659744834.99,13.8507,
600273.SH,嘉化能源,2020-10-23,10.8058,10.8549,10.1967,10.4325,29576390,2.0643,15215598366.66,15215598366.66,13.4578,
600273.SH,嘉化能源,2020-10-26,10.3539,10.3637,9.9708,10.0002,17851921,1.246,14585196927.74,14585196927.74,12.9003,
600273.SH,嘉化能源,2020-10-27,9.8431,10.1967,8.9983,9.5582,50800289,3.5457,13940468183.39,13940468183.39,12.33,
600273.SH,嘉化能源,2020-10-28,9.5189,9.8332,9.3224,9.7154,22220424,1.5509,14169705070.27,14169705070.27,12.4754,
600273.SH,嘉化能源,2020-10-29,9.6073,9.8038,9.5385,9.6859,12978620,0.9059,14126723153.98,14126723153.98,12.4376,
600273.SH,嘉化能源,2020-10-30,9.7055,9.8922,9.568,9.7055,13641404,0.9521,14155377764.84,14155377764.84,12.4628,
600273.SH,嘉化能源,2020-11-02,9.6761,9.8234,9.568,9.6662,13410262,0.936,14098068543.12,14098068543.12,12.4124,
600273.SH,嘉化能源,2020-11-03,9.6662,9.7841,9.627,9.6957,10642687,0.7428,14141050459.41,14141050459.41,12.4502,
600273.SH,嘉化能源,2020-11-04,9.7154,9.8038,9.5975,9.7743,10918172,0.7621,14255668902.85,14255668902.85,12.5511,
600273.SH,嘉化能源,2020-11-05,9.8431,10.403,9.8431,10.2065,35571526,2.4828,14886070341.77,14886070341.77,13.1061,
600273.SH,嘉化能源,2020-11-06,10.1672,10.4325,10.0002,10.3146,25230780,1.761,15043670701.5,15043670701.5,13.2449,
600273.SH,嘉化能源,2020-11-09,10.3637,10.5307,10.3342,10.5012,26424695,1.8444,15315889504.67,15315889504.67,13.4846,
600273.SH,嘉化能源,2020-11-10,10.57,10.6682,10.3539,10.4914,19657733,1.372,15301562199.24,15301562199.24,13.4719,
600273.SH,嘉化能源,2020-11-11,10.5111,10.6388,10.2949,10.3735,12060882,0.8418,15129634534.08,15129634534.08,13.3206,
600273.SH,嘉化能源,2020-11-12,10.403,10.6781,10.3342,10.6584,18799948,1.3122,15545126391.55,15545126391.55,13.6864,
600273.SH,嘉化能源,2020-11-13,10.6388,10.7174,10.4718,10.6682,15455954,1.0788,15559453696.98,15559453696.98,13.699,
600273.SH,嘉化能源,2020-11-16,10.6879,10.9826,10.5111,10.9531,21073351,1.4709,15974945554.45,15974945554.45,14.0648,
600273.SH,嘉化能源,2020-11-17,10.9924,11.0808,10.6977,10.7861,18013451,1.2573,15731381362.14,15731381362.14,13.8504,
600273.SH,嘉化能源,2020-11-18,10.8549,10.8549,10.3834,10.5111,25175619,1.7572,15330216810.1,15330216810.1,13.4972,
600273.SH,嘉化能源,2020-11-19,10.5012,10.7763,10.1476,10.6388,22045596,1.5387,15516471780.69,15516471780.69,13.6612,
600273.SH,嘉化能源,2020-11-20,10.6093,10.6879,10.5111,10.5798,10471103,0.7308,15430507948.11,15430507948.11,13.5855,
600273.SH,嘉化能源,2020-11-23,10.5995,10.7075,10.4423,10.4718,18571543,1.2962,15272907588.38,15272907588.38,13.4467,
600273.SH,嘉化能源,2020-11-24,10.4816,10.57,10.3342,10.5307,11657128,0.8136,15358871420.96,15358871420.96,13.5224,
600273.SH,嘉化能源,2020-11-25,10.5602,11.0612,10.5602,10.6191,34290436,2.3934,15487817169.83,15487817169.83,13.6359,
600273.SH,嘉化能源,2020-11-26,10.6977,10.8352,10.5405,10.8058,22032256,1.5378,15760035973,15760035973,13.8756,
600273.SH,嘉化能源,2020-11-27,10.8058,11.071,10.4816,10.7566,25372894,1.7709,15688399445.85,15688399445.85,13.8125,
600273.SH,嘉化能源,2020-11-30,10.6879,10.8254,10.5602,10.6093,16384569,1.1436,15473489864.4,15473489864.4,13.6233,
600273.SH,嘉化能源,2020-12-01,10.5307,10.7075,10.4226,10.6682,14139837,0.9869,15559453696.98,15559453696.98,13.699,
600273.SH,嘉化能源,2020-12-02,10.6191,10.7174,10.4718,10.57,13629562,0.9513,15416180642.68,15416180642.68,13.5729,
600273.SH,嘉化能源,2020-12-03,10.65,10.8,10.48,10.54,10201513,0.712,15100979923.22,15100979923.22,13.2953,
600273.SH,嘉化能源,2020-12-04,10.47,10.51,10.09,10.27,15795062,1.1024,14714142676.61,14714142676.61,12.9548,
600273.SH,嘉化能源,2020-12-07,10.28,10.35,10.2,10.31,8115807,0.5665,14771451898.33,14771451898.33,13.0052,
600273.SH,嘉化能源,2020-12-08,10.9,11.32,10.68,10.94,63839749,4.4558,15674072140.42,15674072140.42,13.7999,
600273.SH,嘉化能源,2020-12-09,10.85,11.04,10.67,10.71,33855056,2.363,15344544115.53,15344544115.53,13.5098,
600273.SH,嘉化能源,2020-12-10,10.7,10.75,10.4,10.46,21159332,1.4769,14986361479.78,14986361479.78,13.1944,
600273.SH,嘉化能源,2020-12-11,10.58,10.58,9.92,10.07,24528098,1.712,14427596568.01,14427596568.01,12.7025,
600273.SH,嘉化能源,2020-12-14,9.97,10.12,9.86,9.92,14364873,1.0026,14212686986.56,14212686986.56,12.5133,
600273.SH,嘉化能源,2020-12-15,9.78,9.97,9.77,9.84,8833995,0.6166,14098068543.12,14098068543.12,12.4124,
600273.SH,嘉化能源,2020-12-16,9.8,9.91,9.71,9.76,8843701,0.6173,13983450099.68,13983450099.68,12.3114,
600273.SH,嘉化能源,2020-12-17,9.77,9.83,9.57,9.81,10071060,0.7029,14055086626.83,14055086626.83,12.3745,
600273.SH,嘉化能源,2020-12-18,9.81,9.85,9.68,9.71,9934895,0.6934,13911813572.53,13911813572.53,12.2484,
600273.SH,嘉化能源,2020-12-21,9.72,9.88,9.66,9.82,10676555,0.7452,14069413932.26,14069413932.26,12.3871,
600273.SH,嘉化能源,2020-12-22,9.85,10.04,9.76,9.82,17806420,1.2428,14069413932.26,14069413932.26,12.3871,
600273.SH,嘉化能源,2020-12-23,9.86,10.12,9.77,9.99,15615264,1.0899,14312978124.57,14312978124.57,12.6016,
600273.SH,嘉化能源,2020-12-24,10.02,10.03,9.33,9.38,22700058,1.5844,13439012493.34,13439012493.34,11.8321,
600273.SH,嘉化能源,2020-12-25,9.45,9.7,9.33,9.7,10977457,0.7662,13897486267.1,13897486267.1,12.2358,
600273.SH,嘉化能源,2020-12-28,9.67,9.71,9.42,9.48,12053143,0.8413,13582285547.64,13582285547.64,11.9582,
600273.SH,嘉化能源,2020-12-29,9.48,9.57,9.21,9.28,11855008,0.8274,13295739439.04,13295739439.04,11.706,
600273.SH,嘉化能源,2020-12-30,9.28,9.31,9.1,9.13,9727387,0.6789,13080829857.59,13080829857.59,11.5167,
600273.SH,嘉化能源,2020-12-31,9.1,9.27,9.08,9.24,11617198,0.8108,13238430217.32,13238430217.32,11.6555,
600273.SH,嘉化能源,2021-01-04,9.23,9.38,9.18,9.33,9159109,0.6393,13367375966.19,13367375966.19,11.769,
600273.SH,嘉化能源,2021-01-05,9.3,9.33,9.13,9.2,12284962,0.8575,13181120995.6,13181120995.6,11.605,
600273.SH,嘉化能源,2021-01-06,9.2,9.25,8.28,8.68,47597562,3.3222,12436101113.24,12436101113.24,10.9491,
600273.SH,嘉化能源,2021-01-07,8.66,8.85,8.57,8.63,19025068,1.3279,12364464586.09,12364464586.09,10.886,
600273.SH,嘉化能源,2021-01-08,8.69,8.93,8.4,8.82,16569945,1.1565,12636683389.26,12636683389.26,11.1257,
600273.SH,嘉化能源,2021-01-11,8.81,8.91,8.52,8.56,12169643,0.8494,12264173448.08,12264173448.08,10.7977,
600273.SH,嘉化能源,2021-01-12,8.52,8.6,8.38,8.43,16777845,1.171,12077918477.49,12077918477.49,10.6338,
600273.SH,嘉化能源,2021-01-13,8.5,8.54,8.33,8.43,12840300,0.8962,12077918477.49,12077918477.49,10.6338,
600273.SH,嘉化能源,2021-01-14,8.45,8.67,8.37,8.51,9156025,0.6391,12192536920.93,12192536920.93,10.7347,
600273.SH,嘉化能源,2021-01-15,8.52,8.76,8.48,8.59,10260063,0.7161,12307155364.37,12307155364.37,10.8356,
600273.SH,嘉化能源,2021-01-18,8.53,8.68,8.48,8.62,9408394,0.6567,12350137280.66,12350137280.66,10.8734,
600273.SH,嘉化能源,2021-01-19,8.62,8.75,8.52,8.54,15299045,1.0678,12235518837.22,12235518837.22,10.7725,
600273.SH,嘉化能源,2021-01-20,8.6,8.6,8.46,8.5,8367636,0.584,12178209615.5,12178209615.5,10.7221,
600273.SH,嘉化能源,2021-01-21,8.5,8.77,8.45,8.59,14443821,1.0081,12307155364.37,12307155364.37,10.8356,
600273.SH,嘉化能源,2021-01-22,8.61,8.63,8.38,8.43,14418615,1.0064,12077918477.49,12077918477.49,10.6338,
600273.SH,嘉化能源,2021-01-25,8.44,8.57,8.34,8.37,13671921,0.9543,11991954644.91,11991954644.91,10.5581,
600273.SH,嘉化能源,2021-01-26,8.4,8.43,8.15,8.26,13411340,0.9361,11834354285.18,11834354285.18,10.4193,
600273.SH,嘉化能源,2021-01-27,8.26,8.42,8.26,8.3,9048246,0.6315,11891663506.9,11891663506.9,10.4698,
600273.SH,嘉化能源,2021-01-28,8.29,8.29,7.98,8,19368510,1.3519,11461844344,11461844344,10.0913,
600273.SH,嘉化能源,2021-01-29,8.09,8.34,8.06,8.14,15804473,1.1031,11662426620.02,11662426620.02,10.2679,
600273.SH,嘉化能源,2021-02-01,8.19,8.7,8.06,8.57,22585584,1.5764,12278500753.51,12278500753.51,10.8104,
600273.SH,嘉化能源,2021-02-02,8.51,8.52,8.33,8.39,14942040,1.0429,12020609255.77,12020609255.77,10.5833,
600273.SH,嘉化能源,2021-02-03,8.38,8.43,8.18,8.27,11910352,0.8313,11848681590.61,11848681590.61,10.4319,
600273.SH,嘉化能源,2021-02-04,8.26,8.47,8.11,8.15,15684331,1.0947,11676753925.45,11676753925.45,10.2806,
600273.SH,嘉化能源,2021-02-05,8.17,8.3,7.93,8.17,20940466,1.4616,11705408536.31,11705408536.31,10.3058,
600273.SH,嘉化能源,2021-02-08,8.16,8.28,8.06,8.1,11868635,0.8284,11605117398.3,11605117398.3,10.2175,
600273.SH,嘉化能源,2021-02-09,8.12,8.18,8,8.11,12030370,0.8397,11619444703.73,11619444703.73,10.2301,
600273.SH,嘉化能源,2021-02-10,8.12,8.45,8.1,8.3,16895879,1.1793,11891663506.9,11891663506.9,10.4698,
600273.SH,嘉化能源,2021-02-18,8.47,9.02,8.45,8.69,29906485,2.0874,12450428418.67,12450428418.67,10.9617,
600273.SH,嘉化能源,2021-02-19,8.66,9.38,8.62,9.38,38437661,2.6828,13439012493.34,13439012493.34,11.8321,
600273.SH,嘉化能源,2021-02-22,9.37,9.74,9.3,9.55,38397484,2.68,13682576685.65,13682576685.65,12.0465,
600273.SH,嘉化能源,2021-02-23,9.6,9.73,9.3,9.34,24870542,1.7359,13381703271.62,13381703271.62,11.7816,
600273.SH,嘉化能源,2021-02-24,9.33,9.51,9.04,9.19,23244254,1.6224,13166793690.17,13166793690.17,11.5924,
600273.SH,嘉化能源,2021-02-25,9.29,9.42,8.99,9.06,18430079,1.2864,12980538719.58,12980538719.58,11.4285,
600273.SH,嘉化能源,2021-02-26,8.9,9.08,8.78,8.83,20434339,1.4263,12651010694.69,12651010694.69,11.1383,
600273.SH,嘉化能源,2021-03-01,8.95,9.47,8.95,9.32,26329761,1.8377,13353048660.76,13353048660.76,11.7564,
600273.SH,嘉化能源,2021-03-02,9.33,9.35,9.03,9.11,17649327,1.2319,13052175246.73,13052175246.73,11.4915,
600273.SH,嘉化能源,2021-03-03,9.12,9.26,9.03,9.22,13484410,0.9412,13209775606.46,13209775606.46,11.6303,
600273.SH,嘉化能源,2021-03-04,9.14,9.19,9.02,9.09,13367390,0.933,13023520635.87,13023520635.87,11.4663,
600273.SH,嘉化能源,2021-03-05,9.01,9.13,8.96,9.01,13133924,0.9167,12908902192.43,12908902192.43,11.3654,
600273.SH,嘉化能源,2021-03-08,9.07,9.21,8.94,8.97,12537041,0.875,12851592970.71,12851592970.71,11.3149,
600273.SH,嘉化能源,2021-03-09,8.97,9.02,8.68,8.81,12714536,0.8874,12622356083.83,12622356083.83,11.1131,
600273.SH,嘉化能源,2021-03-10,8.9,8.93,8.33,8.44,22139148,1.5452,12092245782.92,12092245782.92,10.6464,
600273.SH,嘉化能源,2021-03-11,8.5,8.63,8.38,8.62,13567167,0.9469,12350137280.66,12350137280.66,10.8734,
600273.SH,嘉化能源,2021-03-12,8.69,8.73,8.5,8.64,10874779,0.759,12378791891.52,12378791891.52,3.40282346638529E38,
