代码,简称,日期,开盘价(元),最高价(元),最低价(元),收盘价(元),成交量(股),换手率(%),A股流通市值(元),总市值(元),市盈率,
600550.SH,保变电气,2001-02-28,2.2919,2.3128,2.1622,2.1675,30739162,51.2319,993000000,3641000000,74.1801,
600550.SH,保变电气,2001-03-01,2.1675,2.1963,2.1085,2.1374,5478751,9.1313,979200000,3590400000,73.1492,
600550.SH,保变电气,2001-03-02,2.1478,2.1649,2.1282,2.1439,2147069,3.5784,982200000,3601400000,73.3733,
600550.SH,保变电气,2001-03-05,2.1439,2.1609,2.1112,2.1583,2009825,3.3497,988800000,3625600000,73.8664,
600550.SH,保变电气,2001-03-06,2.1544,2.1544,2.1216,2.1334,1218390,2.0307,977400000,3583800000,73.0147,
600550.SH,保变电气,2001-03-07,2.1321,2.1609,2.1321,2.1413,1235199,2.0587,981000000,3597000000,73.2837,
600550.SH,保变电气,2001-03-08,2.1413,2.1701,2.1282,2.1452,1357140,2.2619,982800000,3603600000,73.4181,
600550.SH,保变电气,2001-03-09,2.1452,2.1544,2.1269,2.1347,1668302,2.7805,978000000,3586000000,73.0596,
600550.SH,保变电气,2001-03-12,2.1347,2.1518,2.1085,2.1452,1248173,2.0803,982800000,3603600000,73.4181,
600550.SH,保变电气,2001-03-13,2.1413,2.1701,2.1269,2.1622,1515710,2.5262,990600000,3632200000,74.0008,
600550.SH,保变电气,2001-03-14,2.1609,2.1937,2.1583,2.1897,2014367,3.3573,1003200000,3678400000,74.9421,
600550.SH,保变电气,2001-03-15,2.1924,2.1976,2.174,2.1793,1158345,1.9306,998400000,3660800000,74.5835,
600550.SH,保变电气,2001-03-16,2.1793,2.1871,2.1635,2.1714,1115900,1.8598,994800000,3647600000,74.3146,
600550.SH,保变电气,2001-03-19,2.1675,2.174,2.1426,2.1727,1009612,1.6827,995400000,3649800000,74.3594,
600550.SH,保变电气,2001-03-20,2.1806,2.1937,2.1649,2.1793,944890,1.5748,998400000,3660800000,74.5835,
600550.SH,保变电气,2001-03-21,2.1793,2.1976,2.1675,2.1897,1694876,2.8248,1003200000,3678400000,74.9421,
600550.SH,保变电气,2001-03-22,2.1897,2.1924,2.174,2.1884,1074328,1.7905,1002600000,3676200000,74.8973,
600550.SH,保变电气,2001-03-23,2.1871,2.2107,2.1753,2.1937,2133195,3.5553,1005000000,3685000000,75.0766,
600550.SH,保变电气,2001-03-26,2.1897,2.2199,2.174,2.2107,1514920,2.5249,1012800000,3713600000,75.6592,
600550.SH,保变电气,2001-03-27,2.2107,2.2251,2.2002,2.2146,1607431,2.6791,1014600000,3720200000,75.7937,
600550.SH,保变电气,2001-03-28,2.2185,2.2212,2.1963,2.2015,1150473,1.9175,1008600000,3698200000,75.3455,
600550.SH,保变电气,2001-03-29,2.2015,2.233,2.1871,2.2172,1561341,2.6022,1015800000,3724600000,75.8833,
600550.SH,保变电气,2001-03-30,2.2199,2.2434,2.2107,2.2395,1673058,2.7884,1026000000,3762000000,76.6453,
600550.SH,保变电气,2001-04-02,2.2434,2.2749,2.2395,2.2487,2011974,3.3533,1030200000,3777400000,76.9591,
600550.SH,保变电气,2001-04-03,2.2487,2.2565,2.2277,2.2447,1131100,1.8852,1028400000,3770800000,76.8246,
600550.SH,保变电气,2001-04-04,2.2513,2.2526,2.1937,2.2081,1592600,2.6543,1011600000,3709200000,75.5696,
600550.SH,保变电气,2001-04-05,2.305,2.305,2.2199,2.2552,1039548,1.7326,1033200000,3788400000,77.1832,
600550.SH,保变电气,2001-04-06,2.2591,2.2657,2.2395,2.2461,1407899,2.3465,1029000000,3773000000,76.8694,
600550.SH,保变电气,2001-04-09,2.2513,2.2644,2.2277,2.2578,1150809,1.918,1034400000,3792800000,77.2728,
600550.SH,保变电气,2001-04-10,2.2552,2.3128,2.2539,2.305,2690095,4.4835,1056000000,3872000000,78.8864,
600550.SH,保变电气,2001-04-11,2.3128,2.3377,2.2984,2.3142,2137905,3.5632,1060200000,3887400000,79.2002,
600550.SH,保变电气,2001-04-12,2.3181,2.3194,2.2788,2.2932,1221400,2.0357,1050600000,3852200000,78.483,
600550.SH,保变电气,2001-04-13,2.2919,2.3181,2.284,2.3037,868117,1.4469,1055400000,3869800000,78.8416,
600550.SH,保变电气,2001-04-16,2.3233,2.3443,2.305,2.322,1634970,2.7249,1063800000,3900600000,79.4691,
600550.SH,保变电气,2001-04-17,2.3312,2.3823,2.322,2.3796,2696187,4.4936,1090200000,3997400000,81.4413,
600550.SH,保变电气,2001-04-18,2.3836,2.4229,2.3705,2.4098,2242804,3.738,1104000000,4048000000,82.4722,
600550.SH,保变电气,2001-04-19,2.4084,2.5014,2.3967,2.4608,4294932,7.1582,1127400000,4133800000,84.2202,
600550.SH,保变电气,2001-04-20,2.4621,2.487,2.4163,2.4229,2954127,4.9235,1110000000,4070000000,82.9204,
600550.SH,保变电气,2001-04-23,2.4098,2.4464,2.3443,2.3679,2814833,4.6914,1084800000,3977600000,81.0379,
600550.SH,保变电气,2001-04-24,2.3679,2.4071,2.3652,2.3823,1524130,2.5402,1091400000,4001800000,81.5309,
600550.SH,保变电气,2001-04-25,2.3875,2.3875,2.2788,2.2919,2160644,3.6011,1050000000,3850000000,78.4382,
600550.SH,保变电气,2001-04-26,2.2788,2.322,2.2736,2.2906,1351031,2.2517,1049400000,3847800000,78.3934,
600550.SH,保变电气,2001-04-27,2.2906,2.3443,2.2801,2.3325,1254616,2.091,1068600000,3918200000,79.8277,
600550.SH,保变电气,2001-04-30,2.3312,2.3377,2.3128,2.3259,676500,1.1275,1065600000,3907200000,79.6036,
600550.SH,保变电气,2001-05-08,2.3181,2.3967,2.3181,2.3901,1098999,1.8317,1095000000,4015000000,81.7998,
600550.SH,保变电气,2001-05-09,2.3901,2.4045,2.3561,2.3626,647950,1.0799,1082400000,3968800000,80.8586,
600550.SH,保变电气,2001-05-10,2.3626,2.3993,2.3626,2.394,721868,1.2031,1096800000,4021600000,81.9343,
600550.SH,保变电气,2001-05-11,2.3967,2.4111,2.3783,2.4058,1031896,1.7198,1102200000,4041400000,82.3377,
600550.SH,保变电气,2001-05-14,2.4098,2.4648,2.398,2.4635,2042204,3.4037,1128600000,4138200000,84.3099,
600550.SH,保变电气,2001-05-15,2.4661,2.4857,2.4163,2.4425,1334599,2.2243,1119000000,4103000000,83.5927,
600550.SH,保变电气,2001-05-16,2.4425,2.4556,2.4098,2.4386,869213,1.4487,1117200000,4096400000,83.4582,
600550.SH,保变电气,2001-05-17,2.4425,2.449,2.4032,2.4111,824769,1.3746,1104600000,4050200000,82.517,
600550.SH,保变电气,2001-05-18,2.4098,2.4857,2.4045,2.47,1923594,3.206,1131600000,4149200000,84.534,
600550.SH,保变电气,2001-05-21,2.4857,2.5342,2.47,2.5145,2209699,3.6828,1152000000,4224000000,86.0579,
600550.SH,保变电气,2001-05-22,2.5172,2.5224,2.449,2.4844,1072778,1.788,1138200000,4173400000,85.027,
600550.SH,保变电气,2001-05-23,2.4844,2.5316,2.4556,2.4988,1572690,2.6212,1144800000,4197600000,85.52,
600550.SH,保变电气,2001-05-24,2.4883,2.5211,2.4818,2.4988,1271694,2.1195,1144800000,4197600000,85.52,
600550.SH,保变电气,2001-05-25,2.508,2.5119,2.4386,2.4621,987560,1.6459,1128000000,4136000000,84.265,
600550.SH,保变电气,2001-05-28,2.4621,2.4621,2.4621,2.4621,--,--,1128000000,4136000000,84.265,
600550.SH,保变电气,2001-05-29,2.4333,2.4752,2.4163,2.4202,886587,1.4776,1108800000,4065600000,82.8307,
600550.SH,保变电气,2001-05-30,2.4202,2.4621,2.4202,2.4595,794270,1.3238,1126800000,4131600000,84.1754,
600550.SH,保变电气,2001-05-31,2.4621,2.4779,2.4438,2.4726,611519,1.0192,1132800000,4153600000,84.6236,
600550.SH,保变电气,2001-06-01,2.4726,2.5185,2.4621,2.4844,773563,1.2893,1138200000,4173400000,85.027,
600550.SH,保变电气,2001-06-04,2.4988,2.5185,2.4779,2.4949,820193,1.367,1143000000,4191000000,85.3856,
600550.SH,保变电气,2001-06-05,2.4949,2.5198,2.4857,2.4988,723837,1.2064,1144800000,4197600000,85.52,
600550.SH,保变电气,2001-06-06,2.5093,2.5473,2.4923,2.542,1412746,2.3546,1164600000,4270200000,86.9992,
600550.SH,保变电气,2001-06-07,2.5473,2.5774,2.5276,2.5302,1507187,2.512,1159200000,4250400000,86.5958,
600550.SH,保变电气,2001-06-08,2.5276,2.5473,2.5119,2.525,860290,1.4338,1156800000,4241600000,86.4165,
600550.SH,保变电气,2001-06-11,2.5276,2.5604,2.5145,2.5407,692807,1.1547,1164000000,4268000000,86.9543,
600550.SH,保变电气,2001-06-12,2.5407,2.5931,2.5276,2.5866,1242384,2.0706,1185000000,4345000000,88.5231,
600550.SH,保变电气,2001-06-13,2.5997,2.6455,2.5931,2.6429,2412090,4.0202,1210800000,4439600000,90.4504,
600550.SH,保变电气,2001-06-14,2.6455,2.656,2.5538,2.5604,1723251,2.8721,1173000000,4301000000,87.6267,
600550.SH,保变电气,2001-06-15,2.5604,2.6455,2.5145,2.6193,1500149,2.5002,1200000000,4400000000,89.6436,
600550.SH,保变电气,2001-06-18,2.6389,2.6625,2.5931,2.6206,2174472,3.6241,1200600000,4402200000,89.6885,
600550.SH,保变电气,2001-06-19,2.6193,2.6324,2.5748,2.6088,775608,1.2927,1195200000,4382400000,89.2851,
600550.SH,保变电气,2001-06-20,2.6075,2.6259,2.5407,2.5722,749720,1.2495,1178400000,4320800000,88.0301,
600550.SH,保变电气,2001-06-21,2.5617,2.6259,2.5604,2.6219,658413,1.0974,1201200000,4404400000,89.7333,
600550.SH,保变电气,2001-06-22,2.6429,2.652,2.6167,2.6285,825939,1.3766,1204200000,4415400000,89.9574,
600550.SH,保变电气,2001-06-25,2.635,2.7241,2.635,2.711,1611781,2.6863,1242000000,4554000000,92.7812,
600550.SH,保变电气,2001-06-26,2.7175,2.7267,2.694,2.7201,690113,1.1502,1246200000,4569400000,93.0949,
600550.SH,保变电气,2001-06-27,2.711,2.766,2.6979,2.7398,1279396,2.1323,1255200000,4602400000,93.7673,
600550.SH,保变电气,2001-06-28,2.7503,2.7961,2.7123,2.7411,999808,1.6663,1255800000,4604600000,93.8121,
600550.SH,保变电气,2001-06-29,2.7411,2.821,2.7346,2.7568,1530516,2.5509,1263000000,4631000000,94.3499,
600550.SH,保变电气,2001-07-02,2.7607,2.7856,2.7136,2.7241,1483029,2.4717,1248000000,4576000000,93.2294,
600550.SH,保变电气,2001-07-03,2.7241,2.7437,2.6861,2.7319,1158127,1.9302,1251600000,4589200000,93.4983,
600550.SH,保变电气,2001-07-04,2.7476,2.7503,2.7084,2.7136,423200,0.7053,1243200000,4558400000,92.8708,
600550.SH,保变电气,2001-07-05,2.711,2.7228,2.6573,2.6612,1394570,2.3243,1219200000,4470400000,91.0779,
600550.SH,保变电气,2001-07-06,2.6704,2.6848,2.618,2.6259,1139659,1.8994,1203000000,4411000000,89.8678,
600550.SH,保变电气,2001-07-09,2.6232,2.6651,2.5866,2.656,848636,1.4144,1216800000,4461600000,90.8987,
600550.SH,保变电气,2001-07-10,2.6651,2.7044,2.6651,2.6953,525722,0.8762,1234800000,4527600000,92.2433,
600550.SH,保变电气,2001-07-11,2.7044,2.711,2.6141,2.6259,534885,0.8915,1203000000,4411000000,89.8678,
600550.SH,保变电气,2001-07-12,2.6193,2.7084,2.6036,2.6835,1007853,1.6798,1229400000,4507800000,91.8399,
600550.SH,保变电气,2001-07-13,2.6848,2.7071,2.6822,2.6835,607445,1.0124,1229400000,4507800000,91.8399,
600550.SH,保变电气,2001-07-16,2.6848,2.7476,2.6835,2.7241,750730,1.2512,1248000000,4576000000,93.2294,
600550.SH,保变电气,2001-07-17,2.7241,2.728,2.6442,2.6717,741000,1.235,1224000000,4488000000,91.4365,
600550.SH,保变电气,2001-07-18,2.6717,2.7215,2.6193,2.6782,1423943,2.3732,1227000000,4499000000,91.6606,
600550.SH,保变电气,2001-07-19,2.6848,2.711,2.6324,2.6782,632855,1.0548,1227000000,4499000000,91.6606,
600550.SH,保变电气,2001-07-20,2.6966,2.8197,2.6913,2.8144,2346217,3.9104,1289400000,4727800000,96.3221,
600550.SH,保变电气,2001-07-23,2.7516,2.8485,2.7503,2.8288,1511319,2.5189,1296000000,4752000000,96.8151,
600550.SH,保变电气,2001-07-24,2.8158,2.8393,2.7372,2.7699,1469183,2.4486,1269000000,4653000000,94.7982,
600550.SH,保变电气,2001-07-25,2.7568,2.8013,2.7372,2.7896,742312,1.2372,1278000000,4686000000,95.4705,
600550.SH,保变电气,2001-07-26,2.7765,2.8,2.7398,2.7503,736173,1.227,1260000000,4620000000,94.1258,
600550.SH,保变电气,2001-07-27,2.7372,2.7503,2.4766,2.525,3843928,6.4065,1156800000,4241600000,86.4165,
600550.SH,保变电气,2001-07-30,2.4883,2.4883,2.3508,2.4242,2061944,3.4366,1110600000,4072200000,82.9652,
600550.SH,保变电气,2001-07-31,2.4163,2.487,2.3967,2.4229,1233262,2.0554,1110000000,4070000000,82.9204,
600550.SH,保变电气,2001-08-01,2.4818,2.5342,2.4229,2.5211,1193187,1.9886,1155000000,4235000000,86.282,
600550.SH,保变电气,2001-08-02,2.5172,2.525,2.4294,2.487,986319,1.6439,1139400000,4177800000,85.1166,
600550.SH,保变电气,2001-08-03,2.4883,2.5211,2.4883,2.508,373373,0.6223,1149000000,4213000000,85.8338,
600550.SH,保变电气,2001-08-06,2.5054,2.508,2.3312,2.3574,995797,1.6597,1080000000,3960000000,80.6793,
600550.SH,保变电气,2001-08-07,2.3259,2.4124,2.3142,2.3901,506489,0.8441,1095000000,4015000000,81.7998,
600550.SH,保变电气,2001-08-08,2.3901,2.4084,2.3587,2.4006,236166,0.3936,1099800000,4032600000,82.1584,
600550.SH,保变电气,2001-08-09,2.3967,2.4752,2.3849,2.4425,397755,0.6629,1119000000,4103000000,83.5927,
600550.SH,保变电气,2001-08-10,2.4556,2.4752,2.3967,2.4084,980241,1.6337,1103400000,4045800000,82.4273,
600550.SH,保变电气,2001-08-13,2.3809,2.3954,2.3443,2.3744,484167,0.8069,1087800000,3988600000,93.0966,
600550.SH,保变电气,2001-08-14,2.3901,2.4202,2.3587,2.4084,367613,0.6127,1103400000,4045800000,94.4317,
600550.SH,保变电气,2001-08-15,2.4032,2.4032,2.3548,2.3639,378517,0.6309,1083000000,3971000000,92.6858,
600550.SH,保变电气,2001-08-16,2.3626,2.3705,2.2605,2.2618,1160719,1.9345,1036200000,3799400000,88.6806,
600550.SH,保变电气,2001-08-17,2.2526,2.2906,2.2303,2.2788,502205,0.837,1044000000,3828000000,89.3481,
600550.SH,保变电气,2001-08-20,2.2722,2.2893,2.2526,2.2722,311225,0.5187,1041000000,3817000000,89.0914,
600550.SH,保变电气,2001-08-21,2.2853,2.3155,2.2683,2.3089,231891,0.3865,1057800000,3878600000,90.5292,
600550.SH,保变电气,2001-08-22,2.3089,2.3377,2.2919,2.3377,510271,0.8505,1071000000,3927000000,91.6589,
600550.SH,保变电气,2001-08-23,2.3312,2.3312,2.2591,2.3181,220218,0.367,1062000000,3894000000,90.8886,
600550.SH,保变电气,2001-08-24,2.2932,2.3338,2.2788,2.284,121950,0.2033,1046400000,3836800000,89.5535,
600550.SH,保变电气,2001-08-27,2.2526,2.2565,2.1413,2.1478,673650,1.1227,984000000,3608000000,84.2132,
600550.SH,保变电气,2001-08-28,2.1216,2.2526,2.1151,2.212,424254,0.7071,1013400000,3715800000,86.7293,
600550.SH,保变电气,2001-08-29,2.2002,2.2159,2.1609,2.1871,227505,0.3792,1002000000,3674000000,85.7537,
600550.SH,保变电气,2001-08-30,2.1806,2.1937,2.1216,2.1347,295300,0.4922,978000000,3586000000,83.6997,
600550.SH,保变电气,2001-08-31,2.1478,2.1583,2.1085,2.1151,283400,0.4723,969000000,3553000000,82.9294,
600550.SH,保变电气,2001-09-03,2.1151,2.1229,2.0038,2.0077,826200,1.377,919800000,3372600000,78.7188,
600550.SH,保变电气,2001-09-04,2.0169,2.0823,2.0077,2.0692,448545,0.7476,948000000,3476000000,81.1322,
600550.SH,保变电气,2001-09-05,2.0758,2.1845,2.0732,2.1452,984362,1.6406,982800000,3603600000,84.1105,
600550.SH,保变电气,2001-09-06,2.1583,2.1675,2.0994,2.1387,265818,0.443,979800000,3592600000,83.8537,
600550.SH,保变电气,2001-09-07,2.1295,2.1347,2.0666,2.0666,413336,0.6889,946800000,3471600000,81.0295,
600550.SH,保变电气,2001-09-10,2.03,2.1937,2.0182,2.1871,617262,1.0288,1002000000,3674000000,85.7537,
600550.SH,保变电气,2001-09-11,2.1871,2.2094,2.1609,2.1897,433349,0.7222,1003200000,3678400000,85.8564,
600550.SH,保变电气,2001-09-12,2.1347,2.1871,2.0954,2.178,377115,0.6285,997800000,3658600000,85.3942,
600550.SH,保变电气,2001-09-13,2.1583,2.2513,2.1583,2.1793,214984,0.3583,998400000,3660800000,85.4456,
600550.SH,保变电气,2001-09-14,2.1989,2.1989,2.1334,2.1347,244674,0.4078,978000000,3586000000,83.6997,
600550.SH,保变电气,2001-09-17,2.1098,2.1374,2.0954,2.1059,243600,0.406,964800000,3537600000,82.57,
600550.SH,保变电气,2001-09-18,2.102,2.174,2.102,2.1203,123756,0.2063,971400000,3561800000,83.1348,
600550.SH,保变电气,2001-09-19,2.1347,2.1714,2.102,2.1714,118500,0.1975,994800000,3647600000,85.1375,
600550.SH,保变电气,2001-09-20,2.1727,2.1871,2.1413,2.1518,140483,0.2341,985800000,3614600000,84.3672,
600550.SH,保变电气,2001-09-21,2.1727,2.174,2.1216,2.1347,90910,0.1515,978000000,3586000000,83.6997,
600550.SH,保变电气,2001-09-24,2.1374,2.1452,2.1112,2.119,84900,0.1415,970800000,3559600000,83.0835,
600550.SH,保变电气,2001-09-25,2.1216,2.1347,2.119,2.1203,98693,0.1645,971400000,3561800000,83.1348,
600550.SH,保变电气,2001-09-26,2.1085,2.1216,2.0496,2.0679,352196,0.587,947400000,3473800000,81.0809,
600550.SH,保变电气,2001-09-27,2.0837,2.0954,2.0562,2.0797,128000,0.2133,952800000,3493600000,81.543,
600550.SH,保变电气,2001-09-28,2.1334,2.1334,2.03,2.1085,313637,0.5227,966000000,3542000000,82.6727,
600550.SH,保变电气,2001-10-08,2.0692,2.0954,2.0313,2.0692,260434,0.4341,948000000,3476000000,81.1322,
600550.SH,保变电气,2001-10-09,2.0562,2.1033,2.0496,2.0823,73150,0.1219,954000000,3498000000,81.6457,
600550.SH,保变电气,2001-10-10,2.0588,2.0889,1.9736,1.9736,312900,0.5215,904200000,3315400000,77.3837,
600550.SH,保变电气,2001-10-11,1.9881,1.9907,1.8872,1.899,317760,0.5296,870000000,3190000000,74.4568,
600550.SH,保变电气,2001-10-12,1.8924,2.026,1.8008,2.0142,508243,0.8471,922800000,3383600000,78.9755,
600550.SH,保变电气,2001-10-15,1.9514,2.0954,1.9514,2.03,210613,0.351,930000000,3410000000,79.5917,
600550.SH,保变电气,2001-10-16,2.0234,2.0234,1.9645,1.9776,81500,0.1358,906000000,3322000000,77.5377,
600550.SH,保变电气,2001-10-17,1.954,1.9894,1.9121,1.9605,63461,0.1058,898200000,3293400000,76.8702,
600550.SH,保变电气,2001-10-18,1.9501,1.971,1.8597,1.9579,178495,0.2975,897000000,3289000000,76.7675,
600550.SH,保变电气,2001-10-19,1.899,1.9199,1.8008,1.8335,307110,0.5119,840000000,3080000000,71.8893,
600550.SH,保变电气,2001-10-22,1.8021,1.8152,1.7274,1.7287,294710,0.4912,792000000,2904000000,67.7813,
600550.SH,保变电气,2001-10-23,1.9016,1.9016,1.9016,1.9016,589267,0.9821,871200000,3194400000,74.5595,
600550.SH,保变电气,2001-10-24,2.0915,2.0915,2.0038,2.0496,2515018,4.1917,939000000,3443000000,80.362,
600550.SH,保变电气,2001-10-25,2.0365,2.0666,1.9671,2.0038,617843,1.0297,918000000,3366000000,78.5647,
600550.SH,保变电气,2001-10-26,1.9684,2.0431,1.9684,2.0391,342658,0.5711,934200000,3425400000,79.9512,
600550.SH,保变电气,2001-10-29,2.0182,2.0981,2.0182,2.0954,585171,0.9753,960000000,3520000000,82.1592,
600550.SH,保变电气,2001-10-30,2.0954,2.1112,2.0719,2.081,489400,0.8157,953400000,3495800000,81.5943,
600550.SH,保变电气,2001-10-31,2.0692,2.0719,2.0326,2.0692,615868,1.0264,948000000,3476000000,81.1322,
600550.SH,保变电气,2001-11-01,2.0954,2.1085,2.0601,2.0719,514600,0.8577,949200000,3480400000,81.2349,
600550.SH,保变电气,2001-11-02,2.0758,2.0823,2.0431,2.0562,304239,0.5071,942000000,3454000000,80.6187,
600550.SH,保变电气,2001-11-05,2.0365,2.0928,2.0169,2.0417,241849,0.4031,935400000,3429800000,80.0539,
600550.SH,保变电气,2001-11-06,2.0562,2.0627,2.0142,2.0287,234300,0.3905,929400000,3407800000,79.5404,
600550.SH,保变电气,2001-11-07,2.0575,2.0575,1.9029,1.9108,486264,0.8104,875400000,3209800000,74.9189,
600550.SH,保变电气,2001-11-08,1.8846,1.9579,1.8401,1.9226,356050,0.5934,880800000,3229600000,75.3811,
600550.SH,保变电气,2001-11-09,1.9029,2.0038,1.8951,2.0038,397425,0.6624,918000000,3366000000,78.5647,
600550.SH,保变电气,2001-11-12,1.9658,2.0011,1.9632,1.9998,378900,0.6315,916200000,3359400000,78.4107,
600550.SH,保变电气,2001-11-13,1.971,1.9789,1.9514,1.9632,400551,0.6676,899400000,3297800000,76.9729,
600550.SH,保变电气,2001-11-14,1.9514,1.9776,1.9461,1.9776,278198,0.4637,906000000,3322000000,77.5377,
600550.SH,保变电气,2001-11-15,1.971,1.9776,1.9448,1.9697,224073,0.3735,902400000,3308800000,77.2296,
600550.SH,保变电气,2001-11-16,2.1282,2.1609,2.0051,2.0051,550399,0.9173,918600000,3368200000,78.6161,
600550.SH,保变电气,2001-11-19,1.9776,2.0522,1.9776,2.0457,294444,0.4907,937200000,3436400000,80.2079,
600550.SH,保变电气,2001-11-20,2.0273,2.0954,2.0273,2.0928,481340,0.8022,958800000,3515600000,82.0565,
600550.SH,保变电气,2001-11-21,2.0954,2.1177,2.081,2.1072,538799,0.898,965400000,3539800000,82.6213,
600550.SH,保变电气,2001-11-22,2.1072,2.1085,2.0837,2.0994,234669,0.3911,961800000,3526600000,82.3132,
600550.SH,保变电气,2001-11-23,2.0915,2.1007,2.0692,2.081,250965,0.4183,953400000,3495800000,81.5943,
600550.SH,保变电气,2001-11-26,2.0863,2.0876,2.0575,2.0706,252150,0.4202,948600000,3478200000,81.1836,
600550.SH,保变电气,2001-11-27,2.0706,2.0823,2.0706,2.0771,197950,0.3299,951600000,3489200000,81.4403,
600550.SH,保变电气,2001-11-28,2.0771,2.1085,2.0771,2.1033,314841,0.5247,963600000,3533200000,82.4673,
600550.SH,保变电气,2001-11-29,2.1033,2.1072,2.0823,2.0876,311561,0.5193,956400000,3506800000,81.8511,
600550.SH,保变电气,2001-11-30,2.0876,2.119,2.0863,2.119,243831,0.4064,970800000,3559600000,83.0835,
600550.SH,保变电气,2001-12-03,2.119,2.1583,2.119,2.1387,357265,0.5954,979800000,3592600000,83.8537,
600550.SH,保变电气,2001-12-04,2.1387,2.1518,2.1282,2.136,303110,0.5052,978600000,3588200000,83.751,
600550.SH,保变电气,2001-12-05,2.136,2.1478,2.0954,2.0954,335980,0.56,960000000,3520000000,82.1592,
600550.SH,保变电气,2001-12-06,2.0771,2.1112,2.0562,2.0876,282883,0.4715,956400000,3506800000,81.8511,
600550.SH,保变电气,2001-12-07,2.0889,2.0954,2.0837,2.0876,213600,0.356,956400000,3506800000,81.8511,
600550.SH,保变电气,2001-12-10,2.0876,2.0902,2.0666,2.0876,170350,0.2839,956400000,3506800000,81.8511,
600550.SH,保变电气,2001-12-11,2.0876,2.0876,2.0627,2.0627,201800,0.3363,945000000,3465000000,80.8755,
600550.SH,保变电气,2001-12-12,2.0496,2.0692,2.0496,2.0692,254041,0.4234,948000000,3476000000,81.1322,
600550.SH,保变电气,2001-12-13,2.0692,2.1478,2.0692,2.1072,846163,1.4103,965400000,3539800000,82.6213,
600550.SH,保变电气,2001-12-14,2.1059,2.1059,2.0627,2.081,298047,0.4967,953400000,3495800000,81.5943,
600550.SH,保变电气,2001-12-17,2.0784,2.0823,2.03,2.0313,293599,0.4893,930600000,3412200000,79.6431,
600550.SH,保变电气,2001-12-18,2.0313,2.0692,2.026,2.0614,207400,0.3457,944400000,3462800000,80.8241,
600550.SH,保变电气,2001-12-19,2.0614,2.0653,2.0326,2.0339,205841,0.3431,931800000,3416600000,79.7458,
600550.SH,保变电气,2001-12-20,2.03,2.0326,1.9383,1.9592,375924,0.6265,897600000,3291200000,76.8188,
600550.SH,保变电气,2001-12-21,1.9592,1.971,1.9304,1.9645,145200,0.242,900000000,3300000000,77.0242,
600550.SH,保变电气,2001-12-24,1.9448,1.9579,1.9252,1.9291,80750,0.1346,883800000,3240600000,75.6378,
600550.SH,保变电气,2001-12-25,1.9291,1.9579,1.9186,1.9317,135135,0.2252,885000000,3245000000,75.7405,
600550.SH,保变电气,2001-12-26,1.9317,1.9619,1.9134,1.9619,111613,0.186,898800000,3295600000,76.9215,
600550.SH,保变电气,2001-12-27,1.9619,2.0169,1.9252,1.9907,253150,0.4219,912000000,3344000000,78.0512,
600550.SH,保变电气,2001-12-28,1.9907,1.9907,1.9907,1.9907,--,--,912000000,3344000000,78.0512,
600550.SH,保变电气,2001-12-31,1.9907,2.0954,1.975,2.0928,787250,1.3121,958800000,3515600000,82.0565,
600550.SH,保变电气,2002-01-04,2.0719,2.0719,1.992,2.0077,228200,0.3803,919800000,3372600000,78.7188,
600550.SH,保变电气,2002-01-07,2.0103,2.0103,1.933,1.9776,124200,0.207,906000000,3322000000,77.5377,
600550.SH,保变电气,2002-01-08,1.9736,1.9815,1.9357,1.9632,139970,0.2333,899400000,3297800000,76.9729,
600550.SH,保变电气,2002-01-09,1.9592,1.9592,1.8859,1.9029,280645,0.4677,871800000,3196600000,74.6108,
600550.SH,保变电气,2002-01-10,1.9003,1.9278,1.8414,1.916,297795,0.4963,877800000,3218600000,75.1243,
600550.SH,保变电气,2002-01-11,1.916,1.9278,1.8466,1.8466,148280,0.2471,846000000,3102000000,72.4028,
600550.SH,保变电气,2002-01-14,1.8204,1.8335,1.6619,1.6619,1103147,1.8386,761400000,2791800000,65.1625,
600550.SH,保变电气,2002-01-15,1.6606,1.6606,1.5585,1.5847,544070,0.9068,726000000,2662000000,62.1329,
600550.SH,保变电气,2002-01-16,1.5847,1.6371,1.5742,1.6331,331850,0.5531,748200000,2743400000,64.0328,
600550.SH,保变电气,2002-01-17,1.6305,1.6305,1.5402,1.5637,262190,0.437,716400000,2626800000,61.3113,
600550.SH,保变电气,2002-01-18,1.5454,1.5821,1.4734,1.5755,501221,0.8354,721800000,2646600000,61.7734,
600550.SH,保变电气,2002-01-21,1.5716,1.5978,1.5061,1.565,398030,0.6634,717000000,2629000000,61.3626,
600550.SH,保变电气,2002-01-22,1.5467,1.624,1.5271,1.5938,306629,0.511,730200000,2677400000,62.4923,
600550.SH,保变电气,2002-01-23,1.6083,1.7143,1.5716,1.7117,517846,0.8631,784200000,2875400000,67.1138,
600550.SH,保变电气,2002-01-24,1.7025,1.7353,1.6371,1.7104,665276,1.1088,783600000,2873200000,67.0624,
600550.SH,保变电气,2002-01-25,1.7052,1.7248,1.6567,1.7209,525859,0.8764,788400000,2890800000,67.4732,
600550.SH,保变电气,2002-01-28,1.7104,1.7156,1.5716,1.6096,454800,0.758,737400000,2703800000,63.1085,
600550.SH,保变电气,2002-01-29,1.548,1.6764,1.548,1.6646,448823,0.748,762600000,2796200000,65.2652,
600550.SH,保变电气,2002-01-30,1.6554,1.6764,1.6174,1.6305,449950,0.7499,747000000,2739000000,63.9301,
600550.SH,保变电气,2002-01-31,1.6777,1.768,1.6633,1.7589,791651,1.3194,805800000,2954600000,68.9624,
600550.SH,保变电气,2002-02-01,1.7418,1.7772,1.7025,1.751,792101,1.3202,802200000,2941400000,68.6543,
600550.SH,保变电气,2002-02-04,1.7445,1.7811,1.7091,1.7615,416514,0.6942,807000000,2959000000,69.0651,
600550.SH,保变电气,2002-02-05,1.7484,1.768,1.7353,1.7445,447120,0.7452,799200000,2930400000,68.3975,
600550.SH,保变电气,2002-02-06,1.7445,1.7445,1.6829,1.6829,450299,0.7505,771000000,2827000000,65.9841,
600550.SH,保变电气,2002-02-07,1.6842,1.7287,1.6829,1.7143,412268,0.6871,785400000,2879800000,67.2165,
600550.SH,保变电气,2002-02-08,1.7287,1.7405,1.6999,1.6999,209100,0.3485,778800000,2855600000,66.6516,
600550.SH,保变电气,2002-02-25,1.6999,1.6999,1.6999,1.6999,--,--,778800000,2855600000,66.6516,
600550.SH,保变电气,2002-02-26,1.7445,1.7654,1.7314,1.7641,865770,1.443,808200000,2963400000,69.1678,
600550.SH,保变电气,2002-02-27,1.7811,1.7811,1.7523,1.7549,203021,0.3384,804000000,2948000000,68.8083,
600550.SH,保变电气,2002-02-28,1.7549,1.7615,1.7287,1.7314,194500,0.3242,793200000,2908400000,67.884,
600550.SH,保变电气,2002-03-01,1.7222,1.7287,1.7065,1.7183,271160,0.4519,787200000,2886400000,67.3705,
600550.SH,保变电气,2002-03-04,1.7156,1.7746,1.7039,1.768,205113,0.3419,810000000,2970000000,69.3218,
600550.SH,保变电气,2002-03-05,1.768,1.8073,1.768,1.8008,361131,0.6019,825000000,3025000000,70.6056,
600550.SH,保变电气,2002-03-06,1.8073,1.8296,1.7929,1.7942,681980,1.1366,822000000,3014000000,70.3488,
600550.SH,保变电气,2002-03-07,1.768,1.844,1.768,1.844,606710,1.0112,844800000,3097600000,72.3001,
600550.SH,保变电气,2002-03-08,1.8558,1.8728,1.8335,1.8702,1243517,2.0725,856800000,3141600000,73.3271,
600550.SH,保变电气,2002-03-11,1.8728,1.899,1.8466,1.8951,912690,1.5212,868200000,3183400000,74.3027,
600550.SH,保变电气,2002-03-12,1.8951,1.8951,1.8335,1.8623,658070,1.0968,853200000,3128400000,73.019,
600550.SH,保变电气,2002-03-13,1.8597,1.8833,1.8204,1.8243,662900,1.1048,835800000,3064600000,71.5298,
600550.SH,保变电气,2002-03-14,1.8243,1.8558,1.8086,1.8518,616070,1.0268,848400000,3110800000,72.6082,
600550.SH,保变电气,2002-03-15,1.8518,1.8715,1.8126,1.8152,466400,0.7773,831600000,3049200000,71.1704,
600550.SH,保变电气,2002-03-18,1.8191,1.8466,1.7523,1.768,831971,1.3866,810000000,2970000000,69.3218,
600550.SH,保变电气,2002-03-19,1.768,1.9055,1.7484,1.9042,2697215,4.4954,872400000,3198800000,74.6622,
600550.SH,保变电气,2002-03-20,1.9121,1.9304,1.8728,1.8977,2762761,4.6046,869400000,3187800000,74.4054,
600550.SH,保变电气,2002-03-21,1.8859,1.9055,1.8623,1.8938,1632152,2.7203,867600000,3181200000,74.2514,
600550.SH,保变电气,2002-03-22,1.8924,1.9645,1.8924,1.9592,3443953,5.7399,897600000,3291200000,76.8188,
600550.SH,保变电气,2002-03-25,2.0431,2.0653,2.0038,2.0156,4116773,6.8613,923400000,3385800000,76.8428,
600550.SH,保变电气,2002-03-26,2.0208,2.0889,2.0182,2.0548,3084408,5.1407,941400000,3451800000,78.3407,
600550.SH,保变电气,2002-03-27,2.0562,2.1452,2.0391,2.1426,2856314,4.7605,981600000,3599200000,81.686,
600550.SH,保变电气,2002-03-28,2.1439,2.1504,2.0863,2.0981,3538613,5.8977,961200000,3524400000,79.9884,
600550.SH,保变电气,2002-03-29,2.0981,2.1413,2.0234,2.0352,3385416,5.6424,932400000,3418800000,77.5917,
600550.SH,保变电气,2002-04-01,2.0365,2.0994,2.0365,2.0535,2417310,4.0288,940800000,3449600000,78.2908,
600550.SH,保变电气,2002-04-02,2.0627,2.0692,1.9789,2.0103,1623880,2.7065,921000000,3377000000,76.6431,
600550.SH,保变电气,2002-04-03,2.0103,2.0339,1.9881,2.0038,1103701,1.8395,918000000,3366000000,76.3934,
600550.SH,保变电气,2002-04-04,2.0011,2.0732,1.9776,2.064,1415845,2.3597,945600000,3467200000,78.6902,
600550.SH,保变电气,2002-04-05,2.0823,2.0915,2.0365,2.0391,1332137,2.2202,934200000,3425400000,77.7415,
600550.SH,保变电气,2002-04-08,2.03,2.0548,2.0064,2.0326,695859,1.1598,931200000,3414400000,77.4919,
600550.SH,保变电气,2002-04-09,2.0404,2.1085,2.0391,2.0968,2057703,3.4295,960600000,3522200000,79.9385,
600550.SH,保变电气,2002-04-10,2.1059,2.1112,2.0679,2.102,1257126,2.0952,963000000,3531000000,80.1382,
600550.SH,保变电气,2002-04-11,2.102,2.1072,2.0562,2.0575,928760,1.5479,942600000,3456200000,78.4406,
600550.SH,保变电气,2002-04-12,2.0509,2.0745,2.0457,2.0575,889416,1.4824,942600000,3456200000,78.4406,
600550.SH,保变电气,2002-04-15,2.0797,2.0823,2.0457,2.0823,596650,0.9944,954000000,3498000000,79.3892,
600550.SH,保变电气,2002-04-16,2.0823,2.1007,2.0562,2.0863,648050,1.0801,955800000,3504600000,79.539,
600550.SH,保变电气,2002-04-17,2.0758,2.1308,2.0745,2.1151,1508342,2.5139,969000000,3553000000,80.6375,
600550.SH,保变电气,2002-04-18,2.1229,2.136,2.0954,2.102,1242800,2.0713,963000000,3531000000,80.1382,
600550.SH,保变电气,2002-04-19,2.0902,2.1007,2.0562,2.0968,744996,1.2417,960600000,3522200000,79.9385,
600550.SH,保变电气,2002-04-22,2.0837,2.1138,2.0758,2.0994,510602,0.851,961800000,3526600000,80.0383,
600550.SH,保变电气,2002-04-23,2.0994,2.1059,2.0562,2.0575,669642,1.1161,942600000,3456200000,78.4406,
600550.SH,保变电气,2002-04-24,2.0326,2.0588,1.9933,2.0051,904517,1.5075,918600000,3368200000,76.4433,
600550.SH,保变电气,2002-04-25,2.0051,2.0287,1.9881,2.0208,425392,0.709,925800000,3394600000,77.0425,
600550.SH,保变电气,2002-04-26,2.0208,2.0208,2.0208,2.0208,--,--,925800000,3394600000,77.0425,
600550.SH,保变电气,2002-04-29,2.0627,2.081,2.0496,2.0732,1000198,1.667,949800000,3482600000,79.0397,
600550.SH,保变电气,2002-04-30,2.085,2.0889,2.047,2.081,824601,1.3743,953400000,3495800000,79.3393,
600550.SH,保变电气,2002-05-08,2.0823,2.0941,2.0496,2.0535,391450,0.6524,940800000,3449600000,78.2908,
600550.SH,保变电气,2002-05-09,2.0431,2.0535,2.0208,2.0273,585680,0.9761,928800000,3405600000,77.2922,
600550.SH,保变电气,2002-05-10,2.0273,2.0431,2.0169,2.0234,439600,0.7327,927000000,3399000000,77.1424,
600550.SH,保变电气,2002-05-13,2.0247,2.03,2.0011,2.0182,493391,0.8223,924600000,3390200000,76.9426,
600550.SH,保变电气,2002-05-14,2.0116,2.0431,2.0103,2.0234,434302,0.7238,927000000,3399000000,77.1424,
600550.SH,保变电气,2002-05-15,2.0247,2.0313,1.9907,2.0011,403400,0.6723,916800000,3361600000,76.2936,
600550.SH,保变电气,2002-05-16,1.9881,1.9998,1.8728,1.8885,1093815,1.823,865200000,3172400000,71.9995,
600550.SH,保变电气,2002-05-17,1.8944,1.922,1.8057,1.853,655920,0.7288,846000000,3102000000,70.4018,
600550.SH,保变电气,2002-05-20,1.7939,1.8451,1.7702,1.7998,757492,0.8417,821700000,3012900000,68.3796,
600550.SH,保变电气,2002-05-21,1.8688,1.9023,1.8333,1.8511,987190,1.0969,845100000,3098700000,70.3269,
600550.SH,保变电气,2002-05-22,1.857,1.8629,1.784,1.786,715995,0.7956,815400000,2989800000,67.8553,
600550.SH,保变电气,2002-05-23,1.8176,1.8392,1.7702,1.7742,630271,0.7003,810000000,2970000000,67.406,
600550.SH,保变电气,2002-05-24,1.7742,1.7742,1.715,1.721,760353,0.8448,785700000,2880900000,65.3838,
600550.SH,保变电气,2002-05-27,1.7348,1.7525,1.7012,1.7426,717396,0.7971,795600000,2917200000,66.2076,
600550.SH,保变电气,2002-05-28,1.7426,1.7426,1.7426,1.7426,--,--,795600000,2917200000,66.2076,
600550.SH,保变电气,2002-05-29,1.7367,1.7426,1.6322,1.6559,1275300,1.417,756000000,2772000000,62.9122,
600550.SH,保变电气,2002-05-30,1.648,1.6658,1.6145,1.6539,643639,0.7152,755100000,2768700000,62.8373,
600550.SH,保变电气,2002-05-31,1.6382,1.7012,1.6382,1.6993,2205044,2.45,775800000,2844600000,64.5599,
600550.SH,保变电气,2002-06-03,1.6874,1.6874,1.65,1.6618,726149,0.8068,758700000,2781900000,63.1369,
600550.SH,保变电气,2002-06-04,1.6658,1.7525,1.6658,1.7348,1771123,1.9679,792000000,2904000000,65.908,
600550.SH,保变电气,2002-06-05,1.7328,1.7328,1.6973,1.7131,945553,1.0506,782100000,2867700000,65.0842,
600550.SH,保变电气,2002-06-06,1.6973,1.8727,1.6973,1.8254,2194982,2.4389,833400000,3055800000,69.3532,
600550.SH,保变电气,2002-06-07,1.8294,1.8432,1.788,1.8077,2347553,2.6084,825300000,3026100000,68.6792,
600550.SH,保变电气,2002-06-10,1.8077,1.8451,1.8038,1.8235,1100690,1.223,832500000,3052500000,69.2783,
600550.SH,保变电气,2002-06-11,1.8136,1.8392,1.8038,1.8274,817723,0.9086,834300000,3059100000,69.4281,
600550.SH,保变电气,2002-06-12,1.8136,1.8195,1.784,1.8057,861918,0.9577,824400000,3022800000,68.6043,
600550.SH,保变电气,2002-06-13,1.8254,1.8333,1.7939,1.8018,810200,0.9002,822600000,3016200000,68.4545,
600550.SH,保变电气,2002-06-14,1.784,1.7939,1.7269,1.7446,649540,0.7217,796500000,2920500000,66.2825,
600550.SH,保变电气,2002-06-17,1.7012,1.7525,1.6953,1.7505,331487,0.3683,799200000,2930400000,66.5072,
600550.SH,保变电气,2002-06-18,1.7545,1.8097,1.7545,1.7919,451574,0.5017,818100000,2999700000,68.08,
600550.SH,保变电气,2002-06-19,1.8038,1.8038,1.7525,1.79,443673,0.493,817200000,2996400000,68.0051,
600550.SH,保变电气,2002-06-20,1.784,1.8057,1.7722,1.7801,278549,0.3095,812700000,2979900000,67.6306,
600550.SH,保变电气,2002-06-21,1.7742,1.853,1.7742,1.8333,1182593,1.314,837000000,3069000000,69.6528,
600550.SH,保变电气,2002-06-24,2.0167,2.0167,1.9319,2.0167,5863669,6.5152,920700000,3375900000,76.6181,
600550.SH,保变电气,2002-06-25,2.0167,2.064,1.9674,2.0048,4060438,4.5116,915300000,3356100000,76.1687,
600550.SH,保变电气,2002-06-26,1.9713,2.0462,1.9536,2.0423,1751191,1.9458,932400000,3418800000,77.5917,
600550.SH,保变电气,2002-06-27,2.0521,2.0659,1.993,2.0029,1527276,1.697,914400000,3352800000,76.0938,
600550.SH,保变电气,2002-06-28,1.995,2.0048,1.9141,1.9319,3205351,3.5615,882000000,3234000000,73.3976,
600550.SH,保变电气,2002-07-01,1.9319,1.9477,1.9082,1.9122,898704,0.9986,873000000,3201000000,72.6486,
600550.SH,保变电气,2002-07-02,1.9043,1.9634,1.8708,1.9615,1453740,1.6153,895500000,3283500000,74.521,
600550.SH,保变电气,2002-07-03,1.9713,2.0029,1.9516,1.9831,1522029,1.6911,905400000,3319800000,75.3449,
600550.SH,保变电气,2002-07-04,1.9989,2.0502,1.9989,2.0088,3681083,4.0901,917100000,3362700000,76.3185,
600550.SH,保变电气,2002-07-05,1.9989,2.0186,1.9792,1.9969,783764,0.8708,911700000,3342900000,75.8691,
600550.SH,保变电气,2002-07-08,1.9969,2.0206,1.9969,2.0107,769601,0.8551,918000000,3366000000,76.3934,
600550.SH,保变电气,2002-07-09,2.0265,2.0305,1.9831,1.9891,551450,0.6127,908100000,3329700000,75.5696,
600550.SH,保变电气,2002-07-10,1.9969,1.9969,1.9496,1.9674,1407268,1.5636,898200000,3293400000,74.7457,
600550.SH,保变电气,2002-07-11,1.9516,1.9634,1.9319,1.9595,563343,0.6259,894600000,3280200000,74.4461,
600550.SH,保变电气,2002-07-12,1.9595,1.9713,1.9417,1.9516,239420,0.266,891000000,3267000000,74.1466,
600550.SH,保变电气,2002-07-15,1.9496,1.9496,1.9122,1.924,619550,0.6884,878400000,3220800000,73.098,
600550.SH,保变电气,2002-07-16,1.9122,1.9417,1.9043,1.9319,429813,0.4776,882000000,3234000000,73.3976,
600550.SH,保变电气,2002-07-17,1.9141,1.9319,1.8964,1.9319,316220,0.3514,882000000,3234000000,73.3976,
600550.SH,保变电气,2002-07-18,1.9319,1.9516,1.9102,1.9319,513906,0.571,882000000,3234000000,73.3976,
600550.SH,保变电气,2002-07-19,1.9319,1.9615,1.9319,1.9417,225304,0.2503,886500000,3250500000,73.7721,
600550.SH,保变电气,2002-07-22,1.9516,1.9516,1.8925,1.8984,623974,0.6933,866700000,3177900000,72.1244,
600550.SH,保变电气,2002-07-23,1.8964,1.9063,1.8294,1.8511,1159350,1.2882,845100000,3098700000,70.3269,
600550.SH,保变电气,2002-07-24,1.853,1.8649,1.8294,1.8373,339947,0.3777,838800000,3075600000,69.8026,
600550.SH,保变电气,2002-07-25,1.8826,1.8826,1.7939,1.8116,728199,0.8091,827100000,3032700000,68.829,
600550.SH,保变电气,2002-07-26,1.8136,1.8274,1.7939,1.8136,358625,0.3985,828000000,3036000000,68.9039,
600550.SH,保变电气,2002-07-29,1.8116,1.8294,1.7939,1.8274,162505,0.1806,834300000,3059100000,69.4281,
600550.SH,保变电气,2002-07-30,1.8235,1.8274,1.8057,1.8254,159920,0.1777,833400000,3055800000,69.3532,
600550.SH,保变电气,2002-07-31,1.8235,1.8235,1.8018,1.8057,195508,0.2172,824400000,3022800000,68.6043,
600550.SH,保变电气,2002-08-01,1.8038,1.8235,1.7939,1.8097,194529,0.2161,826200000,3029400000,68.7541,
600550.SH,保变电气,2002-08-02,1.8057,1.8136,1.7762,1.8057,448156,0.498,824400000,3022800000,68.6043,
600550.SH,保变电气,2002-08-05,1.8097,1.8136,1.788,1.8057,143659,0.1596,824400000,3022800000,68.6043,
600550.SH,保变电气,2002-08-06,1.7978,1.8392,1.7939,1.8195,304576,0.3384,830700000,3045900000,69.1286,
600550.SH,保变电气,2002-08-07,1.8215,1.8373,1.8215,1.8333,214748,0.2386,837000000,3069000000,69.6528,
600550.SH,保变电气,2002-08-08,1.8432,1.8649,1.8353,1.8392,483100,0.5368,839700000,3078900000,69.8775,
600550.SH,保变电气,2002-08-09,1.8392,1.8392,1.8392,1.8392,--,--,839700000,3078900000,69.8775,
600550.SH,保变电气,2002-08-12,1.8274,1.8274,1.7939,1.8116,197588,0.2195,827100000,3032700000,68.829,
600550.SH,保变电气,2002-08-13,1.8116,1.8116,1.79,1.7959,145594,0.1618,819900000,3006300000,68.2298,
600550.SH,保变电气,2002-08-14,1.7821,1.8018,1.7801,1.7978,156648,0.1741,820800000,3009600000,68.3047,
600550.SH,保变电气,2002-08-15,1.7998,1.7998,1.7722,1.7742,279050,0.3101,810000000,2970000000,67.406,
600550.SH,保变电气,2002-08-16,1.7663,1.784,1.7446,1.7683,515264,0.5725,807300000,2960100000,67.1813,
600550.SH,保变电气,2002-08-19,1.7722,1.7722,1.7348,1.7486,294350,0.3271,798300000,2927100000,66.4323,
600550.SH,保变电气,2002-08-20,1.7446,1.7742,1.7348,1.7702,531598,0.5907,808200000,2963400000,67.2562,
600550.SH,保变电气,2002-08-21,1.7742,1.784,1.7505,1.7545,311443,0.346,801000000,2937000000,66.657,
600550.SH,保变电气,2002-08-22,1.7564,1.8038,1.7545,1.7919,392602,0.4362,818100000,2999700000,68.08,
600550.SH,保变电气,2002-08-23,1.79,1.7919,1.7604,1.7762,398764,0.4431,810900000,2973300000,64.282,
600550.SH,保变电气,2002-08-26,1.7762,1.7762,1.7505,1.7525,275800,0.3064,800100000,2933700000,63.4258,
600550.SH,保变电气,2002-08-27,1.7584,1.7762,1.7525,1.7624,360824,0.4009,804600000,2950200000,63.7825,
600550.SH,保变电气,2002-08-28,1.7762,1.8136,1.7762,1.7801,449598,0.4996,812700000,2979900000,64.4247,
600550.SH,保变电气,2002-08-29,1.7939,1.8038,1.7781,1.7821,176806,0.1965,813600000,2983200000,64.496,
600550.SH,保变电气,2002-08-30,1.7939,1.7939,1.7663,1.7781,77251,0.0858,811800000,2976600000,64.3533,
600550.SH,保变电气,2002-09-02,1.7742,1.7762,1.7505,1.7525,342500,0.3806,800100000,2933700000,63.4258,
600550.SH,保变电气,2002-09-03,1.7525,1.7722,1.7446,1.7545,315250,0.3503,801000000,2937000000,63.4972,
600550.SH,保变电气,2002-09-04,1.7564,1.7742,1.7348,1.7466,180700,0.2008,797400000,2923800000,63.2118,
600550.SH,保变电气,2002-09-05,1.7545,1.7545,1.7111,1.715,500732,0.5564,783000000,2871000000,62.0703,
600550.SH,保变电气,2002-09-06,1.717,1.7328,1.6993,1.7032,308474,0.3427,777600000,2851200000,61.6422,
600550.SH,保变电气,2002-09-09,1.6953,1.7072,1.6855,1.6914,208250,0.2314,772200000,2831400000,61.2141,
600550.SH,保变电气,2002-09-10,1.6953,1.7072,1.6894,1.7052,169450,0.1883,778500000,2854500000,61.7135,
600550.SH,保变电气,2002-09-11,1.6993,1.7111,1.6796,1.6953,136044,0.1512,774000000,2838000000,61.3568,
600550.SH,保变电气,2002-09-12,1.6815,1.7111,1.6756,1.6934,153276,0.1703,773100000,2834700000,61.2855,
600550.SH,保变电气,2002-09-13,1.6953,1.7052,1.6815,1.6934,76250,0.0847,773100000,2834700000,61.2855,
600550.SH,保变电气,2002-09-16,1.6815,1.6914,1.6677,1.6756,175894,0.1954,765000000,2805000000,60.6434,
600550.SH,保变电气,2002-09-17,1.6815,1.6953,1.648,1.6618,216500,0.2406,758700000,2781900000,60.1439,
600550.SH,保变电气,2002-09-18,1.6677,1.6677,1.648,1.648,160240,0.178,752400000,2758800000,59.6445,
600550.SH,保变电气,2002-09-19,1.646,1.6796,1.6322,1.6736,344058,0.3823,764100000,2801700000,60.572,
600550.SH,保变电气,2002-09-20,1.6717,1.6815,1.6559,1.6796,163657,0.1818,766800000,2811600000,60.786,
600550.SH,保变电气,2002-09-23,1.648,1.6756,1.648,1.6598,101320,0.1126,757800000,2778600000,60.0726,
600550.SH,保变电气,2002-09-24,1.6559,1.6618,1.648,1.648,228692,0.2541,752400000,2758800000,59.6445,
600550.SH,保变电气,2002-09-25,1.652,1.6717,1.6401,1.6618,263696,0.293,758700000,2781900000,60.1439,
600550.SH,保变电气,2002-09-26,1.6638,1.6717,1.6401,1.646,295563,0.3284,751500000,2755500000,59.5732,
600550.SH,保变电气,2002-09-27,1.6539,1.6559,1.6322,1.6342,193727,0.2153,746100000,2735700000,59.1451,
600550.SH,保变电气,2002-10-08,1.6342,1.6342,1.6342,1.6342,--,--,746100000,2735700000,59.1451,
600550.SH,保变电气,2002-10-09,1.5751,1.5771,1.5593,1.5692,173144,0.1924,716400000,2626800000,56.7907,
600550.SH,保变电气,2002-10-10,1.5692,1.5771,1.51,1.5376,469471,0.5216,702000000,2574000000,55.6492,
600550.SH,保变电气,2002-10-11,1.5396,1.5475,1.5041,1.5081,322557,0.3584,688500000,2524500000,54.579,
600550.SH,保变电气,2002-10-14,1.51,1.5317,1.4943,1.5258,302392,0.336,696600000,2554200000,55.2211,
600550.SH,保变电气,2002-10-15,1.5179,1.5357,1.5159,1.5199,111948,0.1244,693900000,2544300000,55.0071,
600550.SH,保变电气,2002-10-16,1.5317,1.5554,1.5219,1.5278,342901,0.381,697500000,2557500000,55.2925,
600550.SH,保变电气,2002-10-17,1.5278,1.5396,1.4982,1.5081,126418,0.1405,688500000,2524500000,54.579,
600550.SH,保变电气,2002-10-18,1.5179,1.5297,1.4883,1.5021,192833,0.2143,685800000,2514600000,54.365,
600550.SH,保变电气,2002-10-21,1.51,1.5238,1.4982,1.514,72263,0.0803,691200000,2534400000,54.7931,
600550.SH,保变电气,2002-10-22,1.5081,1.5711,1.5081,1.5514,337285,0.3748,708300000,2597100000,56.1486,
600550.SH,保变电气,2002-10-23,1.5593,1.5593,1.5376,1.5495,209007,0.2322,707400000,2593800000,56.0773,
600550.SH,保变电气,2002-10-24,1.5534,1.5534,1.5317,1.5317,163300,0.1814,699300000,2564100000,55.4352,
600550.SH,保变电气,2002-10-25,1.512,1.5455,1.5081,1.51,123600,0.1373,689400000,2527800000,54.6504,
600550.SH,保变电气,2002-10-28,1.5435,1.5435,1.4745,1.4785,238184,0.2646,675000000,2475000000,53.5088,
600550.SH,保变电气,2002-10-29,1.4805,1.4883,1.4292,1.4568,434329,0.4826,665100000,2438700000,52.724,
600550.SH,保变电气,2002-10-30,1.4588,1.4667,1.4469,1.4647,179273,0.1992,668700000,2451900000,53.0094,
600550.SH,保变电气,2002-10-31,1.4647,1.4824,1.4588,1.4607,196900,0.2188,666900000,2445300000,52.8667,
600550.SH,保变电气,2002-11-01,1.4588,1.4627,1.4391,1.4469,127499,0.1417,660600000,2422200000,52.3673,
600550.SH,保变电气,2002-11-04,1.4588,1.4785,1.4509,1.4785,345412,0.3838,675000000,2475000000,53.5088,
600550.SH,保变电气,2002-11-05,1.4785,1.5475,1.4785,1.5179,1036472,1.1516,693000000,2541000000,54.9357,
600550.SH,保变电气,2002-11-06,1.5278,1.5672,1.5238,1.5475,1003150,1.1146,706500000,2590500000,56.0059,
600550.SH,保变电气,2002-11-07,1.5475,1.5593,1.5238,1.5357,406995,0.4522,701100000,2570700000,55.5779,
600550.SH,保变电气,2002-11-08,1.5633,1.5633,1.4785,1.4805,454150,0.5046,675900000,2478300000,53.5802,
600550.SH,保变电气,2002-11-11,1.4805,1.4805,1.4805,1.4805,--,--,675900000,2478300000,53.5802,
600550.SH,保变电气,2002-11-12,1.4568,1.4805,1.4193,1.4253,460870,0.5121,650700000,2385900000,51.5825,
600550.SH,保变电气,2002-11-13,1.4193,1.4272,1.3996,1.4253,287120,0.319,650700000,2385900000,51.5825,
600550.SH,保变电气,2002-11-14,1.4193,1.4253,1.3799,1.3799,296820,0.3298,630000000,2310000000,49.9416,
600550.SH,保变电气,2002-11-15,1.3799,1.4391,1.376,1.4095,529136,0.5879,643500000,2359500000,51.0118,
600550.SH,保变电气,2002-11-18,1.4095,1.4095,1.376,1.3799,388150,0.4313,630000000,2310000000,49.9416,
600550.SH,保变电气,2002-11-19,1.3799,1.4134,1.3799,1.4115,215760,0.2397,644400000,2362800000,51.0831,
600550.SH,保变电气,2002-11-20,1.4095,1.4115,1.374,1.3819,357800,0.3976,630900000,2313300000,50.0129,
600550.SH,保变电气,2002-11-21,1.3799,1.3898,1.3188,1.3228,415082,0.4612,603900000,2214300000,47.8726,
600550.SH,保变电气,2002-11-22,1.3208,1.3701,1.3011,1.3306,417802,0.4642,607500000,2227500000,48.158,
600550.SH,保变电气,2002-11-25,1.3208,1.3543,1.3208,1.3484,151327,0.1681,615600000,2257200000,48.8001,
600550.SH,保变电气,2002-11-26,1.3503,1.3622,1.3011,1.3011,256620,0.2851,594000000,2178000000,47.0878,
600550.SH,保变电气,2002-11-27,1.3011,1.3129,1.2616,1.2971,340459,0.3783,592200000,2171400000,46.9451,
600550.SH,保变电气,2002-11-28,1.2971,1.2971,1.2971,1.2971,--,--,592200000,2171400000,46.9451,
600550.SH,保变电气,2002-11-29,1.3602,1.4115,1.3405,1.3937,2436683,2.7074,636300000,2333100000,50.441,
600550.SH,保变电气,2002-12-02,1.3898,1.3898,1.3149,1.3208,798855,0.8876,603000000,2211000000,47.8012,
600550.SH,保变电气,2002-12-03,1.3149,1.3503,1.3109,1.3444,483832,0.5376,613800000,2250600000,48.6574,
600550.SH,保变电气,2002-12-04,1.3582,1.3839,1.3405,1.3523,668031,0.7423,617400000,2263800000,48.9428,
600550.SH,保变电气,2002-12-05,1.3563,1.3563,1.3405,1.3523,315744,0.3508,617400000,2263800000,48.9428,
600550.SH,保变电气,2002-12-06,1.372,1.372,1.3405,1.3464,138050,0.1534,614700000,2253900000,48.7287,
600550.SH,保变电气,2002-12-09,1.3405,1.3582,1.3208,1.3247,485780,0.5398,604800000,2217600000,47.9439,
600550.SH,保变电气,2002-12-10,1.3208,1.3444,1.2814,1.2833,520376,0.5782,585900000,2148300000,46.4457,
600550.SH,保变电气,2002-12-11,1.2814,1.2932,1.2616,1.2853,364360,0.4048,586800000,2151600000,46.517,
600550.SH,保变电气,2002-12-12,1.2892,1.3188,1.2774,1.305,303521,0.3372,595800000,2184600000,47.2305,
600550.SH,保变电气,2002-12-13,1.2912,1.3444,1.2656,1.3267,402612,0.4473,605700000,2220900000,48.0153,
600550.SH,保变电气,2002-12-16,1.3267,1.3681,1.3149,1.3523,679483,0.755,617400000,2263800000,48.9428,
600550.SH,保变电气,2002-12-17,1.3444,1.372,1.3444,1.3622,646272,0.7181,621900000,2280300000,49.2995,
600550.SH,保变电气,2002-12-18,1.372,1.3819,1.3444,1.3543,688197,0.7647,618300000,2267100000,49.0141,
600550.SH,保变电气,2002-12-19,1.3444,1.3602,1.3346,1.3444,404851,0.4498,613800000,2250600000,48.6574,
600550.SH,保变电气,2002-12-20,1.3464,1.3799,1.3346,1.374,672436,0.7472,627300000,2300100000,49.7276,
600550.SH,保变电气,2002-12-23,1.3799,1.3957,1.3563,1.3582,1284200,1.4269,620100000,2273700000,49.1568,
600550.SH,保变电气,2002-12-24,1.3582,1.3661,1.3464,1.3622,543328,0.6037,621900000,2280300000,49.2995,
600550.SH,保变电气,2002-12-25,1.3602,1.372,1.3405,1.3444,503700,0.5597,613800000,2250600000,48.6574,
600550.SH,保变电气,2002-12-26,1.3523,1.3622,1.2892,1.2912,630250,0.7003,589500000,2161500000,46.7311,
600550.SH,保变电气,2002-12-27,1.2873,1.3011,1.2715,1.2873,463925,0.5155,587700000,2154900000,46.5884,
600550.SH,保变电气,2002-12-30,1.2814,1.2912,1.2616,1.2616,388850,0.4321,576000000,2112000000,45.6609,
600550.SH,保变电气,2002-12-31,1.2616,1.2814,1.2478,1.2478,400440,0.4449,569700000,2088900000,45.1615,
600550.SH,保变电气,2003-01-02,1.2419,1.2616,1.2084,1.2104,433000,0.4811,552600000,2026200000,43.8059,
600550.SH,保变电气,2003-01-03,1.2104,1.2202,1.2045,1.2183,241973,0.2689,556200000,2039400000,44.0913,
600550.SH,保变电气,2003-01-06,1.2124,1.238,1.2124,1.238,209325,0.2326,565200000,2072400000,44.8047,
600550.SH,保变电气,2003-01-07,1.238,1.2518,1.2222,1.2281,251070,0.279,560700000,2055900000,44.448,
600550.SH,保变电气,2003-01-08,1.2321,1.2715,1.2262,1.2695,435500,0.4839,579600000,2125200000,45.9463,
600550.SH,保变电气,2003-01-09,1.2754,1.3129,1.2616,1.303,1048323,1.1648,594900000,2181300000,47.1591,
600550.SH,保变电气,2003-01-10,1.3011,1.3149,1.2754,1.2774,648500,0.7206,583200000,2138400000,46.2316,
600550.SH,保变电气,2003-01-13,1.2735,1.2952,1.2735,1.2814,298652,0.3318,585000000,2145000000,46.3743,
600550.SH,保变电气,2003-01-14,1.2853,1.3701,1.2754,1.3444,1347328,1.497,613800000,2250600000,48.6574,
600550.SH,保变电气,2003-01-15,1.3543,1.3799,1.3306,1.3405,1425970,1.5844,612000000,2244000000,48.5147,
600550.SH,保变电气,2003-01-16,1.3405,1.3799,1.3385,1.372,1017097,1.1301,626400000,2296800000,49.6562,
600550.SH,保变电气,2003-01-17,1.372,1.3898,1.3444,1.3602,880418,0.9782,621000000,2277000000,49.2281,
600550.SH,保变电气,2003-01-20,1.3563,1.3661,1.3306,1.3503,587909,0.6532,616500000,2260500000,48.8714,
600550.SH,保变电气,2003-01-21,1.3543,1.3582,1.3208,1.3385,938846,1.0432,611100000,2240700000,48.4433,
600550.SH,保变电气,2003-01-22,1.3425,1.3957,1.3267,1.3878,2825565,3.1395,633600000,2323200000,50.227,
600550.SH,保变电气,2003-01-23,1.3839,1.3937,1.3622,1.3917,1483675,1.6485,635400000,2329800000,50.3697,
600550.SH,保变电气,2003-01-24,1.3917,1.4233,1.3563,1.4193,2566846,2.8521,648000000,2376000000,51.3685,
600550.SH,保变电气,2003-01-27,1.4193,1.443,1.4075,1.4312,1919824,2.1331,653400000,2395800000,51.7966,
600550.SH,保变电气,2003-01-28,1.4292,1.4351,1.4134,1.4351,1028559,1.1428,655200000,2402400000,51.9393,
600550.SH,保变电气,2003-01-29,1.4292,1.4312,1.4115,1.4115,855175,0.9502,644400000,2362800000,51.0831,
600550.SH,保变电气,2003-02-10,1.3996,1.4036,1.3641,1.3681,850652,0.9452,624600000,2290200000,49.5135,
600550.SH,保变电气,2003-02-11,1.3799,1.3957,1.3681,1.3937,428399,0.476,636300000,2333100000,50.441,
600550.SH,保变电气,2003-02-12,1.3937,1.4193,1.3839,1.4193,605144,0.6724,648000000,2376000000,51.3685,
600550.SH,保变电气,2003-02-13,1.4174,1.441,1.4036,1.4055,988850,1.0987,641700000,2352900000,50.8691,
600550.SH,保变电气,2003-02-14,1.4016,1.4134,1.3957,1.4075,629808,0.6998,642600000,2356200000,50.9404,
600550.SH,保变电气,2003-02-17,1.4055,1.4272,1.3937,1.3957,674446,0.7494,637200000,2336400000,50.5124,
600550.SH,保变电气,2003-02-18,1.3937,1.4055,1.3878,1.4016,455046,0.5056,639900000,2346300000,50.7264,
600550.SH,保变电气,2003-02-19,1.4095,1.4312,1.3957,1.4312,923898,1.0266,653400000,2395800000,51.7966,
600550.SH,保变电气,2003-02-20,1.4371,1.4371,1.4193,1.4253,667820,0.742,650700000,2385900000,51.5825,
600550.SH,保变电气,2003-02-21,1.4154,1.4253,1.372,1.3779,832750,0.9253,629100000,2306700000,49.8702,
600550.SH,保变电气,2003-02-24,1.376,1.3878,1.3641,1.3839,416859,0.4632,631800000,2316600000,50.0843,
600550.SH,保变电气,2003-02-25,1.3799,1.4174,1.3799,1.4174,669534,0.7439,647100000,2372700000,51.2971,
600550.SH,保变电气,2003-02-26,1.4371,1.4706,1.4292,1.4351,1977574,2.1973,655200000,2402400000,51.9393,
600550.SH,保变电气,2003-02-27,1.4391,1.4391,1.4154,1.4233,609266,0.677,649800000,2382600000,51.5112,
600550.SH,保变电气,2003-02-28,1.4193,1.4233,1.3996,1.4154,605012,0.6722,646200000,2369400000,51.2258,
600550.SH,保变电气,2003-03-03,1.4154,1.4351,1.4095,1.4331,463656,0.5152,654300000,2399100000,51.8679,
600550.SH,保变电气,2003-03-04,1.4331,1.4351,1.4154,1.4213,400850,0.4454,648900000,2379300000,51.4398,
600550.SH,保变电气,2003-03-05,1.4193,1.4292,1.3957,1.4095,428939,0.4766,643500000,2359500000,51.0118,
600550.SH,保变电气,2003-03-06,1.4115,1.4115,1.372,1.3799,466850,0.5187,630000000,2310000000,49.9416,
600550.SH,保变电气,2003-03-07,1.3779,1.3878,1.372,1.376,295700,0.3286,628200000,2303400000,49.7989,
600550.SH,保变电气,2003-03-10,1.3819,1.3819,1.3405,1.3405,505500,0.5617,612000000,2244000000,48.5147,
600550.SH,保变电气,2003-03-11,1.3405,1.3503,1.3326,1.3346,373250,0.4147,609300000,2234100000,48.3007,
600550.SH,保变电气,2003-03-12,1.3346,1.3484,1.3287,1.3484,337260,0.3747,615600000,2257200000,48.8001,
600550.SH,保变电气,2003-03-13,1.3444,1.3444,1.3267,1.3287,252000,0.28,606600000,2224200000,48.0866,
600550.SH,保变电气,2003-03-14,1.3287,1.3365,1.3247,1.3267,220550,0.2451,605700000,2220900000,48.0153,
600550.SH,保变电气,2003-03-17,1.3267,1.3267,1.2971,1.309,327750,0.3642,597600000,2191200000,47.3732,
600550.SH,保变电气,2003-03-18,1.3208,1.3306,1.2814,1.2892,304300,0.3381,588600000,2158200000,46.6597,
600550.SH,保变电气,2003-03-19,1.2853,1.3129,1.2814,1.3011,299463,0.3327,594000000,2178000000,47.0878,
600550.SH,保变电气,2003-03-20,1.309,1.309,1.2912,1.2971,176985,0.1966,592200000,2171400000,46.9451,
600550.SH,保变电气,2003-03-21,1.2971,1.3168,1.2912,1.3149,212306,0.2359,600300000,2201100000,47.5872,
600550.SH,保变电气,2003-03-24,1.3188,1.3188,1.303,1.3129,141475,0.1572,599400000,2197800000,47.5159,
600550.SH,保变电气,2003-03-25,1.2912,1.305,1.2774,1.2794,400600,0.4451,584100000,2141700000,64.5014,
600550.SH,保变电气,2003-03-26,1.2814,1.2892,1.2597,1.2597,312323,0.347,575100000,2108700000,63.5076,
600550.SH,保变电气,2003-03-27,1.2597,1.3267,1.2597,1.3188,609642,0.6774,602100000,2207700000,66.4892,
600550.SH,保变电气,2003-03-28,1.3168,1.3247,1.2971,1.305,419237,0.4658,595800000,2184600000,65.7934,
600550.SH,保变电气,2003-03-31,1.305,1.3247,1.2971,1.3208,345556,0.384,603000000,2211000000,66.5885,
600550.SH,保变电气,2003-04-01,1.3208,1.3287,1.3109,1.3287,464983,0.5166,606600000,2224200000,66.9861,
600550.SH,保变电气,2003-04-02,1.3247,1.3346,1.3168,1.3208,274900,0.3054,603000000,2211000000,66.5885,
600550.SH,保变电气,2003-04-03,1.3247,1.3247,1.303,1.307,349350,0.3882,596700000,2187900000,65.8928,
600550.SH,保变电气,2003-04-04,1.3011,1.3385,1.2873,1.3306,597244,0.6636,607500000,2227500000,67.0855,
600550.SH,保变电气,2003-04-07,1.3208,1.3208,1.2971,1.2971,456598,0.5073,592200000,2171400000,65.3959,
600550.SH,保变电气,2003-04-08,1.2971,1.2971,1.2735,1.2794,489493,0.5439,584100000,2141700000,64.5014,
600550.SH,保变电气,2003-04-09,1.2794,1.2873,1.2222,1.2794,1291981,1.4355,584100000,2141700000,64.5014,
600550.SH,保变电气,2003-04-10,1.2597,1.3011,1.2577,1.2991,1460029,1.6223,593100000,2174700000,65.4953,
600550.SH,保变电气,2003-04-11,1.2991,1.3503,1.2932,1.3444,2073438,2.3038,613800000,2250600000,67.7812,
600550.SH,保变电气,2003-04-14,1.3444,1.4036,1.3425,1.3957,2759989,3.0667,637200000,2336400000,70.3652,
600550.SH,保变电气,2003-04-15,1.4075,1.4154,1.3602,1.3957,1558160,1.7313,637200000,2336400000,70.3652,
600550.SH,保变电气,2003-04-16,1.3957,1.3996,1.3405,1.3444,2076090,2.3068,613800000,2250600000,67.7812,
600550.SH,保变电气,2003-04-17,1.3405,1.3602,1.3267,1.3484,880983,0.9789,615600000,2257200000,67.9799,
600550.SH,保变电气,2003-04-18,1.3503,1.3799,1.3464,1.3641,975087,1.0834,622800000,2283600000,68.775,
600550.SH,保变电气,2003-04-21,1.3641,1.3701,1.3011,1.3405,1306724,1.4519,612000000,2244000000,67.5824,
600550.SH,保变电气,2003-04-22,1.3208,1.3326,1.3208,1.3267,400475,0.445,605700000,2220900000,66.8867,
600550.SH,保变电气,2003-04-23,1.3247,1.3306,1.2912,1.2912,705360,0.7837,589500000,2161500000,65.0977,
600550.SH,保变电气,2003-04-24,1.2912,1.2991,1.2439,1.2557,724249,0.8047,573300000,2102100000,63.3088,
600550.SH,保变电气,2003-04-25,1.2557,1.2557,1.2557,1.2557,--,--,573300000,2102100000,63.3088,
600550.SH,保变电气,2003-04-28,1.2321,1.2597,1.2124,1.2577,792795,0.8809,574200000,2105400000,63.4082,
600550.SH,保变电气,2003-04-29,1.2459,1.2459,1.2183,1.2222,472530,0.525,558000000,2046000000,65.6493,
600550.SH,保变电气,2003-04-30,1.2222,1.2735,1.2222,1.2715,897457,0.9972,580500000,2128500000,68.2964,
600550.SH,保变电气,2003-05-12,1.2616,1.2616,1.2321,1.2419,342580,0.3806,567000000,2079000000,66.7081,
600550.SH,保变电气,2003-05-13,1.234,1.238,1.1434,1.1631,773087,0.859,531000000,1947000000,62.4727,
600550.SH,保变电气,2003-05-14,1.1591,1.2124,1.1552,1.2104,542339,0.6026,552600000,2026200000,65.0139,
600550.SH,保变电气,2003-05-15,1.2183,1.2695,1.1867,1.24,665243,0.7392,566100000,2075700000,66.6022,
600550.SH,保变电气,2003-05-16,1.2419,1.2676,1.2301,1.2557,534196,0.5936,573300000,2102100000,67.4493,
600550.SH,保变电气,2003-05-19,1.2676,1.2715,1.238,1.2616,454480,0.505,576000000,2112000000,67.767,
600550.SH,保变电气,2003-05-20,1.2636,1.2636,1.2321,1.2518,389368,0.4326,571500000,2095500000,67.2375,
600550.SH,保变电气,2003-05-21,1.2321,1.2774,1.2321,1.2735,789737,0.8775,581400000,2131800000,68.4023,
600550.SH,保变电气,2003-05-22,1.2912,1.3247,1.2912,1.3109,3076860,3.4187,598500000,2194500000,70.4141,
600550.SH,保变电气,2003-05-23,1.309,1.3287,1.2912,1.307,1424335,1.5826,596700000,2187900000,70.2023,
600550.SH,保变电气,2003-05-26,1.307,1.3267,1.2892,1.3011,790588,0.8784,594000000,2178000000,69.8847,
600550.SH,保变电气,2003-05-27,1.3109,1.3247,1.3011,1.3208,796350,0.8848,603000000,2211000000,70.9436,
600550.SH,保变电气,2003-05-28,1.3208,1.3464,1.3109,1.3149,1089040,1.21,600300000,2201100000,70.6259,
600550.SH,保变电气,2003-05-29,1.3109,1.3188,1.2853,1.305,751625,0.8351,595800000,2184600000,70.0965,
600550.SH,保变电气,2003-05-30,1.3011,1.3188,1.2971,1.307,831506,0.9239,596700000,2187900000,70.2023,
600550.SH,保变电气,2003-06-02,1.3109,1.3168,1.2814,1.2912,589462,0.655,589500000,2161500000,69.3553,
600550.SH,保变电气,2003-06-03,1.2971,1.3503,1.2971,1.3385,2437142,2.7079,611100000,2240700000,71.8965,
600550.SH,保变电气,2003-06-04,1.3365,1.3365,1.309,1.3267,877218,0.9747,605700000,2220900000,71.2612,
600550.SH,保变电气,2003-06-05,1.3247,1.3563,1.3011,1.309,942382,1.0471,597600000,2191200000,70.3082,
600550.SH,保变电气,2003-06-06,1.3011,1.3168,1.2794,1.2814,747588,0.8307,585000000,2145000000,68.8258,
600550.SH,保变电气,2003-06-09,1.2794,1.2794,1.2439,1.2459,585250,0.6503,568800000,2085600000,66.9199,
600550.SH,保变电气,2003-06-10,1.2459,1.2616,1.2262,1.2478,412182,0.458,569700000,2088900000,67.0258,
600550.SH,保变电气,2003-06-11,1.2518,1.2735,1.2518,1.2715,487008,0.5411,580500000,2128500000,68.2964,
600550.SH,保变电气,2003-06-12,1.2754,1.2774,1.2478,1.2577,322450,0.3583,574200000,2105400000,67.5552,
600550.SH,保变电气,2003-06-13,1.2754,1.2754,1.2616,1.2735,361841,0.402,581400000,2131800000,68.4023,
600550.SH,保变电气,2003-06-16,1.2735,1.2774,1.2656,1.2774,204933,0.2277,583200000,2138400000,68.6141,
600550.SH,保变电气,2003-06-17,1.2774,1.2774,1.2616,1.2715,203760,0.2264,580500000,2128500000,68.2964,
600550.SH,保变电气,2003-06-18,1.2616,1.2794,1.2518,1.2636,156248,0.1736,576900000,2115300000,67.8729,
600550.SH,保变电气,2003-06-19,1.2616,1.2676,1.2321,1.2439,287124,0.319,567900000,2082300000,66.814,
600550.SH,保变电气,2003-06-20,1.2419,1.2616,1.2419,1.2459,152302,0.1692,568800000,2085600000,66.9199,
600550.SH,保变电气,2003-06-23,1.2419,1.2419,1.2281,1.2281,204408,0.2271,560700000,2055900000,65.9669,
600550.SH,保变电气,2003-06-24,1.2281,1.234,1.2084,1.2281,174700,0.1941,560700000,2055900000,65.9669,
600550.SH,保变电气,2003-06-25,1.2262,1.2321,1.2084,1.2124,219850,0.2443,553500000,2029500000,65.1198,
600550.SH,保变电气,2003-06-26,1.2045,1.2321,1.1986,1.2202,269188,0.2991,557100000,2042700000,65.5434,
600550.SH,保变电气,2003-06-27,1.24,1.24,1.2064,1.2064,183700,0.2041,550800000,2019600000,64.8022,
600550.SH,保变电气,2003-06-30,1.2064,1.2478,1.1986,1.236,318605,0.354,564300000,2069100000,66.3905,
600550.SH,保变电气,2003-07-01,1.2301,1.2301,1.2005,1.2064,199800,0.222,550800000,2019600000,64.8022,
600550.SH,保变电气,2003-07-02,1.2222,1.2222,1.2025,1.2163,196260,0.2181,555300000,2036100000,65.3316,
600550.SH,保变电气,2003-07-03,1.2163,1.2222,1.2084,1.2124,125015,0.1389,553500000,2029500000,65.1198,
600550.SH,保变电气,2003-07-04,1.2104,1.2163,1.1986,1.2104,288710,0.3208,552600000,2026200000,65.0139,
600550.SH,保变电气,2003-07-07,1.2025,1.2143,1.1966,1.2045,119950,0.1333,549900000,2016300000,64.6963,
600550.SH,保变电气,2003-07-08,1.2064,1.2163,1.2005,1.2163,149726,0.1664,555300000,2036100000,65.3316,
600550.SH,保变电气,2003-07-09,1.2045,1.2143,1.2045,1.2104,122599,0.1362,552600000,2026200000,65.0139,
600550.SH,保变电气,2003-07-10,1.2104,1.2262,1.1926,1.2242,424608,0.4718,558900000,2049300000,65.7551,
600550.SH,保变电气,2003-07-11,1.2222,1.2262,1.2124,1.2143,231588,0.2573,554400000,2032800000,65.2257,
600550.SH,保变电气,2003-07-14,1.2124,1.2222,1.2064,1.2143,136239,0.1514,554400000,2032800000,65.2257,
600550.SH,保变电气,2003-07-15,1.2064,1.2202,1.1926,1.2005,207347,0.2304,548100000,2009700000,64.4845,
600550.SH,保变电气,2003-07-16,1.2084,1.2104,1.1926,1.1986,165750,0.1842,547200000,2006400000,64.3786,
600550.SH,保变电气,2003-07-17,1.2005,1.2064,1.1926,1.2005,374860,0.4165,548100000,2009700000,64.4845,
600550.SH,保变电气,2003-07-18,1.2005,1.2005,1.2005,1.2005,--,--,548100000,2009700000,64.4845,
600550.SH,保变电气,2003-07-21,1.1631,1.1769,1.1572,1.1591,492847,0.5476,529200000,1940400000,62.2609,
600550.SH,保变电气,2003-07-22,1.165,1.1926,1.1493,1.171,194996,0.2167,534600000,1960200000,62.8962,
600550.SH,保变电气,2003-07-23,1.1808,1.1808,1.1631,1.171,151299,0.1681,534600000,1960200000,62.8962,
600550.SH,保变电气,2003-07-24,1.1788,1.1867,1.1631,1.171,205159,0.228,534600000,1960200000,62.8962,
600550.SH,保变电气,2003-07-25,1.171,1.1788,1.1532,1.1532,222800,0.2476,526500000,1930500000,61.9432,
600550.SH,保变电气,2003-07-28,1.1631,1.1631,1.1453,1.1453,140100,0.1557,522900000,1917300000,61.5197,
600550.SH,保变电气,2003-07-29,1.1434,1.1611,1.1434,1.1611,143558,0.1595,530100000,1943700000,62.3668,
600550.SH,保变电气,2003-07-30,1.1532,1.1591,1.1473,1.1572,91934,0.1021,528300000,1937100000,62.155,
600550.SH,保变电气,2003-07-31,1.1552,1.1611,1.1473,1.1493,117250,0.1303,524700000,1923900000,61.7315,
600550.SH,保变电气,2003-08-01,1.1532,1.165,1.1434,1.1611,135925,0.151,530100000,1943700000,62.3668,
600550.SH,保变电气,2003-08-04,1.1532,1.1729,1.1493,1.169,133654,0.1485,533700000,1956900000,62.7903,
600550.SH,保变电气,2003-08-05,1.167,1.1848,1.167,1.1828,230483,0.2561,540000000,1980000000,63.5315,
600550.SH,保变电气,2003-08-06,1.1788,1.1907,1.1769,1.1808,211850,0.2354,539100000,1976700000,63.4257,
600550.SH,保变电气,2003-08-07,1.1848,1.1867,1.167,1.1729,86900,0.0966,535500000,1963500000,63.0021,
600550.SH,保变电气,2003-08-08,1.1769,1.1828,1.1532,1.171,245104,0.2723,534600000,1960200000,62.8962,
600550.SH,保变电气,2003-08-11,1.1434,1.165,1.1434,1.1631,81950,0.0911,531000000,1947000000,62.4727,
600550.SH,保变电气,2003-08-12,1.1631,1.171,1.1493,1.167,93715,0.1041,532800000,1953600000,62.6845,
600550.SH,保变电气,2003-08-13,1.1631,1.171,1.1512,1.1611,97767,0.1086,530100000,1943700000,62.3668,
600550.SH,保变电气,2003-08-14,1.1631,1.167,1.1473,1.1493,146750,0.1631,524700000,1923900000,61.7315,
600550.SH,保变电气,2003-08-15,1.1453,1.1631,1.1355,1.1355,169947,0.1888,518400000,1900800000,60.9903,
600550.SH,保变电气,2003-08-18,1.1374,1.1434,1.1335,1.1414,127799,0.142,521100000,1910700000,61.3079,
600550.SH,保变电气,2003-08-19,1.1473,1.1591,1.1434,1.1453,68230,0.0758,522900000,1917300000,61.5197,
600550.SH,保变电气,2003-08-20,1.1631,1.1631,1.1374,1.1473,79900,0.0888,523800000,1920600000,61.6256,
600550.SH,保变电气,2003-08-21,1.1532,1.1986,1.1532,1.1808,917445,1.0194,539100000,1976700000,63.4257,
600550.SH,保变电气,2003-08-22,1.1749,1.1926,1.165,1.1769,257193,0.2858,537300000,1970100000,63.2139,
600550.SH,保变电气,2003-08-25,1.1729,1.1729,1.1434,1.1473,198000,0.22,523800000,1920600000,61.6256,
600550.SH,保变电气,2003-08-26,1.1453,1.1611,1.1394,1.1493,139981,0.1555,524700000,1923900000,67.5527,
600550.SH,保变电气,2003-08-27,1.1434,1.1572,1.1394,1.1512,158660,0.1763,525600000,1927200000,67.6686,
600550.SH,保变电气,2003-08-28,1.1532,1.1532,1.1374,1.1414,119750,0.1331,521100000,1910700000,67.0893,
600550.SH,保变电气,2003-08-29,1.1335,1.1414,1.1138,1.1276,165490,0.1839,514800000,1887600000,66.2782,
600550.SH,保变电气,2003-09-01,1.1236,1.1591,1.1138,1.1591,314150,0.3491,529200000,1940400000,68.1321,
600550.SH,保变电气,2003-09-02,1.1532,1.165,1.1394,1.1473,257983,0.2866,523800000,1920600000,67.4369,
600550.SH,保变电气,2003-09-03,1.1552,1.167,1.1335,1.165,234536,0.2606,531900000,1950300000,68.4797,
600550.SH,保变电气,2003-09-04,1.1729,1.1907,1.165,1.1788,729848,0.8109,538200000,1973400000,69.2908,
600550.SH,保变电气,2003-09-05,1.1788,1.1788,1.1532,1.167,294862,0.3276,532800000,1953600000,68.5956,
600550.SH,保变电气,2003-09-08,1.0625,1.24,1.0625,1.2025,1483754,1.6486,549000000,2013000000,70.6813,
600550.SH,保变电气,2003-09-09,1.2025,1.2025,1.1729,1.1769,538629,0.5985,537300000,1970100000,69.1749,
600550.SH,保变电气,2003-09-10,1.1788,1.1986,1.1729,1.1907,257864,0.2865,543600000,1993200000,69.986,
600550.SH,保变电气,2003-09-11,1.1907,1.2163,1.1828,1.2084,466508,0.5183,551700000,2022900000,71.0289,
600550.SH,保变电气,2003-09-12,1.2025,1.2025,1.1828,1.1946,353007,0.3922,545400000,1999800000,70.2178,
600550.SH,保变电气,2003-09-15,1.1867,1.1966,1.167,1.169,308050,0.3423,533700000,1956900000,68.7115,
600550.SH,保变电气,2003-09-16,1.1611,1.1926,1.1552,1.1907,241560,0.2684,543600000,1993200000,69.986,
600550.SH,保变电气,2003-09-17,1.1828,1.1907,1.1729,1.1848,253296,0.2814,540900000,1983300000,69.6384,
600550.SH,保变电气,2003-09-18,1.1828,1.2005,1.165,1.1986,346183,0.3846,547200000,2006400000,70.4495,
600550.SH,保变电气,2003-09-19,1.2025,1.238,1.2005,1.2222,1406191,1.5624,558000000,2046000000,71.84,
600550.SH,保变电气,2003-09-22,1.2321,1.2439,1.2124,1.2281,564020,0.6267,560700000,2055900000,72.1876,
600550.SH,保变电气,2003-09-23,1.2222,1.236,1.2183,1.236,298606,0.3318,564300000,2069100000,72.6511,
600550.SH,保变电气,2003-09-24,1.236,1.236,1.2222,1.234,390507,0.4339,563400000,2065800000,72.5352,
600550.SH,保变电气,2003-09-25,1.2281,1.2321,1.1946,1.1986,346550,0.3851,547200000,2006400000,70.4495,
600550.SH,保变电气,2003-09-26,1.1907,1.2064,1.1907,1.2025,181503,0.2017,549000000,2013000000,70.6813,
600550.SH,保变电气,2003-09-29,1.2025,1.2025,1.2025,1.2025,--,--,549000000,2013000000,70.6813,
600550.SH,保变电气,2003-09-30,1.2025,1.2025,1.1177,1.1611,418447,0.4649,530100000,1943700000,68.248,
600550.SH,保变电气,2003-10-08,1.1631,1.167,1.1414,1.1631,172640,0.1918,531000000,1947000000,68.3638,
600550.SH,保变电气,2003-10-09,1.165,1.167,1.1434,1.165,176952,0.1966,531900000,1950300000,68.4797,
600550.SH,保变电气,2003-10-10,1.167,1.2025,1.1591,1.2005,319569,0.3551,548100000,2009700000,70.5654,
600550.SH,保变电气,2003-10-13,1.1946,1.2084,1.1828,1.1986,212207,0.2358,547200000,2006400000,70.4495,
600550.SH,保变电气,2003-10-14,1.1946,1.1966,1.1788,1.1867,179978,0.2,541800000,1986600000,69.7543,
600550.SH,保变电气,2003-10-15,1.1867,1.2005,1.1769,1.1926,216706,0.2408,544500000,1996500000,70.1019,
600550.SH,保变电气,2003-10-16,1.1887,1.1887,1.1631,1.1631,155450,0.1727,531000000,1947000000,68.3638,
600550.SH,保变电气,2003-10-17,1.1631,1.165,1.1473,1.1493,162300,0.1803,524700000,1923900000,67.5527,
600550.SH,保变电气,2003-10-20,1.1493,1.1493,1.1335,1.1394,156600,0.174,520200000,1907400000,66.9734,
600550.SH,保变电气,2003-10-21,1.1434,1.1512,1.1394,1.1512,100100,0.1112,525600000,1927200000,67.6686,
600550.SH,保变电气,2003-10-22,1.1552,1.1887,1.1512,1.1808,244305,0.2715,539100000,1976700000,69.4067,
600550.SH,保变电气,2003-10-23,1.1828,1.2064,1.1729,1.1867,586809,0.652,541800000,1986600000,69.7543,
600550.SH,保变电气,2003-10-24,1.1907,1.1926,1.1532,1.171,211000,0.2344,534600000,1960200000,68.8273,
600550.SH,保变电气,2003-10-27,1.1828,1.1828,1.1355,1.167,371965,0.4133,532800000,1953600000,68.5956,
600550.SH,保变电气,2003-10-28,1.1611,1.1631,1.1276,1.1473,199564,0.2217,523800000,1920600000,68.1274,
600550.SH,保变电气,2003-10-29,1.1473,1.167,1.0803,1.1493,449605,0.4996,524700000,1923900000,68.2444,
600550.SH,保变电气,2003-10-30,1.1236,1.1236,1.1,1.1236,127415,0.1416,513000000,1881000000,66.7227,
600550.SH,保变电气,2003-10-31,1.1138,1.1355,1.0901,1.1138,219040,0.2434,508500000,1864500000,66.1374,
600550.SH,保变电气,2003-11-03,1.0901,1.1039,1.0685,1.1,159600,0.1773,502200000,1841400000,65.318,
600550.SH,保变电气,2003-11-04,1.096,1.1236,1.0882,1.1059,331408,0.3682,504900000,1851300000,65.6692,
600550.SH,保变电气,2003-11-05,1.1059,1.1079,1.0645,1.0665,314700,0.3497,486900000,1785300000,63.328,
600550.SH,保变电气,2003-11-06,1.0645,1.0645,0.9857,0.9857,729550,0.8106,450000000,1650000000,58.5287,
600550.SH,保变电气,2003-11-07,0.9857,0.9876,0.9659,0.9719,329918,0.3666,443700000,1626900000,57.7093,
600550.SH,保变电气,2003-11-10,0.9699,0.9975,0.9699,0.9955,152486,0.1694,454500000,1666500000,59.114,
600550.SH,保变电气,2003-11-11,0.9955,0.9975,0.9719,0.9817,109600,0.1218,448200000,1643400000,58.2946,
600550.SH,保变电气,2003-11-12,0.9837,0.9955,0.9758,0.9916,164900,0.1832,452700000,1659900000,58.8798,
600550.SH,保变电气,2003-11-13,0.9462,1.0152,0.9462,1.0034,600489,0.6672,458100000,1679700000,59.5822,
600550.SH,保变电气,2003-11-14,0.9797,1.0231,0.9778,1.0113,631300,0.7014,461700000,1692900000,60.0504,
600550.SH,保变电气,2003-11-17,1.0113,1.0192,1.0014,1.0093,253150,0.2813,460800000,1689600000,59.9334,
600550.SH,保变电气,2003-11-18,1.0093,1.0172,0.9857,0.9857,86350,0.0959,450000000,1650000000,58.5287,
600550.SH,保变电气,2003-11-19,0.9857,1.0014,0.9758,0.9975,281573,0.3129,455400000,1669800000,59.231,
600550.SH,保变电气,2003-11-20,0.9955,1.0487,0.9876,1.033,541193,0.6013,471600000,1729200000,61.338,
600550.SH,保变电气,2003-11-21,1.033,1.0409,1.0093,1.0113,381350,0.4237,461700000,1692900000,60.0504,
600550.SH,保变电气,2003-11-24,1.0014,1.0448,1.0014,1.0409,339384,0.3771,475200000,1742400000,61.8063,
600550.SH,保变电气,2003-11-25,1.0389,1.0744,1.0349,1.0428,936274,1.0403,476100000,1745700000,61.9233,
600550.SH,保变电气,2003-11-26,1.0409,1.0645,1.031,1.0566,560447,0.6227,482400000,1768800000,62.7427,
600550.SH,保变电气,2003-11-27,1.0566,1.0606,1.029,1.0349,338150,0.3757,472500000,1732500000,61.4551,
600550.SH,保变电气,2003-11-28,1.0349,1.0665,1.029,1.0409,448070,0.4979,475200000,1742400000,61.8063,
600550.SH,保变电气,2003-12-01,1.0369,1.0882,1.0369,1.0842,862306,0.9581,495000000,1815000000,64.3815,
600550.SH,保变电气,2003-12-02,1.1,1.1138,1.0941,1.102,2222787,2.4698,503100000,1844700000,65.4351,
600550.SH,保变电气,2003-12-03,1.1,1.1039,1.0763,1.096,779372,0.866,500400000,1834800000,65.0839,
600550.SH,保变电气,2003-12-04,1.0921,1.1059,1.0842,1.1059,631257,0.7014,504900000,1851300000,65.6692,
600550.SH,保变电气,2003-12-05,1.1197,1.1591,1.1197,1.1276,1487054,1.6523,514800000,1887600000,66.9568,
600550.SH,保变电气,2003-12-08,1.1276,1.1769,1.1236,1.1434,1863979,2.0711,522000000,1914000000,67.8933,
600550.SH,保变电气,2003-12-09,1.1414,1.1414,1.1158,1.1296,657962,0.7311,515700000,1890900000,67.0739,
600550.SH,保变电气,2003-12-10,1.1236,1.1552,1.1236,1.1493,770855,0.8565,524700000,1923900000,68.2444,
600550.SH,保变电气,2003-12-11,1.1532,1.1552,1.1276,1.1355,532364,0.5915,518400000,1900800000,67.425,
600550.SH,保变电气,2003-12-12,1.1296,1.1394,1.1079,1.1335,507677,0.5641,517500000,1897500000,67.308,
600550.SH,保变电气,2003-12-15,1.1296,1.1296,1.1177,1.1177,229550,0.2551,510300000,1871100000,66.3715,
600550.SH,保变电气,2003-12-16,1.1138,1.1138,1.0842,1.096,518910,0.5766,500400000,1834800000,65.0839,
600550.SH,保变电气,2003-12-17,1.1138,1.1138,1.0803,1.0803,380300,0.4226,493200000,1808400000,64.1474,
600550.SH,保变电气,2003-12-18,1.0744,1.0763,1.0369,1.0487,538267,0.5981,478800000,1755600000,62.2745,
600550.SH,保变电气,2003-12-19,1.0448,1.0625,1.0073,1.0251,756613,0.8407,468000000,1716000000,60.8698,
600550.SH,保变电气,2003-12-22,1.0152,1.0763,1.0054,1.0645,770622,0.8562,486000000,1782000000,63.211,
600550.SH,保变电气,2003-12-23,1.0606,1.0803,1.0468,1.0645,635215,0.7058,486000000,1782000000,63.211,
600550.SH,保变电气,2003-12-24,1.0645,1.0645,1.0409,1.0507,572548,0.6362,479700000,1758900000,62.3916,
600550.SH,保变电气,2003-12-25,1.0507,1.1039,1.0507,1.1039,1340500,1.4894,504000000,1848000000,65.5521,
600550.SH,保变电气,2003-12-26,1.1138,1.1138,1.0862,1.0941,500171,0.5557,499500000,1831500000,64.9668,
600550.SH,保变电气,2003-12-29,1.0842,1.1197,1.0823,1.0941,605514,0.6728,499500000,1831500000,64.9668,
600550.SH,保变电气,2003-12-30,1.1039,1.1158,1.0921,1.1118,438313,0.487,507600000,1861200000,66.0203,
600550.SH,保变电气,2003-12-31,1.1158,1.1591,1.1158,1.1394,1546265,1.7181,520200000,1907400000,67.6591,
600550.SH,保变电气,2004-01-02,1.1493,1.2538,1.1493,1.2321,4301517,4.7795,562500000,2062500000,73.1608,
600550.SH,保变电气,2004-01-05,1.2301,1.2577,1.1986,1.2419,2767797,3.0753,567000000,2079000000,73.7461,
600550.SH,保变电气,2004-01-06,1.238,1.2478,1.2064,1.2281,1851331,2.057,560700000,2055900000,72.9267,
600550.SH,保变电气,2004-01-07,1.2262,1.2991,1.2163,1.2557,1950834,2.1676,573300000,2102100000,74.5655,
600550.SH,保变电气,2004-01-08,1.2538,1.2794,1.24,1.2676,1342488,1.4917,578700000,2121900000,75.2679,
600550.SH,保变电气,2004-01-09,1.2616,1.2794,1.2045,1.2183,2219754,2.4664,556200000,2039400000,72.3414,
600550.SH,保变电气,2004-01-12,1.2124,1.2281,1.2005,1.2262,940197,1.0447,559800000,2052600000,72.8097,
600550.SH,保变电气,2004-01-13,1.2262,1.2735,1.2262,1.2656,1564619,1.7385,577800000,2118600000,75.1508,
600550.SH,保变电气,2004-01-14,1.2676,1.3011,1.2538,1.2892,1718557,1.9095,588600000,2158200000,76.5555,
600550.SH,保变电气,2004-01-15,1.2873,1.2873,1.2577,1.2597,846291,0.9403,575100000,2108700000,74.7996,
600550.SH,保变电气,2004-01-16,1.2577,1.2774,1.2518,1.2577,841234,0.9347,574200000,2105400000,74.6826,
600550.SH,保变电气,2004-01-29,1.2636,1.3503,1.2518,1.3385,1690034,1.8778,611100000,2240700000,79.4819,
600550.SH,保变电气,2004-01-30,1.3405,1.3701,1.3011,1.3602,2492617,2.7696,621000000,2277000000,80.7696,
600550.SH,保变电气,2004-02-02,1.3701,1.4115,1.3188,1.3503,1711358,1.9015,616500000,2260500000,80.1843,
600550.SH,保变电气,2004-02-03,1.3602,1.3602,1.3306,1.3503,1071959,1.1911,616500000,2260500000,80.1843,
600550.SH,保变电气,2004-02-04,1.3563,1.3996,1.3523,1.3858,2221341,2.4682,632700000,2319900000,82.2913,
600550.SH,保变电气,2004-02-05,1.4036,1.4292,1.3898,1.3996,2050400,2.2782,639000000,2343000000,83.1107,
600550.SH,保变电气,2004-02-06,1.3996,1.3996,1.3543,1.3563,1991689,2.213,619200000,2270400000,80.5354,
600550.SH,保变电气,2004-02-09,1.3563,1.3681,1.3405,1.3661,1115417,1.2394,623700000,2286900000,81.1207,
600550.SH,保变电气,2004-02-10,1.3661,1.4095,1.3503,1.3582,1294215,1.438,620100000,2273700000,80.6525,
600550.SH,保变电气,2004-02-11,1.3602,1.3641,1.3109,1.3385,1952536,2.1695,611100000,2240700000,79.4819,
600550.SH,保变电气,2004-02-12,1.3405,1.3484,1.3168,1.3208,1336600,1.4851,603000000,2211000000,78.4284,
600550.SH,保变电气,2004-02-13,1.3208,1.3385,1.3129,1.3168,1088238,1.2092,601200000,2204400000,78.1943,
600550.SH,保变电气,2004-02-16,1.3168,1.3543,1.309,1.3523,1396270,1.5514,617400000,2263800000,80.3013,
600550.SH,保变电气,2004-02-17,1.3503,1.372,1.3208,1.3602,2268060,2.5201,621000000,2277000000,80.7696,
600550.SH,保变电气,2004-02-18,1.3503,1.3503,1.3228,1.3444,1791530,1.9906,613800000,2250600000,79.8331,
600550.SH,保变电气,2004-02-19,1.3444,1.3957,1.3444,1.3898,3161307,3.5126,634500000,2326500000,82.5254,
600550.SH,保变电气,2004-02-20,1.3898,1.3898,1.3602,1.3819,1343635,1.4929,630900000,2313300000,82.0572,
600550.SH,保变电气,2004-02-23,1.3839,1.3898,1.3129,1.3149,1576580,1.7518,600300000,2201100000,78.0772,
600550.SH,保变电气,2004-02-24,1.3129,1.3129,1.2695,1.2873,1488208,1.6536,587700000,2154900000,76.4384,
600550.SH,保变电气,2004-02-25,1.2873,1.309,1.2419,1.2439,1157178,1.2858,567900000,2082300000,73.8632,
600550.SH,保变电气,2004-02-26,1.234,1.2538,1.2242,1.2518,1049534,1.1661,571500000,2095500000,74.3314,
600550.SH,保变电气,2004-02-27,1.2597,1.2715,1.2498,1.2676,607943,0.6755,578700000,2121900000,75.2679,
600550.SH,保变电气,2004-03-01,1.2676,1.2912,1.234,1.2794,676678,0.7519,584100000,2141700000,75.9702,
600550.SH,保变电气,2004-03-02,1.2814,1.2853,1.2577,1.2695,602414,0.6693,579600000,2125200000,75.3849,
600550.SH,保变电气,2004-03-03,1.2676,1.2676,1.238,1.238,580024,0.6445,565200000,2072400000,73.512,
600550.SH,保变电气,2004-03-04,1.238,1.2538,1.2222,1.2518,596276,0.6625,571500000,2095500000,74.3314,
600550.SH,保变电气,2004-03-05,1.2518,1.2518,1.2222,1.2321,527900,0.5866,562500000,2062500000,73.1608,
600550.SH,保变电气,2004-03-08,1.234,1.2518,1.2222,1.2262,436684,0.4852,559800000,2052600000,72.8097,
600550.SH,保变电气,2004-03-09,1.2262,1.2321,1.1848,1.1887,597271,0.6636,542700000,1989900000,70.5856,
600550.SH,保变电气,2004-03-10,1.1907,1.234,1.1907,1.2321,444968,0.4944,562500000,2062500000,73.1608,
600550.SH,保变电气,2004-03-11,1.2321,1.2498,1.2222,1.24,554103,0.6157,566100000,2075700000,73.6291,
600550.SH,保变电气,2004-03-12,1.24,1.2577,1.238,1.2557,561957,0.6244,573300000,2102100000,74.5655,
600550.SH,保变电气,2004-03-15,1.2577,1.2735,1.2459,1.2715,736420,0.8182,580500000,2128500000,75.502,
600550.SH,保变电气,2004-03-16,1.2715,1.2774,1.2557,1.2636,739390,0.8215,576900000,2115300000,75.0338,
600550.SH,保变电气,2004-03-17,1.2616,1.2636,1.2478,1.2597,546770,0.6075,575100000,2108700000,74.7996,
600550.SH,保变电气,2004-03-18,1.2616,1.2636,1.2222,1.2321,628500,0.6983,562500000,2062500000,73.1608,
600550.SH,保变电气,2004-03-19,1.2262,1.2478,1.2222,1.2459,597808,0.6642,568800000,2085600000,73.9802,
600550.SH,保变电气,2004-03-22,1.2557,1.2971,1.2459,1.2952,1248834,1.3876,591300000,2168100000,76.9067,
600550.SH,保变电气,2004-03-23,1.3011,1.303,1.2616,1.2833,798304,0.887,585900000,2148300000,76.2043,
600550.SH,保变电气,2004-03-24,1.2833,1.3425,1.2774,1.3346,2784238,3.0936,609300000,2234100000,79.2478,
600550.SH,保变电气,2004-03-25,1.3247,1.3444,1.3129,1.3346,1435330,1.5948,609300000,2234100000,79.2478,
600550.SH,保变电气,2004-03-26,1.3346,1.3858,1.3346,1.3563,3674775,4.0831,619200000,2270400000,80.5354,
600550.SH,保变电气,2004-03-29,1.3602,1.3799,1.3405,1.3425,1992995,2.2144,612900000,2247300000,79.716,
600550.SH,保变电气,2004-03-30,1.3503,1.372,1.3129,1.3681,1288421,1.4316,624600000,2290200000,57.61,
600550.SH,保变电气,2004-03-31,1.3641,1.3898,1.3602,1.3641,1403868,1.5599,622800000,2283600000,57.444,
600550.SH,保变电气,2004-04-01,1.3641,1.3898,1.3425,1.3878,1833073,2.0367,633600000,2323200000,58.4401,
600550.SH,保变电气,2004-04-02,1.3858,1.3878,1.3701,1.374,1058800,1.1764,627300000,2300100000,57.8591,
600550.SH,保变电气,2004-04-05,1.3898,1.4785,1.3898,1.4607,5012253,5.5692,666900000,2445300000,61.5116,
600550.SH,保变电气,2004-04-06,1.4588,1.4864,1.445,1.4667,2569641,2.8552,669600000,2455200000,61.7606,
600550.SH,保变电气,2004-04-07,1.4686,1.4785,1.445,1.445,2276350,2.5293,659700000,2418900000,60.8475,
600550.SH,保变电气,2004-04-08,1.445,1.5317,1.443,1.4745,4862803,5.4031,673200000,2468400000,62.0926,
600550.SH,保变电气,2004-04-09,1.4785,1.5731,1.4785,1.514,7390561,8.2117,691200000,2534400000,63.7529,
600550.SH,保变电气,2004-04-12,1.5081,1.6263,1.5002,1.5987,10037997,11.1533,729900000,2676300000,67.3224,
600550.SH,保变电气,2004-04-13,1.6106,1.6145,1.5672,1.5869,5701072,6.3345,724500000,2656500000,66.8243,
600550.SH,保变电气,2004-04-14,1.581,1.581,1.443,1.4923,4198235,4.6647,681300000,2498100000,62.8397,
600550.SH,保变电气,2004-04-15,1.4883,1.6125,1.4883,1.5771,7003591,7.7818,720000000,2640000000,66.4092,
600550.SH,保变电气,2004-04-16,1.581,1.6106,1.4982,1.5948,4820930,5.3566,728100000,2669700000,67.1563,
600550.SH,保变电气,2004-04-19,1.581,1.6066,1.5416,1.5534,3156030,3.5067,709200000,2600400000,62.3449,
600550.SH,保变电气,2004-04-20,1.5475,1.6401,1.5179,1.5987,5752466,6.3916,729900000,2676300000,64.1647,
600550.SH,保变电气,2004-04-21,1.5987,1.6244,1.5238,1.5534,4147515,4.6083,709200000,2600400000,62.3449,
600550.SH,保变电气,2004-04-22,1.5534,1.5534,1.4903,1.5278,1978124,2.1979,697500000,2557500000,61.3164,
600550.SH,保变电气,2004-04-23,1.5179,1.5475,1.4982,1.5021,1449106,1.6101,685800000,2514600000,60.2879,
600550.SH,保变电气,2004-04-26,1.4982,1.5179,1.4607,1.512,1521217,1.6902,690300000,2531100000,60.6835,
600550.SH,保变电气,2004-04-27,1.512,1.5416,1.4982,1.51,1013710,1.1263,689400000,2527800000,60.6044,
600550.SH,保变电气,2004-04-28,1.51,1.51,1.4529,1.4706,1677410,1.8638,671400000,2461800000,59.022,
600550.SH,保变电气,2004-04-29,1.4647,1.4844,1.3622,1.374,1907960,2.12,627300000,2300100000,55.1452,
600550.SH,保变电气,2004-04-30,1.3701,1.4233,1.3701,1.3977,1541150,1.7124,638100000,2339700000,56.0946,
600550.SH,保变电气,2004-05-10,1.4095,1.4371,1.3799,1.3878,689951,0.7666,633600000,2323200000,55.699,
600550.SH,保变电气,2004-05-11,1.3819,1.4193,1.3819,1.4095,496396,0.5516,643500000,2359500000,56.5693,
600550.SH,保变电气,2004-05-12,1.4095,1.5258,1.3996,1.514,1630981,1.8122,691200000,2534400000,60.7626,
600550.SH,保变电气,2004-05-13,1.5041,1.5199,1.4765,1.5199,1782061,1.9801,693900000,2544300000,60.9999,
600550.SH,保变电气,2004-05-14,1.5278,1.5357,1.4607,1.4627,1105860,1.2287,667800000,2448600000,58.7055,
600550.SH,保变电气,2004-05-17,1.4233,1.4745,1.4233,1.4469,526377,0.5849,660600000,2422200000,58.0726,
600550.SH,保变电气,2004-05-18,1.443,1.4824,1.4371,1.4805,1080222,1.2002,675900000,2478300000,59.4176,
600550.SH,保变电气,2004-05-19,1.4883,1.5337,1.4607,1.5002,2035539,2.2617,684900000,2511300000,60.2088,
600550.SH,保变电气,2004-05-20,1.5179,1.5731,1.4548,1.4647,3362733,3.7364,668700000,2451900000,58.7846,
600550.SH,保变电气,2004-05-21,1.4588,1.4805,1.4115,1.4351,1661309,1.8459,655200000,2402400000,57.5979,
600550.SH,保变电气,2004-05-24,1.4351,1.4351,1.4351,1.4351,--,--,655200000,2402400000,57.5979,
600550.SH,保变电气,2004-05-25,1.4213,1.4627,1.4095,1.4233,1054204,1.1713,649800000,2382600000,57.1232,
600550.SH,保变电气,2004-05-26,1.4292,1.4548,1.4154,1.4331,583693,0.6485,654300000,2399100000,57.5188,
600550.SH,保变电气,2004-05-27,1.4391,1.4785,1.3996,1.4686,1889406,2.0993,670500000,2458500000,58.9429,
600550.SH,保变电气,2004-05-28,1.4588,1.4686,1.4213,1.4351,852426,0.9471,655200000,2402400000,57.5979,
600550.SH,保变电气,2004-05-31,1.4351,1.4647,1.4193,1.4647,924449,1.0272,668700000,2451900000,58.7846,
600550.SH,保变电气,2004-06-01,1.4647,1.5278,1.4548,1.5159,2875054,3.1945,692100000,2537700000,60.8417,
600550.SH,保变电气,2004-06-02,1.5159,1.5593,1.5021,1.5475,3954485,4.3939,706500000,2590500000,62.1076,
600550.SH,保变电气,2004-06-03,1.5475,1.5495,1.4982,1.4982,1586270,1.7625,684000000,2508000000,60.1296,
600550.SH,保变电气,2004-06-04,1.4943,1.5573,1.4745,1.5455,1939885,2.1554,705600000,2587200000,62.0285,
600550.SH,保变电气,2004-06-07,1.5573,1.5672,1.514,1.5495,2232116,2.4801,707400000,2593800000,62.1867,
600550.SH,保变电气,2004-06-08,1.5495,1.5495,1.4982,1.5081,1405948,1.5622,688500000,2524500000,60.5252,
600550.SH,保变电气,2004-06-09,1.4982,1.5219,1.4174,1.4312,1448113,1.609,653400000,2395800000,57.4396,
600550.SH,保变电气,2004-06-10,1.4193,1.4489,1.4016,1.4233,1181442,1.3127,649800000,2382600000,57.1232,
600550.SH,保变电气,2004-06-11,1.4331,1.4745,1.4233,1.4292,898498,0.9983,652500000,2392500000,57.3605,
600550.SH,保变电气,2004-06-14,1.4371,1.443,1.372,1.3839,1167907,1.2977,631800000,2316600000,55.5408,
600550.SH,保变电气,2004-06-15,1.3858,1.4174,1.2912,1.3425,2038736,2.2653,612900000,2247300000,53.8793,
600550.SH,保变电气,2004-06-16,1.3425,1.3839,1.3326,1.3582,1205654,1.3396,620100000,2273700000,54.5123,
600550.SH,保变电气,2004-06-17,1.3681,1.3996,1.3365,1.3543,814637,0.9052,618300000,2267100000,54.354,
600550.SH,保变电气,2004-06-18,1.3464,1.3464,1.2774,1.2991,1007070,1.119,593100000,2174700000,52.1387,
600550.SH,保变电气,2004-06-21,1.2971,1.2971,1.2439,1.2794,1063344,1.1815,584100000,2141700000,51.3476,
600550.SH,保变电气,2004-06-22,1.2794,1.3247,1.2656,1.3109,1011270,1.1236,598500000,2194500000,52.6134,
600550.SH,保变电气,2004-06-23,1.307,1.3168,1.2774,1.2912,547837,0.6087,589500000,2161500000,51.8223,
600550.SH,保变电气,2004-06-24,1.2833,1.309,1.2814,1.2952,828015,0.92,591300000,2168100000,51.9805,
600550.SH,保变电气,2004-06-25,1.2853,1.3109,1.2715,1.2814,1062948,1.1811,585000000,2145000000,51.4267,
600550.SH,保变电气,2004-06-28,1.2518,1.2538,1.1532,1.1808,1708470,1.8983,539100000,1976700000,47.3917,
600550.SH,保变电气,2004-06-29,1.1808,1.1808,1.1808,1.1808,--,--,539100000,1976700000,47.3917,
600550.SH,保变电气,2004-06-30,1.2143,1.2577,1.1926,1.1926,1154268,1.2825,544500000,1996500000,47.8664,
600550.SH,保变电气,2004-07-01,1.2025,1.2518,1.1828,1.238,1946969,2.1633,565200000,2072400000,49.6861,
600550.SH,保变电气,2004-07-02,1.2518,1.2518,1.2084,1.2301,1121672,1.2463,561600000,2059200000,49.3696,
600550.SH,保变电气,2004-07-05,1.2222,1.238,1.2045,1.2321,424723,0.4719,562500000,2062500000,49.4487,
600550.SH,保变电气,2004-07-06,1.238,1.2715,1.238,1.2695,1412101,1.569,579600000,2125200000,50.952,
600550.SH,保变电气,2004-07-07,1.2636,1.2636,1.2419,1.2498,403240,0.448,570600000,2092200000,50.1608,
600550.SH,保变电气,2004-07-08,1.2419,1.2676,1.2222,1.2636,605260,0.6725,576900000,2115300000,50.7146,
600550.SH,保变电气,2004-07-09,1.2912,1.3306,1.2715,1.2735,1708714,1.8986,581400000,2131800000,51.1102,
600550.SH,保变电气,2004-07-12,1.2676,1.2676,1.2242,1.236,641630,0.7129,564300000,2069100000,49.607,
600550.SH,保变电气,2004-07-13,1.2222,1.2518,1.2124,1.234,284979,0.3166,563400000,2065800000,49.5278,
600550.SH,保变电气,2004-07-14,1.2242,1.2577,1.2242,1.2557,419270,0.4659,573300000,2102100000,50.3981,
600550.SH,保变电气,2004-07-15,1.2636,1.2932,1.2498,1.2912,1028709,1.143,589500000,2161500000,51.8223,
600550.SH,保变电气,2004-07-16,1.2912,1.3444,1.2873,1.3247,1989287,2.2103,604800000,2217600000,53.1673,
600550.SH,保变电气,2004-07-19,1.3208,1.3306,1.303,1.3129,757684,0.8419,599400000,2197800000,52.6926,
600550.SH,保变电气,2004-07-20,1.3168,1.3484,1.307,1.3365,2173802,2.4153,610200000,2237400000,53.642,
600550.SH,保变电气,2004-07-21,1.3326,1.3484,1.3109,1.3287,717904,0.7977,606600000,2224200000,53.3255,
600550.SH,保变电气,2004-07-22,1.3287,1.3326,1.2676,1.2676,1070360,1.1893,578700000,2121900000,50.8728,
600550.SH,保变电气,2004-07-23,1.2636,1.2735,1.238,1.2715,909140,1.0102,580500000,2128500000,51.0311,
600550.SH,保变电气,2004-07-26,1.2616,1.2616,1.234,1.2478,541200,0.6013,569700000,2088900000,50.0817,
600550.SH,保变电气,2004-07-27,1.2518,1.2656,1.234,1.2616,464968,0.5166,576000000,2112000000,50.6355,
600550.SH,保变电气,2004-07-28,1.2636,1.2932,1.2636,1.2873,484805,0.5387,587700000,2154900000,51.664,
600550.SH,保变电气,2004-07-29,1.2873,1.307,1.2814,1.305,391105,0.4346,595800000,2184600000,52.3761,
600550.SH,保变电气,2004-07-30,1.305,1.3129,1.2814,1.2833,602880,0.6699,585900000,2148300000,51.5058,
600550.SH,保变电气,2004-08-02,1.2419,1.2814,1.2419,1.2715,324700,0.3608,580500000,2128500000,51.0311,
600550.SH,保变电气,2004-08-03,1.2538,1.2774,1.2518,1.2676,237266,0.2636,578700000,2121900000,50.8728,
600550.SH,保变电气,2004-08-04,1.2676,1.3149,1.2616,1.2932,748851,0.8321,590400000,2164800000,51.9014,
600550.SH,保变电气,2004-08-05,1.2853,1.307,1.2616,1.2636,359950,0.3999,576900000,2115300000,50.7146,
600550.SH,保变电气,2004-08-06,1.2616,1.2814,1.2459,1.2577,303333,0.337,574200000,2105400000,50.4773,
600550.SH,保变电气,2004-08-09,1.2518,1.2656,1.2419,1.2656,284700,0.3163,577800000,2118600000,50.7937,
600550.SH,保变电气,2004-08-10,1.2656,1.2754,1.2538,1.2676,213051,0.2367,578700000,2121900000,50.8728,
600550.SH,保变电气,2004-08-11,1.2616,1.2616,1.2419,1.2439,285648,0.3174,567900000,2082300000,49.9234,
600550.SH,保变电气,2004-08-12,1.238,1.238,1.2045,1.2242,400932,0.4455,558900000,2049300000,49.1323,
600550.SH,保变电气,2004-08-13,1.2183,1.24,1.2124,1.2222,155850,0.1732,558000000,2046000000,49.0531,
600550.SH,保变电气,2004-08-16,1.2143,1.2222,1.1848,1.1966,387591,0.4307,546300000,2003100000,48.0246,
600550.SH,保变电气,2004-08-17,1.1926,1.2419,1.1729,1.234,564525,0.6273,563400000,2065800000,49.5278,
600550.SH,保变电气,2004-08-18,1.2222,1.234,1.2104,1.2124,215200,0.2391,553500000,2029500000,48.6575,
600550.SH,保变电气,2004-08-19,1.2025,1.2084,1.1808,1.1907,393848,0.4376,543600000,1993200000,47.7872,
600550.SH,保变电气,2004-08-20,1.1848,1.2064,1.1749,1.1926,224825,0.2498,544500000,1996500000,47.8664,
600550.SH,保变电气,2004-08-23,1.1926,1.2025,1.1749,1.1907,382256,0.4247,543600000,1993200000,47.7872,
600550.SH,保变电气,2004-08-24,1.1926,1.2163,1.1828,1.2025,460878,0.5121,549000000,2013000000,38.9847,
600550.SH,保变电气,2004-08-25,1.2025,1.2163,1.1986,1.2143,226050,0.2512,554400000,2032800000,39.3681,
600550.SH,保变电气,2004-08-26,1.2025,1.2202,1.1848,1.1986,149525,0.1661,547200000,2006400000,38.8569,
600550.SH,保变电气,2004-08-27,1.1946,1.2045,1.1532,1.1552,274200,0.3047,527400000,1933800000,37.4508,
600550.SH,保变电气,2004-08-30,1.1473,1.1473,1.0882,1.1177,462490,0.5139,510300000,1871100000,36.2366,
600550.SH,保变电气,2004-08-31,1.1631,1.1828,1.1276,1.1315,914253,1.0158,516600000,1894200000,36.6839,
600550.SH,保变电气,2004-09-01,1.1631,1.1729,1.1335,1.1374,507900,0.5643,519300000,1904100000,36.8757,
600550.SH,保变电气,2004-09-02,1.1434,1.1434,1.1,1.1414,364234,0.4047,521100000,1910700000,37.0035,
600550.SH,保变电气,2004-09-03,1.1414,1.1434,1.1118,1.1177,235633,0.2618,510300000,1871100000,36.2366,
600550.SH,保变电气,2004-09-06,1.1177,1.1217,1.102,1.1098,218500,0.2428,506700000,1857900000,35.9809,
600550.SH,保变电气,2004-09-07,1.1079,1.1276,1.1079,1.1217,106765,0.1186,512100000,1877700000,36.3644,
600550.SH,保变电气,2004-09-08,1.1217,1.1217,1.1,1.102,229200,0.2547,503100000,1844700000,35.7253,
600550.SH,保变电气,2004-09-09,1.096,1.096,1.0487,1.0527,490031,0.5445,480600000,1762200000,34.1276,
600550.SH,保变电气,2004-09-10,1.0349,1.0487,1.0093,1.0428,599032,0.6656,476100000,1745700000,33.808,
600550.SH,保变电气,2004-09-13,1.0409,1.0409,0.9995,0.9995,361053,0.4012,456300000,1673100000,32.402,
600550.SH,保变电气,2004-09-14,1.0054,1.0547,1.0034,1.0428,716589,0.7962,476100000,1745700000,33.808,
600550.SH,保变电气,2004-09-15,1.0428,1.1355,1.0428,1.1158,2023274,2.2481,509400000,1867800000,36.1727,
600550.SH,保变电气,2004-09-16,1.1217,1.1512,1.1,1.1493,1418145,1.5757,524700000,1923900000,37.2591,
600550.SH,保变电气,2004-09-17,1.1532,1.2084,1.1394,1.1867,2033720,2.2597,541800000,1986600000,38.4734,
600550.SH,保变电气,2004-09-20,1.1867,1.2321,1.1828,1.2301,1997850,2.2198,561600000,2059200000,39.8794,
600550.SH,保变电气,2004-09-21,1.2301,1.234,1.1729,1.2124,1662201,1.8469,553500000,2029500000,39.3042,
600550.SH,保变电气,2004-09-22,1.2104,1.2439,1.1986,1.2124,1344018,1.4934,553500000,2029500000,39.3042,
600550.SH,保变电气,2004-09-23,1.2025,1.2301,1.1848,1.2301,1003415,1.1149,561600000,2059200000,39.8794,
600550.SH,保变电气,2004-09-24,1.238,1.2715,1.2064,1.2301,1970594,2.1895,561600000,2059200000,39.8794,
600550.SH,保变电气,2004-09-27,1.2301,1.2597,1.2143,1.2281,1135369,1.2615,560700000,2055900000,39.8155,
600550.SH,保变电气,2004-09-28,1.234,1.307,1.2321,1.3011,2471393,2.746,594000000,2178000000,42.1801,
600550.SH,保变电气,2004-09-29,1.307,1.3208,1.2676,1.2695,1503009,1.67,579600000,2125200000,41.1576,
600550.SH,保变电气,2004-09-30,1.2597,1.2597,1.2301,1.2321,705714,0.7841,562500000,2062500000,39.9433,
600550.SH,保变电气,2004-10-08,1.2459,1.2518,1.1729,1.2498,1322827,1.4698,570600000,2092200000,40.5185,
600550.SH,保变电气,2004-10-11,1.2478,1.2597,1.2183,1.2281,993773,1.1042,560700000,2055900000,39.8155,
600550.SH,保变电气,2004-10-12,1.2478,1.2518,1.2202,1.2281,825215,0.9169,560700000,2055900000,39.8155,
600550.SH,保变电气,2004-10-13,1.2281,1.2321,1.2163,1.2281,553147,0.6146,560700000,2055900000,39.8155,
600550.SH,保变电气,2004-10-14,1.236,1.2419,1.1611,1.171,563178,0.6258,534600000,1960200000,37.9621,
600550.SH,保变电气,2004-10-15,1.171,1.1808,1.1394,1.1532,604647,0.6718,526500000,1930500000,37.3869,
600550.SH,保变电气,2004-10-18,1.1591,1.1788,1.1414,1.1532,265413,0.2949,526500000,1930500000,37.3869,
600550.SH,保变电气,2004-10-19,1.1532,1.1867,1.1493,1.1512,491800,0.5464,525600000,1927200000,37.323,
600550.SH,保变电气,2004-10-20,1.1493,1.1591,1.1236,1.1394,299750,0.3331,520200000,1907400000,36.9396,
600550.SH,保变电气,2004-10-21,1.167,1.1729,1.1473,1.1591,644099,0.7157,529200000,1940400000,33.3745,
600550.SH,保变电气,2004-10-22,1.1828,1.2242,1.1591,1.2222,898805,0.9987,558000000,2046000000,35.1908,
600550.SH,保变电气,2004-10-25,1.2321,1.2616,1.1867,1.1986,992600,1.1029,547200000,2006400000,34.5097,
600550.SH,保变电气,2004-10-26,1.2064,1.2577,1.1848,1.2557,785527,0.8728,573300000,2102100000,36.1558,
600550.SH,保变电气,2004-10-27,1.2538,1.2695,1.234,1.2636,1037327,1.1526,576900000,2115300000,36.3828,
600550.SH,保变电气,2004-10-28,1.2715,1.2735,1.2242,1.2262,871189,0.968,559800000,2052600000,35.3044,
600550.SH,保变电气,2004-10-29,1.2025,1.2321,1.1828,1.2104,672647,0.7474,552600000,2026200000,34.8503,
600550.SH,保变电气,2004-11-01,1.2104,1.234,1.2025,1.2045,440250,0.4892,549900000,2016300000,34.68,
600550.SH,保变电气,2004-11-02,1.2005,1.2025,1.1552,1.1808,693118,0.7701,539100000,1976700000,33.9989,
600550.SH,保变电气,2004-11-03,1.1867,1.2183,1.1769,1.2163,338450,0.3761,555300000,2036100000,35.0206,
600550.SH,保变电气,2004-11-04,1.2064,1.2321,1.1848,1.1887,295600,0.3284,542700000,1989900000,34.2259,
600550.SH,保变电气,2004-11-05,1.1926,1.2025,1.1631,1.167,647009,0.7189,532800000,1953600000,33.6016,
600550.SH,保变电气,2004-11-08,1.171,1.171,1.1434,1.1512,419750,0.4664,525600000,1927200000,33.1475,
600550.SH,保变电气,2004-11-09,1.1611,1.1867,1.1552,1.167,319090,0.3545,532800000,1953600000,33.6016,
600550.SH,保变电气,2004-11-10,1.169,1.238,1.169,1.2301,906474,1.0072,561600000,2059200000,35.4179,
600550.SH,保变电气,2004-11-11,1.2281,1.2577,1.2143,1.2143,1081072,1.2012,554400000,2032800000,34.9638,
600550.SH,保变电气,2004-11-12,1.2183,1.2321,1.2005,1.2281,740906,0.8232,560700000,2055900000,35.3611,
600550.SH,保变电气,2004-11-15,1.238,1.2538,1.2242,1.234,541497,0.6017,563400000,2065800000,35.5314,
600550.SH,保变电气,2004-11-16,1.238,1.2814,1.238,1.2695,5440468,6.045,579600000,2125200000,36.5531,
600550.SH,保变电气,2004-11-17,1.2715,1.2912,1.24,1.2892,3032572,3.3695,588600000,2158200000,37.1207,
600550.SH,保变电气,2004-11-18,1.2814,1.309,1.2774,1.2971,2738113,3.0423,592200000,2171400000,37.3477,
600550.SH,保变电气,2004-11-19,1.2971,1.3405,1.2912,1.3326,3418108,3.7979,608400000,2230800000,38.3694,
600550.SH,保变电气,2004-11-22,1.3326,1.3701,1.3267,1.3701,3651488,4.0572,625500000,2293500000,39.4478,
600550.SH,保变电气,2004-11-23,1.3681,1.3996,1.3523,1.3996,4367281,4.8525,639000000,2343000000,40.2992,
600550.SH,保变电气,2004-11-24,1.4055,1.4115,1.3602,1.3917,3141237,3.4903,635400000,2329800000,40.0722,
600550.SH,保变电气,2004-11-25,1.3839,1.3839,1.3326,1.3365,2306249,2.5625,610200000,2237400000,38.4829,
600550.SH,保变电气,2004-11-26,1.3208,1.3563,1.3109,1.3188,1389971,1.5444,602100000,2207700000,37.9721,
600550.SH,保变电气,2004-11-29,1.3208,1.3582,1.3149,1.3523,1848286,2.0537,617400000,2263800000,38.937,
600550.SH,保变电气,2004-11-30,1.3543,1.3582,1.3267,1.3582,746447,0.8294,620100000,2273700000,39.1073,
600550.SH,保变电气,2004-12-01,1.3464,1.3622,1.3306,1.3385,744826,0.8276,611100000,2240700000,38.5397,
600550.SH,保变电气,2004-12-02,1.3346,1.3582,1.3129,1.3563,1031293,1.1459,619200000,2270400000,39.0505,
600550.SH,保变电气,2004-12-03,1.3701,1.376,1.3444,1.3503,714007,0.7933,616500000,2260500000,38.8802,
600550.SH,保变电气,2004-12-06,1.3444,1.3523,1.3208,1.3464,596430,0.6627,614700000,2253900000,38.7667,
600550.SH,保变电气,2004-12-07,1.3464,1.372,1.3425,1.3563,677118,0.7524,619200000,2270400000,39.0505,
600550.SH,保变电气,2004-12-08,1.3779,1.3996,1.3602,1.3898,1074136,1.1935,634500000,2326500000,40.0154,
600550.SH,保变电气,2004-12-09,1.3839,1.3996,1.3622,1.3701,802750,0.8919,625500000,2293500000,39.4478,
600550.SH,保变电气,2004-12-10,1.3622,1.3779,1.3503,1.372,1002949,1.1144,626400000,2296800000,39.5046,
600550.SH,保变电气,2004-12-13,1.3563,1.3563,1.3188,1.3405,1393200,1.548,612000000,2244000000,38.5964,
600550.SH,保变电气,2004-12-14,1.3228,1.3444,1.3188,1.3425,445472,0.495,612900000,2247300000,38.6532,
600550.SH,保变电气,2004-12-15,1.3326,1.3523,1.3228,1.3306,2278108,2.5312,607500000,2227500000,38.3126,
600550.SH,保变电气,2004-12-16,1.3306,1.3306,1.2971,1.3109,873924,0.971,598500000,2194500000,37.745,
600550.SH,保变电气,2004-12-17,1.3011,1.3129,1.2853,1.2892,263421,0.2927,588600000,2158200000,37.1207,
600550.SH,保变电气,2004-12-20,1.2814,1.3602,1.2774,1.2774,506650,0.5629,583200000,2138400000,36.7801,
600550.SH,保变电气,2004-12-21,1.2676,1.3208,1.2676,1.2892,173050,0.1923,588600000,2158200000,37.1207,
600550.SH,保变电气,2004-12-22,1.3149,1.3306,1.2912,1.3188,335847,0.3732,602100000,2207700000,37.9721,
600550.SH,保变电气,2004-12-23,1.3326,1.3326,1.307,1.3109,210425,0.2338,598500000,2194500000,37.745,
600550.SH,保变电气,2004-12-24,1.3247,1.3602,1.24,1.2439,4460548,4.9562,567900000,2082300000,35.8152,
600550.SH,保变电气,2004-12-27,1.234,1.234,1.1867,1.2124,2194479,2.4383,553500000,2029500000,34.9071,
600550.SH,保变电气,2004-12-28,1.2025,1.2281,1.1986,1.2025,450540,0.5006,549000000,2013000000,34.6233,
600550.SH,保变电气,2004-12-29,1.2025,1.2143,1.2005,1.2064,262500,0.2917,550800000,2019600000,34.7368,
600550.SH,保变电气,2004-12-30,1.2124,1.236,1.2025,1.234,284380,0.316,563400000,2065800000,35.5314,
600550.SH,保变电气,2004-12-31,1.234,1.2419,1.2163,1.234,411000,0.4567,563400000,2065800000,35.5314,
600550.SH,保变电气,2005-01-04,1.2321,1.2321,1.1848,1.2045,150500,0.1672,549900000,2016300000,34.68,
600550.SH,保变电气,2005-01-05,1.2064,1.2321,1.2025,1.2183,208540,0.2317,556200000,2039400000,35.0773,
600550.SH,保变电气,2005-01-06,1.2301,1.2321,1.2124,1.2183,155644,0.1729,556200000,2039400000,35.0773,
600550.SH,保变电气,2005-01-07,1.2143,1.2281,1.2064,1.2064,536279,0.5959,550800000,2019600000,34.7368,
600550.SH,保变电气,2005-01-10,1.2064,1.2064,1.1493,1.1808,863400,0.9593,539100000,1976700000,33.9989,
600550.SH,保变电气,2005-01-11,1.1828,1.1828,1.167,1.1828,239698,0.2663,540000000,1980000000,34.0557,
600550.SH,保变电气,2005-01-12,1.1749,1.1887,1.1729,1.1848,217783,0.242,540900000,1983300000,34.1124,
600550.SH,保变电气,2005-01-13,1.1769,1.1828,1.1591,1.171,418821,0.4654,534600000,1960200000,33.7151,
600550.SH,保变电气,2005-01-14,1.1611,1.1808,1.1611,1.1769,306340,0.3404,537300000,1970100000,33.8854,
600550.SH,保变电气,2005-01-17,1.169,1.169,1.1059,1.1138,415150,0.4613,508500000,1864500000,32.0691,
600550.SH,保变电气,2005-01-18,1.1138,1.1394,1.0744,1.1,526780,0.5853,502200000,1841400000,31.6718,
600550.SH,保变电气,2005-01-19,1.1039,1.1118,1.096,1.1039,188330,0.2093,504000000,1848000000,31.7853,
600550.SH,保变电气,2005-01-20,1.1,1.1,1.0586,1.0783,275980,0.3066,492300000,1805100000,31.0474,
600550.SH,保变电气,2005-01-21,1.0823,1.1867,1.0823,1.1867,3374977,3.75,541800000,1986600000,34.1692,
600550.SH,保变电气,2005-01-24,1.2794,1.305,1.238,1.305,6304291,7.0048,595800000,2184600000,37.5747,
600550.SH,保变电气,2005-01-25,1.305,1.3957,1.2735,1.3701,4718814,5.2431,625500000,2293500000,39.4478,
600550.SH,保变电气,2005-01-26,1.3622,1.376,1.3326,1.376,2649061,2.9434,628200000,2303400000,39.6181,
600550.SH,保变电气,2005-01-27,1.3563,1.374,1.3306,1.3385,1639134,1.8213,611100000,2240700000,38.5397,
600550.SH,保变电气,2005-01-28,1.3306,1.3681,1.307,1.3168,2444399,2.716,601200000,2204400000,37.9153,
600550.SH,保变电气,2005-01-31,1.3247,1.4489,1.3247,1.4489,6322996,7.0256,661500000,2425500000,41.7182,
600550.SH,保变电气,2005-02-01,1.4351,1.5869,1.4193,1.4588,8101922,9.0021,666000000,2442000000,42.002,
600550.SH,保变电气,2005-02-02,1.4588,1.5435,1.4292,1.5317,6244732,6.9386,699300000,2564100000,44.1021,
600550.SH,保变电气,2005-02-03,1.514,1.5672,1.4883,1.4982,4294662,4.7718,684000000,2508000000,43.1372,
600550.SH,保变电气,2005-02-04,1.4883,1.5475,1.4686,1.5317,3655708,4.0619,699300000,2564100000,44.1021,
600550.SH,保变电气,2005-02-16,1.5554,1.6677,1.5495,1.6027,3707522,4.1195,731700000,2682900000,46.1454,
600550.SH,保变电气,2005-02-17,1.6027,1.6638,1.583,1.6066,2508315,2.787,733500000,2689500000,46.2589,
600550.SH,保变电气,2005-02-18,1.6007,1.6283,1.5593,1.579,3031283,3.3681,720900000,2643300000,45.4643,
600550.SH,保变电气,2005-02-21,1.579,1.7367,1.5396,1.7367,5754214,6.3936,792900000,2907300000,50.0051,
600550.SH,保变电气,2005-02-22,1.717,1.8708,1.7012,1.79,8558796,9.5098,817200000,2996400000,51.5376,
600550.SH,保变电气,2005-02-23,1.7919,1.8471,1.7762,1.8156,4953295,5.5037,828900000,3039300000,52.2754,
600550.SH,保变电气,2005-02-24,1.7978,1.8432,1.7742,1.8235,3939782,4.3775,832500000,3052500000,52.5025,
600550.SH,保变电气,2005-02-25,1.8136,2.0068,1.8057,1.8727,8744066,9.7156,855000000,3135000000,53.9215,
600550.SH,保变电气,2005-02-28,1.8688,1.9122,1.8038,1.8589,4934905,5.4832,848700000,3111900000,53.5241,
600550.SH,保变电气,2005-03-01,1.8333,1.8589,1.786,1.8077,4005903,4.451,825300000,3026100000,52.0484,
600550.SH,保变电气,2005-03-02,1.8077,1.8806,1.7742,1.8176,4545584,5.0506,829800000,3042600000,52.3322,
600550.SH,保变电气,2005-03-03,1.8116,1.8471,1.652,1.719,7450207,8.278,784800000,2877600000,49.4942,
600550.SH,保变电气,2005-03-04,1.7012,1.7486,1.6934,1.7052,3854965,4.2833,778500000,2854500000,49.0969,
600550.SH,保变电气,2005-03-07,1.7012,1.8038,1.6756,1.7919,5597798,6.2198,818100000,2999700000,51.5943,
600550.SH,保变电气,2005-03-08,1.7919,1.9063,1.786,1.8885,7201039,8.0012,862200000,3161400000,54.3755,
600550.SH,保变电气,2005-03-09,1.8925,1.922,1.8215,1.8313,5838118,6.4868,836100000,3065700000,52.7295,
600550.SH,保变电气,2005-03-10,1.8432,1.8491,1.7919,1.7959,3414776,3.7942,819900000,3006300000,51.7078,
600550.SH,保变电气,2005-03-11,1.7959,1.8136,1.717,1.7545,4456461,4.9516,801000000,2937000000,50.5159,
600550.SH,保变电气,2005-03-14,1.7348,1.7919,1.6953,1.7781,3992981,4.4366,811800000,2976600000,51.197,
600550.SH,保变电气,2005-03-15,1.7643,1.7801,1.6874,1.6993,2770476,3.0783,775800000,2844600000,48.9266,
600550.SH,保变电气,2005-03-16,1.6953,1.7624,1.6914,1.7229,2610120,2.9001,786600000,2884200000,49.6077,
600550.SH,保变电气,2005-03-17,1.715,1.7229,1.5514,1.5514,8024380,8.916,708300000,2597100000,44.6697,
600550.SH,保变电气,2005-03-18,1.5317,1.583,1.512,1.5495,3814849,4.2387,707400000,2593800000,44.6129,
600550.SH,保变电气,2005-03-21,1.5416,1.5869,1.51,1.5633,3048094,3.3868,713700000,2616900000,45.0102,
600550.SH,保变电气,2005-03-22,1.5376,1.7072,1.5179,1.6658,6486669,7.2074,760500000,2788500000,54.5794,
600550.SH,保变电气,2005-03-23,1.6539,1.7012,1.6362,1.652,3837064,4.2634,754200000,2765400000,54.1272,
600550.SH,保变电气,2005-03-24,1.648,1.7052,1.6362,1.6815,2359415,2.6216,767700000,2814900000,55.0961,
600550.SH,保变电气,2005-03-25,1.6953,1.7486,1.6855,1.7032,2904276,3.227,777600000,2851200000,55.8066,
600550.SH,保变电气,2005-03-28,1.6934,1.715,1.5692,1.6658,2635270,2.9281,760500000,2788500000,54.5794,
600550.SH,保变电气,2005-03-29,1.6539,1.6658,1.6086,1.6125,1824016,2.0267,736200000,2699400000,52.8354,
600550.SH,保变电气,2005-03-30,1.5928,1.652,1.5869,1.6066,1685622,1.8729,733500000,2689500000,52.6416,
600550.SH,保变电气,2005-03-31,1.6125,1.6796,1.5987,1.6776,2195007,2.4389,765900000,2808300000,54.9669,
600550.SH,保变电气,2005-04-01,1.6658,1.7702,1.6125,1.7229,3920987,4.3567,786600000,2884200000,56.4525,
600550.SH,保变电气,2005-04-04,1.6973,1.7939,1.6776,1.7505,5457844,6.0643,799200000,2930400000,57.3568,
600550.SH,保变电气,2005-04-05,1.7387,1.7702,1.7072,1.7387,2939044,3.2656,793800000,2910600000,56.9692,
600550.SH,保变电气,2005-04-06,1.7348,1.8116,1.7288,1.8077,4944611,5.494,825300000,3026100000,59.2299,
600550.SH,保变电气,2005-04-07,1.8116,1.8274,1.7643,1.7762,6113783,6.7931,810900000,2973300000,58.1964,
600550.SH,保变电气,2005-04-08,1.7762,1.7762,1.6973,1.7525,4944181,5.4935,800100000,2933700000,57.4214,
600550.SH,保变电气,2005-04-11,1.7348,1.7466,1.6855,1.7269,3196880,3.5521,788400000,2890800000,56.5817,
600550.SH,保变电气,2005-04-12,1.719,1.8018,1.6973,1.7959,5352934,5.9477,819900000,3006300000,58.8424,
600550.SH,保变电气,2005-04-13,1.7998,1.8254,1.7683,1.7801,4758581,5.2873,812700000,2979900000,58.3256,
600550.SH,保变电气,2005-04-14,1.7742,1.7742,1.6184,1.6618,6320691,7.023,758700000,2781900000,54.4502,
600550.SH,保变电气,2005-04-15,1.6539,1.6539,1.6027,1.6066,2674790,2.972,733500000,2689500000,52.6416,
600550.SH,保变电气,2005-04-18,1.5968,1.6421,1.579,1.6224,1382646,1.5363,740700000,2715900000,53.1584,
600550.SH,保变电气,2005-04-19,1.6165,1.6263,1.4607,1.4805,3993652,4.4374,675900000,2478300000,48.5078,
600550.SH,保变电气,2005-04-20,1.4706,1.4962,1.445,1.4805,2220805,2.4676,675900000,2478300000,48.5078,
600550.SH,保变电气,2005-04-21,1.4785,1.4923,1.3996,1.445,2449290,2.7214,659700000,2418900000,47.3452,
600550.SH,保变电气,2005-04-22,1.441,1.4962,1.4075,1.4686,2094851,2.3276,670500000,2458500000,48.1203,
600550.SH,保变电气,2005-04-25,1.4489,1.4765,1.3799,1.4253,2454826,2.7276,650700000,2385900000,46.6993,
600550.SH,保变电气,2005-04-26,1.3996,1.4568,1.3937,1.4371,1531239,1.7014,656100000,2405700000,47.0868,
600550.SH,保变电气,2005-04-27,1.445,1.4509,1.3641,1.3701,1676750,1.8631,625500000,2293500000,44.8907,
600550.SH,保变电气,2005-04-28,1.3641,1.5081,1.3306,1.5081,3564624,3.9607,688500000,2524500000,47.4038,
600550.SH,保变电气,2005-04-29,1.5081,1.5672,1.4785,1.4844,4270066,4.7445,677700000,2484900000,46.6602,
600550.SH,保变电气,2005-05-09,1.4805,1.514,1.443,1.4962,1388273,1.5425,683100000,2504700000,47.032,
600550.SH,保变电气,2005-05-10,1.4883,1.5337,1.4548,1.5219,1841126,2.0457,694800000,2547600000,47.8375,
600550.SH,保变电气,2005-05-11,1.512,1.5376,1.4351,1.4371,1874324,2.0826,656100000,2405700000,45.173,
600550.SH,保变电气,2005-05-12,1.4115,1.4647,1.3937,1.4391,2025583,2.2506,657000000,2409000000,45.235,
600550.SH,保变电气,2005-05-13,1.4292,1.4568,1.3917,1.443,1569634,1.744,658800000,2415600000,45.3589,
600550.SH,保变电气,2005-05-16,1.443,1.4588,1.4055,1.4371,727257,0.8081,656100000,2405700000,45.173,
600550.SH,保变电气,2005-05-17,1.4193,1.4686,1.4193,1.4529,978783,1.0875,663300000,2432100000,45.6687,
600550.SH,保变电气,2005-05-18,1.4588,1.5219,1.4588,1.4943,1962951,2.1811,682200000,2501400000,46.97,
600550.SH,保变电气,2005-05-19,1.4923,1.5376,1.4667,1.5179,2348264,2.6092,693000000,2541000000,47.7136,
600550.SH,保变电气,2005-05-20,1.5376,1.5376,1.4667,1.4706,1493683,1.6596,671400000,2461800000,46.2264,
600550.SH,保变电气,2005-05-23,1.4588,1.4588,1.4075,1.4233,1023060,1.1367,649800000,2382600000,44.7392,
600550.SH,保变电气,2005-05-24,1.4174,1.4568,1.4115,1.443,955531,1.0617,658800000,2415600000,45.3589,
600550.SH,保变电气,2005-05-25,1.445,1.4568,1.4213,1.4292,690321,0.767,652500000,2392500000,44.9251,
600550.SH,保变电气,2005-05-26,1.4193,1.4371,1.3799,1.3917,1593505,1.7706,635400000,2329800000,43.7478,
600550.SH,保变电气,2005-05-27,1.3839,1.4272,1.3779,1.3858,1413068,1.5701,632700000,2319900000,43.5619,
600550.SH,保变电气,2005-05-30,1.3799,1.3937,1.2478,1.2557,3833033,4.2589,573300000,2102100000,39.4721,
600550.SH,保变电气,2005-05-31,1.2419,1.2833,1.2301,1.2577,1911314,2.1237,574200000,2105400000,39.5341,
600550.SH,保变电气,2005-06-01,1.2419,1.2577,1.1729,1.2124,2100946,2.3344,553500000,2029500000,38.1089,
600550.SH,保变电气,2005-06-02,1.2025,1.2202,1.1729,1.2005,1694461,1.8827,548100000,2009700000,37.7371,
600550.SH,保变电气,2005-06-03,1.2104,1.2104,1.1572,1.1867,1187641,1.3196,541800000,1986600000,37.3033,
600550.SH,保变电气,2005-06-06,1.1808,1.2222,1.1355,1.2143,1934183,2.1491,554400000,2032800000,38.1709,
600550.SH,保变电气,2005-06-07,1.2143,1.2636,1.2025,1.2124,4708504,5.2317,553500000,2029500000,38.1089,
600550.SH,保变电气,2005-06-08,1.2084,1.3346,1.2064,1.3346,6671765,7.4131,609300000,2234100000,41.9508,
600550.SH,保变电气,2005-06-09,1.3563,1.4509,1.3188,1.4174,6883218,7.648,647100000,2372700000,44.5533,
600550.SH,保变电气,2005-06-10,1.4174,1.5593,1.4095,1.4864,8954262,9.9492,678600000,2488200000,46.7221,
600550.SH,保变电气,2005-06-13,1.4844,1.5495,1.4706,1.5021,4783489,5.315,685800000,2514600000,47.2179,
600550.SH,保变电气,2005-06-14,1.5002,1.5376,1.4351,1.4391,4219159,4.688,657000000,2409000000,45.235,
600550.SH,保变电气,2005-06-15,1.4292,1.5652,1.4075,1.5376,5635101,6.2612,702000000,2574000000,48.3332,
600550.SH,保变电气,2005-06-16,1.5376,1.6066,1.512,1.5731,5682460,6.3138,718200000,2633400000,49.4486,
600550.SH,保变电气,2005-06-17,1.5672,1.5731,1.4962,1.5396,4040209,4.4891,702900000,2577300000,48.3952,
600550.SH,保变电气,2005-06-20,1.5396,1.5396,1.5396,1.5396,--,--,702900000,2577300000,48.3952,
600550.SH,保变电气,2005-06-21,1.5396,1.5396,1.5396,1.5396,--,--,702900000,2577300000,48.3952,
600550.SH,保变电气,2005-06-22,1.5396,1.5396,1.5396,1.5396,--,--,702900000,2577300000,48.3952,
600550.SH,保变电气,2005-06-23,1.5396,1.5396,1.5396,1.5396,--,--,702900000,2577300000,48.3952,
600550.SH,保变电气,2005-06-24,1.5396,1.5396,1.5396,1.5396,--,--,702900000,2577300000,48.3952,
600550.SH,保变电气,2005-06-27,1.5396,1.5396,1.5396,1.5396,--,--,702900000,2577300000,48.3952,
600550.SH,保变电气,2005-06-28,1.5396,1.5396,1.5396,1.5396,--,--,702900000,2577300000,48.3952,
600550.SH,保变电气,2005-06-29,1.5396,1.5396,1.5396,1.5396,--,--,702900000,2577300000,48.3952,
600550.SH,保变电气,2005-06-30,1.5396,1.5396,1.5396,1.5396,--,--,702900000,2577300000,48.3952,
600550.SH,保变电气,2005-07-01,1.5396,1.5396,1.5396,1.5396,--,--,702900000,2577300000,48.3952,
600550.SH,保变电气,2005-07-04,1.5396,1.5396,1.5396,1.5396,--,--,702900000,2577300000,48.3952,
600550.SH,保变电气,2005-07-05,1.5396,1.5396,1.5396,1.5396,--,--,702900000,2577300000,48.3952,
600550.SH,保变电气,2005-07-06,1.5396,1.5396,1.5396,1.5396,--,--,702900000,2577300000,48.3952,
600550.SH,保变电气,2005-07-07,1.5396,1.5396,1.5396,1.5396,--,--,702900000,2577300000,48.3952,
600550.SH,保变电气,2005-07-08,1.5396,1.5396,1.5396,1.5396,--,--,702900000,2577300000,48.3952,
600550.SH,保变电气,2005-07-11,1.5396,1.5396,1.5396,1.5396,--,--,702900000,2577300000,48.3952,
600550.SH,保变电气,2005-07-12,1.5396,1.5396,1.5396,1.5396,--,--,702900000,2577300000,48.3952,
600550.SH,保变电气,2005-07-13,1.5672,1.6204,1.5199,1.5948,7646570,8.4962,728100000,2669700000,50.1302,
600550.SH,保变电气,2005-07-14,1.5928,1.5928,1.5258,1.5416,3161779,3.5131,703800000,2580600000,48.4572,
600550.SH,保变电气,2005-07-15,1.5376,1.5711,1.51,1.5376,3032741,3.3697,702000000,2574000000,48.3332,
600550.SH,保变电气,2005-07-18,1.5337,1.5475,1.4943,1.5297,1261717,1.4019,698400000,2560800000,48.0854,
600550.SH,保变电气,2005-07-19,1.5317,1.5613,1.5219,1.5455,1025168,1.1391,705600000,2587200000,48.5811,
600550.SH,保变电气,2005-07-20,1.5554,1.6066,1.5455,1.5711,3757434,4.1749,717300000,2630100000,49.3867,
600550.SH,保变电气,2005-07-21,1.5573,1.6066,1.5455,1.6046,2454889,2.7277,732600000,2686200000,50.4401,
600550.SH,保变电气,2005-07-22,1.5968,1.6835,1.5731,1.6539,4662476,5.1805,755100000,2768700000,51.9892,
600550.SH,保变电气,2005-07-25,1.646,1.6697,1.6184,1.6303,2571092,2.8568,744300000,2729100000,51.2456,
600550.SH,保变电气,2005-07-26,1.6363,1.699,1.6303,1.6707,2793819,3.1042,744300000,2729100000,51.2456,
600550.SH,保变电气,2005-07-27,1.6687,1.6868,1.6464,1.6586,3465749,3.8508,738900000,2709300000,50.8738,
600550.SH,保变电气,2005-07-28,1.6565,1.707,1.6565,1.6949,2950272,3.2781,755100000,2768700000,51.9892,
600550.SH,保变电气,2005-07-29,1.701,1.7757,1.701,1.7575,3977808,4.4198,783000000,2871000000,53.9101,
600550.SH,保变电气,2005-08-01,1.8081,1.8081,1.7192,1.7515,2532739,2.8142,780300000,2861100000,53.7243,
600550.SH,保变电气,2005-08-02,1.7575,1.7575,1.7171,1.7252,3582881,3.981,768600000,2818200000,52.9187,
600550.SH,保变电气,2005-08-03,1.7252,1.7252,1.7252,1.7252,--,--,768600000,2818200000,52.9187,
600550.SH,保变电气,2005-08-04,1.7252,1.7252,1.7252,1.7252,--,--,768600000,2818200000,52.9187,
600550.SH,保变电气,2005-08-05,1.7252,1.7252,1.7252,1.7252,--,--,768600000,2818200000,52.9187,
600550.SH,保变电气,2005-08-08,1.7252,1.7252,1.7252,1.7252,--,--,768600000,2818200000,52.9187,
600550.SH,保变电气,2005-08-09,1.7252,1.7252,1.7252,1.7252,--,--,768600000,2818200000,52.9187,
600550.SH,保变电气,2005-08-10,1.7252,1.7252,1.7252,1.7252,--,--,768600000,2818200000,52.9187,
600550.SH,保变电气,2005-08-11,1.7252,1.7252,1.7252,1.7252,--,--,768600000,2818200000,52.9187,
600550.SH,保变电气,2005-08-12,1.7252,1.7252,1.7252,1.7252,--,--,768600000,2818200000,52.9187,
600550.SH,保变电气,2005-08-15,1.7252,1.7252,1.7252,1.7252,--,--,768600000,2818200000,52.9187,
600550.SH,保变电气,2005-08-16,1.7252,1.7252,1.7252,1.7252,--,--,768600000,2818200000,52.9187,
600550.SH,保变电气,2005-08-17,1.7252,1.7252,1.7252,1.7252,--,--,768600000,2818200000,52.9187,
600550.SH,保变电气,2005-08-18,1.7252,1.7252,1.7252,1.7252,--,--,768600000,2818200000,52.9187,
600550.SH,保变电气,2005-08-19,1.9515,2.0731,1.9006,1.9826,21463088,17.0342,883260000,2313300000,43.4379,
600550.SH,保变电气,2005-08-22,1.9543,2.0646,1.9373,1.9996,4869642,3.8648,890820000,2333100000,43.8097,
600550.SH,保变电气,2005-08-23,1.9769,2.2004,1.9741,2.2004,11074811,8.7895,980280000,2567400000,48.2093,
600550.SH,保变电气,2005-08-24,2.2202,2.4181,2.1806,2.305,11951760,9.4855,1026900000,2689500000,50.502,
600550.SH,保变电气,2005-08-25,2.2909,2.3983,2.2428,2.339,7611564,6.0409,1042020000,2729100000,51.2456,
600550.SH,保变电气,2005-08-26,2.339,2.3757,2.2909,2.322,4675501,3.7107,1034460000,2709300000,50.8738,
600550.SH,保变电气,2005-08-29,2.305,2.5313,2.3022,2.4577,9142742,7.2561,1094940000,2867700000,53.8482,
600550.SH,保变电气,2005-08-30,2.5171,2.5935,2.421,2.4521,7674236,6.0907,1092420000,2861100000,56.4963,
600550.SH,保变电气,2005-08-31,2.4323,2.5171,2.4097,2.503,5034571,3.9957,1115100000,2920500000,57.6692,
600550.SH,保变电气,2005-09-01,2.4888,2.5822,2.469,2.5002,6133828,4.8681,1113840000,2917200000,57.6041,
600550.SH,保变电气,2005-09-02,2.4888,2.5426,2.4323,2.4606,3566653,2.8307,1096200000,2871000000,56.6918,
600550.SH,保变电气,2005-09-05,2.4606,2.5878,2.4549,2.5313,5918488,4.6972,1127700000,2953500000,58.3209,
600550.SH,保变电气,2005-09-06,2.5398,2.6161,2.4181,2.469,7184518,5.702,1099980000,2880900000,56.8873,
600550.SH,保变电气,2005-09-07,2.4606,2.5369,2.3983,2.5256,4989945,3.9603,1125180000,2946900000,58.1905,
600550.SH,保变电气,2005-09-08,2.5171,2.5313,2.4606,2.503,4544795,3.607,1115100000,2920500000,57.6692,
600550.SH,保变电气,2005-09-09,2.5002,2.503,2.3927,2.404,5894070,4.6778,1071000000,2805000000,55.3885,
600550.SH,保变电气,2005-09-12,2.3899,2.4436,2.3785,2.4153,2084161,1.6541,1076040000,2818200000,55.6492,
600550.SH,保变电气,2005-09-13,2.4181,2.6557,2.3785,2.6557,7561856,6.0015,1183140000,3098700000,61.188,
600550.SH,保变电气,2005-09-14,2.701,2.9216,2.701,2.8395,17912116,14.216,1265040000,3313200000,65.4236,
600550.SH,保变电气,2005-09-15,2.8141,2.9555,2.7915,2.9046,7255639,5.7584,1294020000,3389100000,66.9224,
600550.SH,保变电气,2005-09-16,2.8989,2.9357,2.8565,2.9272,3627628,2.8791,1304100000,3415500000,67.4437,
600550.SH,保变电气,2005-09-19,2.9357,3.2214,2.9272,3.2214,7207009,5.7198,1435140000,3758700000,74.2206,
600550.SH,保变电气,2005-09-20,3.3713,3.3939,3.1422,3.1846,12497224,9.9184,1418760000,3715800000,73.3735,
600550.SH,保变电气,2005-09-21,3.162,3.2581,3.145,3.1648,8048992,6.3881,1409940000,3692700000,72.9174,
600550.SH,保变电气,2005-09-22,3.162,3.1733,3.0262,3.0884,7409534,5.8806,1375920000,3603600000,71.158,
600550.SH,保变电气,2005-09-23,3.0771,3.2723,3.063,3.1224,7524581,5.9719,1391040000,3643200000,71.9399,
600550.SH,保变电气,2005-09-26,3.1337,3.3939,3.0262,3.3288,8807949,6.9904,1483020000,3884100000,76.6968,
600550.SH,保变电气,2005-09-27,3.3288,3.3797,2.9951,2.9951,10182246,8.0811,1334340000,3494700000,69.0076,
600550.SH,保变电气,2005-09-28,2.9555,3.0262,2.848,2.9612,9179466,7.2853,1319220000,3455100000,68.2256,
600550.SH,保变电气,2005-09-29,2.9414,3.2581,2.9131,3.2581,8139627,6.46,1451520000,3801600000,75.0677,
600550.SH,保变电气,2005-09-30,3.2581,3.5834,3.2581,3.4787,11499208,9.1264,1549800000,4059000000,80.1505,
600550.SH,保变电气,2005-10-10,3.4929,3.5805,3.3175,3.4731,8971430,7.1202,1547280000,4052400000,80.0201,
600550.SH,保变电气,2005-10-11,3.4448,3.7191,3.4165,3.6569,7752682,6.1529,1629180000,4266900000,84.2557,
600550.SH,保变电气,2005-10-12,3.6484,3.6937,3.5579,3.6201,5510489,4.3734,1612800000,4224000000,83.4086,
600550.SH,保变电气,2005-10-13,3.6145,3.6654,3.4674,3.5098,5201421,4.1281,1563660000,4095300000,80.8672,
600550.SH,保变电气,2005-10-14,3.5212,3.6597,3.5183,3.5805,4068519,3.229,1595160000,4177800000,82.4963,
600550.SH,保变电气,2005-10-17,3.5607,3.6654,3.4787,3.6258,4318150,3.4271,1615320000,4230600000,83.5389,
600550.SH,保变电气,2005-10-18,3.6484,3.9256,3.6145,3.8436,7728041,6.1334,1712340000,4484700000,88.5565,
600550.SH,保变电气,2005-10-19,3.8181,3.8973,3.705,3.7418,5550639,4.4053,1666980000,4365900000,86.2106,
600550.SH,保变电气,2005-10-20,3.6937,3.9086,3.6088,3.8436,8075806,6.4094,1712340000,4484700000,88.5565,
600550.SH,保变电气,2005-10-21,3.8351,3.8747,3.77,3.8068,3752031,2.9778,1695960000,4441800000,87.7094,
600550.SH,保变电气,2005-10-24,3.8068,3.8747,3.6654,3.77,5597916,4.4428,1679580000,4398900000,86.8622,
600550.SH,保变电气,2005-10-25,3.7616,3.7616,3.6145,3.6258,4664090,3.7017,1615320000,4230600000,83.5389,
600550.SH,保变电气,2005-10-26,3.5947,3.688,3.3599,3.4335,8197620,6.506,1529640000,4006200000,79.1078,
600550.SH,保变电气,2005-10-27,3.4335,3.4335,3.4335,3.4335,--,--,1529640000,4006200000,79.1078,
600550.SH,保变电气,2005-10-28,3.4504,3.6937,3.4504,3.5777,10229682,8.1188,1593900000,4174500000,82.4312,
600550.SH,保变电气,2005-10-31,3.5919,3.688,3.4816,3.6767,9099970,7.2222,1638000000,4290000000,65.4112,
600550.SH,保变电气,2005-11-01,3.6513,3.804,3.5947,3.6852,8339825,6.6189,1641780000,4299900000,65.5622,
600550.SH,保变电气,2005-11-02,3.6484,3.7248,3.5919,3.6626,4527784,3.5935,1631700000,4273500000,65.1596,
600550.SH,保变电气,2005-11-03,3.6541,3.6824,3.4561,3.4759,6590015,5.2302,1548540000,4055700000,61.8388,
600550.SH,保变电气,2005-11-04,3.4618,3.5014,3.3034,3.3939,6871230,5.4534,1512000000,3960000000,60.3796,
600550.SH,保变电气,2005-11-07,3.3515,3.3995,3.309,3.3882,4496794,3.5689,1509480000,3953400000,60.279,
600550.SH,保变电气,2005-11-08,3.3911,3.4731,3.3684,3.3882,4491397,3.5646,1509480000,3953400000,60.279,
600550.SH,保变电气,2005-11-09,3.3854,3.4646,3.3401,3.4504,4127592,3.2759,1537200000,4026000000,61.3859,
600550.SH,保变电气,2005-11-10,3.4278,3.5098,3.3062,3.4109,5766037,4.5762,1519560000,3979800000,60.6815,
600550.SH,保变电气,2005-11-11,3.3882,3.4561,3.3317,3.4137,2247851,1.784,1520820000,3983100000,60.7318,
600550.SH,保变电气,2005-11-14,3.3373,3.4222,3.3345,3.3882,1690497,1.3417,1509480000,3953400000,60.279,
600550.SH,保变电气,2005-11-15,3.3939,3.4165,3.1111,3.1224,5971920,4.7396,1391040000,3643200000,55.5492,
600550.SH,保变电气,2005-11-16,3.0913,3.1252,2.8989,3.0149,7023428,5.5741,1343160000,3517800000,53.6372,
600550.SH,保变电气,2005-11-17,2.9894,3.1563,2.9555,3.029,4707125,3.7358,1349460000,3534300000,53.8888,
600550.SH,保变电气,2005-11-18,3.0319,3.2496,2.9838,3.162,6671018,5.2945,1408680000,3689400000,56.2537,
600550.SH,保变电气,2005-11-21,3.1535,3.1846,3.0856,3.0941,3060478,2.429,1378440000,3610200000,55.0461,
600550.SH,保变电气,2005-11-22,3.0941,3.1195,2.8848,2.8989,6009912,4.7698,1291500000,3382500000,51.5742,
600550.SH,保变电气,2005-11-23,2.8961,2.9894,2.8622,2.9725,3158398,2.5067,1324260000,3468300000,52.8825,
600550.SH,保变电气,2005-11-24,2.9612,3.0375,2.9414,2.964,2425968,1.9254,1320480000,3458400000,52.7315,
600550.SH,保变电气,2005-11-25,2.9555,3.0121,2.8791,2.9725,4614330,3.6622,1324260000,3468300000,52.8825,
600550.SH,保变电气,2005-11-28,2.9838,3.2694,2.9838,3.2383,11441541,9.0806,1442700000,3778500000,57.6122,
600550.SH,保变电气,2005-11-29,3.2185,3.2468,3.1365,3.145,4789057,3.8008,1401120000,3669600000,55.9518,
600550.SH,保变电气,2005-11-30,3.2468,3.2468,3.1054,3.2016,4241520,3.3663,1426320000,3735600000,56.9581,
600550.SH,保变电气,2005-12-01,3.21,3.3401,3.1987,3.2468,7887246,6.2597,1446480000,3788400000,57.7631,
600550.SH,保变电气,2005-12-02,3.2468,3.2921,3.2044,3.244,2999432,2.3805,1445220000,3785100000,57.7128,
600550.SH,保变电气,2005-12-05,3.3175,3.3599,3.0799,3.1139,4469872,3.5475,1387260000,3633300000,55.3983,
600550.SH,保变电气,2005-12-06,3.0828,3.1337,3.0319,3.1252,3102726,2.4625,1392300000,3646500000,55.5995,
600550.SH,保变电气,2005-12-07,3.1676,3.4391,3.1676,3.3458,9598611,7.6179,1490580000,3903900000,59.5242,
600550.SH,保变电气,2005-12-08,3.3486,3.5579,3.3486,3.5268,8967555,7.1171,1571220000,4115100000,62.7445,
600550.SH,保变电气,2005-12-09,3.5268,3.6003,3.4872,3.5777,7074878,5.615,1593900000,4174500000,63.6502,
600550.SH,保变电气,2005-12-12,3.6088,3.6343,3.4504,3.524,8403903,6.6698,1569960000,4111800000,62.6941,
600550.SH,保变电气,2005-12-13,3.507,3.623,3.4504,3.5664,7697644,6.1092,1588860000,4161300000,63.4489,
600550.SH,保变电气,2005-12-14,3.5579,3.6173,3.4731,3.5664,5142308,4.0812,1588860000,4161300000,63.4489,
600550.SH,保变电气,2005-12-15,3.6597,3.7559,3.442,3.4731,12076252,9.5843,1547280000,4052400000,61.7885,
600550.SH,保变电气,2005-12-16,3.4646,3.6003,3.4391,3.5183,8009930,6.3571,1567440000,4105200000,62.5935,
600550.SH,保变电气,2005-12-19,3.5155,3.5353,3.3373,3.3769,11151451,8.8504,1504440000,3940200000,60.0777,
600550.SH,保变电气,2005-12-20,3.3911,3.4504,3.3232,3.4193,6990125,5.5477,1523340000,3989700000,60.8324,
600550.SH,保变电气,2005-12-21,3.4193,3.4391,3.3458,3.3599,4337182,3.4422,1496880000,3920400000,59.7758,
600550.SH,保变电气,2005-12-22,3.3373,3.4278,3.2751,3.3911,7313838,5.8046,1510740000,3956700000,60.3293,
600550.SH,保变电气,2005-12-23,3.3797,3.3967,3.3175,3.3628,6256005,4.9651,1498140000,3923700000,59.8261,
600550.SH,保变电气,2005-12-26,3.3373,3.4137,3.309,3.3656,6670898,5.2944,1499400000,3927000000,59.8764,
600550.SH,保变电气,2005-12-27,3.3826,3.5042,3.3628,3.408,11042020,8.7635,1518300000,3976500000,60.6312,
600550.SH,保变电气,2005-12-28,3.4052,3.4165,3.3458,3.3769,4777148,3.7914,1504440000,3940200000,60.0777,
600550.SH,保变电气,2005-12-29,3.408,3.4702,3.3826,3.3911,5525566,4.3854,1510740000,3956700000,60.3293,
600550.SH,保变电气,2005-12-30,3.4391,3.5721,3.4222,3.4816,12987366,10.3074,1551060000,4062300000,61.9394,
600550.SH,保变电气,2006-01-04,3.5014,3.6003,3.4561,3.5919,7392790,5.8673,1600200000,4191000000,63.9017,
600550.SH,保变电气,2006-01-05,3.589,3.6173,3.4335,3.4872,13045031,10.3532,1553580000,4068900000,62.04,
600550.SH,保变电气,2006-01-06,3.4787,3.507,3.4137,3.507,8200931,6.5087,1562400000,4092000000,62.3923,
600550.SH,保变电气,2006-01-09,3.5155,3.5212,3.4363,3.4702,5491736,4.3585,1546020000,4049100000,61.7381,
600550.SH,保变电气,2006-01-10,3.4702,3.5975,3.4533,3.4929,15265518,12.1155,1556100000,4075500000,62.1407,
600550.SH,保变电气,2006-01-11,3.4929,3.5155,3.4052,3.4335,10146013,8.0524,1529640000,4006200000,61.084,
600550.SH,保变电气,2006-01-12,3.4504,3.5042,3.4052,3.4985,7717382,6.1249,1558620000,4082100000,62.2413,
600550.SH,保变电气,2006-01-13,3.5155,3.5749,3.4816,3.4957,8794230,6.9795,1557360000,4078800000,62.191,
600550.SH,保变电气,2006-01-16,3.4957,3.5042,3.2921,3.3005,8673203,6.8835,1470420000,3851100000,58.7192,
600550.SH,保变电气,2006-01-17,3.2694,3.3288,3.145,3.261,7653410,6.0741,1452780000,3804900000,58.0147,
600550.SH,保变电气,2006-01-18,3.2553,3.3175,3.1818,3.2949,6247846,4.9586,1467900000,3844500000,58.6185,
600550.SH,保变电气,2006-01-19,3.3119,3.5805,3.3119,3.5777,18227443,14.4662,1593900000,4174500000,63.6502,
600550.SH,保变电气,2006-01-20,3.6145,3.9369,3.5523,3.869,26797073,21.2675,1723680000,4514400000,43.9572,
600550.SH,保变电气,2006-01-23,3.8492,4.1575,3.8068,3.9369,15952938,12.6611,1753920000,4593600000,44.7283,
600550.SH,保变电气,2006-01-24,3.9312,4.002,3.8209,3.8662,9600510,7.6195,1722420000,4511100000,43.925,
600550.SH,保变电气,2006-01-25,3.8464,4.1292,3.8323,4.0755,11759176,9.3327,1815660000,4755300000,46.3028,
600550.SH,保变电气,2006-02-06,4.1009,4.1264,3.9171,4.0472,9850935,7.8182,1803060000,4722300000,45.9815,
600550.SH,保变电气,2006-02-07,4.0444,4.0472,3.7616,3.8266,11725236,9.3057,1704780000,4464900000,43.4752,
600550.SH,保变电气,2006-02-08,3.8181,3.8917,3.7559,3.8577,5706395,4.5289,1718640000,4501200000,43.8286,
600550.SH,保变电气,2006-02-09,3.8407,3.8407,3.5919,3.6201,9842842,7.8118,1612800000,4224000000,41.1295,
600550.SH,保变电气,2006-02-10,3.6145,3.7757,3.5975,3.6824,7348725,5.8323,1640520000,4296600000,41.8364,
600550.SH,保变电气,2006-02-13,3.7078,3.7927,3.6739,3.7276,4736122,3.7588,1660680000,4349400000,42.3505,
600550.SH,保变电气,2006-02-14,3.7191,3.7757,3.6569,3.7587,3954070,3.1382,1674540000,4385700000,42.704,
600550.SH,保变电气,2006-02-15,3.7276,3.7559,3.5975,3.688,9105354,7.2265,1643040000,4303200000,41.9007,
600550.SH,保变电气,2006-02-16,3.688,3.6908,3.4278,3.4448,7731584,6.1362,1534680000,4019400000,39.1373,
600550.SH,保变电气,2006-02-17,3.4306,3.5268,3.3599,3.3713,5004962,3.9722,1501920000,3933600000,38.3018,
600550.SH,保变电气,2006-02-20,3.3713,3.4561,3.3373,3.4052,3586586,2.8465,1517040000,3973200000,38.6874,
600550.SH,保变电气,2006-02-21,3.3882,3.507,3.3684,3.5042,4649003,3.6897,1561140000,4088700000,39.8121,
600550.SH,保变电气,2006-02-22,3.507,3.5183,3.3769,3.4024,5963592,4.733,1515780000,3969900000,38.6553,
600550.SH,保变电气,2006-02-23,3.3967,3.3967,3.2779,3.3543,5602204,4.4462,1494360000,3913800000,38.1091,
600550.SH,保变电气,2006-02-24,3.3543,3.3543,3.3543,3.3543,--,--,1494360000,3913800000,38.1091,
600550.SH,保变电气,2006-02-27,3.4193,3.4646,3.3599,3.4193,4792972,3.8039,1523340000,3989700000,38.8481,
600550.SH,保变电气,2006-02-28,3.3939,3.7616,3.3826,3.7616,16470471,13.0718,1675800000,4389000000,42.7361,
600550.SH,保变电气,2006-03-01,3.7672,3.8153,3.705,3.7502,9262668,7.3513,1670760000,4375800000,42.6076,
600550.SH,保变电气,2006-03-02,3.7389,3.7418,3.5862,3.6767,8607481,6.8313,1638000000,4290000000,41.7722,
600550.SH,保变电气,2006-03-03,3.6626,3.6626,3.5183,3.5777,4780772,3.7943,1593900000,4174500000,40.6475,
600550.SH,保变电气,2006-03-06,3.5664,3.7502,3.5494,3.6286,6098339,4.84,1616580000,4233900000,41.2259,
600550.SH,保变电气,2006-03-07,3.6117,3.6626,3.5212,3.6315,5787094,4.5929,1617840000,4237200000,41.258,
600550.SH,保变电气,2006-03-08,3.623,3.8096,3.5579,3.7813,10555119,8.3771,1684620000,4412100000,42.9611,
600550.SH,保变电气,2006-03-09,3.7813,3.8436,3.722,3.7276,8003754,6.3522,1660680000,4349400000,42.3505,
600550.SH,保变电气,2006-03-10,3.705,3.8605,3.6428,3.8153,6557452,5.2043,1699740000,4451700000,43.3466,
600550.SH,保变电气,2006-03-13,3.7672,3.8351,3.7446,3.7757,2885895,2.2904,1682100000,4405500000,42.8968,
600550.SH,保变电气,2006-03-14,3.7644,3.7729,3.6852,3.6908,2973772,2.3601,1644300000,4306500000,41.9328,
600550.SH,保变电气,2006-03-15,3.6795,4.0133,3.6315,3.9143,8970508,7.1195,1743840000,4567200000,44.4713,
600550.SH,保变电气,2006-03-16,3.9256,3.9991,3.8549,3.9341,4416069,3.5048,1752660000,4590300000,44.6962,
600550.SH,保变电气,2006-03-17,3.9341,4.1518,3.9171,3.9454,7620596,6.0481,1757700000,4603500000,44.8247,
600550.SH,保变电气,2006-03-20,4.002,4.0727,3.9058,4.0133,5331097,4.231,1787940000,4682700000,45.5959,
600550.SH,保变电气,2006-03-21,4.149,4.4064,3.9878,4.2169,12974047,10.2969,1878660000,4920300000,48.5183,
600550.SH,保变电气,2006-03-22,4.2452,4.3979,4.2084,4.3329,9383667,7.4474,1930320000,5055600000,49.8524,
600550.SH,保变电气,2006-03-23,4.3272,4.7656,4.3102,4.7656,11425270,9.0677,2123100000,5560500000,54.8312,
600550.SH,保变电气,2006-03-24,5.0088,5.2011,4.8137,4.8928,18356880,14.569,2179800000,5709000000,56.2955,
600550.SH,保变电气,2006-03-27,4.8928,4.9918,4.8221,4.972,6770895,5.3737,2215080000,5801400000,57.2066,
600550.SH,保变电气,2006-03-28,4.9466,5.0484,4.8363,4.9749,6774499,5.3766,2216340000,5804700000,57.2392,
600550.SH,保变电气,2006-03-29,4.9466,5.1191,4.8646,4.9211,7770296,6.1669,2192400000,5742000000,56.6209,
600550.SH,保变电气,2006-03-30,4.9183,4.9494,4.5535,4.5789,12077065,9.585,2039940000,5342700000,52.6835,
600550.SH,保变电气,2006-03-31,4.5648,4.6609,4.3979,4.6242,8411375,6.6757,2060100000,5395500000,53.2041,
600550.SH,保变电气,2006-04-03,4.61,4.7486,4.4969,4.7458,7138304,5.6653,2114280000,5537400000,54.6034,
600550.SH,保变电气,2006-04-04,4.7232,4.7769,4.4686,4.5846,8996442,7.14,2042460000,5349300000,52.7486,
600550.SH,保变电气,2006-04-05,4.5535,5.0427,4.5337,5.0427,14217384,11.2836,2246580000,5883900000,58.0201,
600550.SH,保变电气,2006-04-06,5.0908,5.2322,4.972,5.0597,9676898,7.6801,2254140000,5903700000,58.2154,
600550.SH,保变电气,2006-04-07,5.0625,5.4444,5.0484,5.3143,8058080,6.3953,2367540000,6200700000,61.1441,
600550.SH,保变电气,2006-04-10,5.4048,5.4444,5.1332,5.2945,5407945,4.292,2358720000,6177600000,60.9163,
600550.SH,保变电气,2006-04-11,5.2916,5.3171,5.1191,5.2181,5223636,4.1457,2324700000,6088500000,60.0377,
600550.SH,保变电气,2006-04-12,5.2209,5.3708,5.0343,5.2464,6232971,4.9468,2337300000,6121500000,60.3631,
600550.SH,保变电气,2006-04-13,5.2464,5.3114,4.9494,4.9522,5656048,4.4889,2206260000,5778300000,56.9788,
600550.SH,保变电气,2006-04-14,4.9183,5.0314,4.7741,4.9947,5139912,4.0793,2225160000,5827800000,57.467,
600550.SH,保变电气,2006-04-17,4.9494,4.9833,4.808,4.8193,5707393,4.5297,2147040000,5623200000,55.4494,
600550.SH,保变电气,2006-04-18,4.8589,5.0908,4.8589,4.9664,4935750,3.9173,2212560000,5794800000,57.1416,
600550.SH,保变电气,2006-04-19,5.0908,5.4613,5.0908,5.2747,8228494,6.5306,2349900000,6154500000,51.4776,
600550.SH,保变电气,2006-04-20,5.3312,5.4528,5.2662,5.3736,7395312,5.8693,2394000000,6270000000,52.4437,
600550.SH,保变电气,2006-04-21,5.3736,5.911,5.3736,5.911,9866346,7.8304,2633400000,6897000000,57.688,
600550.SH,保变电气,2006-04-24,6.2221,6.5021,5.9959,6.5021,11520649,9.1434,2896740000,7586700000,63.4568,
600550.SH,保变电气,2006-04-25,6.5021,7.0536,6.191,6.6096,10428433,8.2765,2944620000,7712100000,64.5057,
600550.SH,保变电气,2006-04-26,6.5191,6.7369,6.1062,6.174,9047121,7.1803,2750580000,7203900000,60.255,
600550.SH,保变电气,2006-04-27,6.1458,6.5021,5.9393,6.3664,7699107,6.1104,2836260000,7428300000,62.132,
600550.SH,保变电气,2006-04-28,6.2221,6.7227,5.9845,6.6011,8014568,6.3608,2940840000,7702200000,64.4229,
600550.SH,保变电气,2006-05-08,6.6011,6.6011,6.6011,6.6011,--,--,2940840000,7702200000,64.4229,
600550.SH,保变电气,2006-05-09,7.2601,7.2601,7.212,7.2601,1145551,0.9092,3234420000,8471100000,70.8542,
600550.SH,保变电气,2006-05-10,7.9869,7.9869,7.6051,7.7692,12025881,9.5443,3461220000,9065100000,75.8225,
600550.SH,保变电气,2006-05-11,7.6362,8.1877,7.4128,7.6108,10243467,8.1297,3390660000,8880300000,74.2768,
600550.SH,保变电气,2006-05-12,7.5231,8.0746,7.4977,8.0605,7237920,5.7444,3591000000,9405000000,78.6655,
600550.SH,保变电气,2006-05-15,8.0746,8.3716,7.6673,8.1651,9909668,7.8648,3637620000,9527100000,79.6868,
600550.SH,保变电气,2006-05-16,7.9219,8.0548,7.3478,7.3478,8957176,7.1089,3273480000,8573400000,71.7098,
600550.SH,保变电气,2006-05-17,7.2092,7.4779,6.6124,6.8811,9971157,7.9136,3065580000,8028900000,67.1555,
600550.SH,保变电气,2006-05-18,6.7538,7.2092,6.6181,7.113,6613507,5.2488,3168900000,8299500000,69.4189,
600550.SH,保变电气,2006-05-19,7.2261,7.3817,6.9292,7.1356,5322409,4.2241,3178980000,8325900000,69.6397,
600550.SH,保变电气,2006-05-22,7.0706,7.8484,6.7538,7.8484,13114978,10.4087,3496500000,9157500000,76.5954,
600550.SH,保变电气,2006-05-23,7.5966,7.5966,7.0649,7.0649,7962493,6.3194,3147480000,8243400000,68.9496,
600550.SH,保变电气,2006-05-24,6.8245,7.2968,6.4201,6.9546,9192609,7.2957,3098340000,8114700000,67.8732,
600550.SH,保变电气,2006-05-25,6.8387,7.0706,6.6775,6.9377,3301529,2.6203,3090780000,8094900000,67.7075,
600550.SH,保变电气,2006-05-26,6.9886,7.2573,6.8443,7.0819,4236454,3.3623,3155040000,8263200000,69.1152,
600550.SH,保变电气,2006-05-29,7.0649,7.212,6.9575,7.0084,3870734,3.072,3122280000,8177400000,68.3976,
600550.SH,保变电气,2006-05-30,6.9829,7.4043,6.867,7.2488,5537714,4.395,3229380000,8457900000,70.7438,
600550.SH,保变电气,2006-05-31,7.2233,7.6334,6.9575,7.5486,9759696,7.7458,3362940000,8807700000,73.6696,
600550.SH,保变电气,2006-06-01,7.492,7.6645,7.3562,7.5259,5242975,4.1611,3352860000,8781300000,73.4487,
600550.SH,保变电气,2006-06-02,7.5203,7.5797,6.7736,6.7736,7871310,6.2471,3017700000,7903500000,66.1066,
600550.SH,保变电气,2006-06-05,6.6492,6.7255,6.2504,6.5502,4843518,3.8441,2918160000,7642800000,63.9261,
600550.SH,保变电气,2006-06-06,6.468,6.7458,6.3773,6.4311,3429358,2.7217,2858940000,7487700000,62.6288,
600550.SH,保变电气,2006-06-07,6.4311,6.4311,6.4311,6.4311,--,--,2858940000,7487700000,62.6288,
600550.SH,保变电气,2006-06-08,5.9181,6.091,5.7877,5.7877,8554448,6.7892,2572920000,6738600000,56.3631,
600550.SH,保变电气,2006-06-09,5.8104,6.0088,5.6999,5.7906,5729732,4.5474,2574180000,7456950000,56.3908,
600550.SH,保变电气,2006-06-12,5.7537,6.0598,5.6744,5.8558,4141959,3.2873,2603160000,7540900000,63.0738,
600550.SH,保变电气,2006-06-13,5.8699,6.0315,5.6687,5.7906,4048033,3.2127,2574180000,7456950000,62.3716,
600550.SH,保变电气,2006-06-14,5.7736,5.7736,5.2719,5.3654,5115808,4.0602,2385180000,6909450000,57.7922,
600550.SH,保变电气,2006-06-15,5.3711,5.527,5.3144,5.4023,2679621,2.1267,2401560000,6956900000,58.1891,
600550.SH,保变电气,2006-06-16,5.527,5.9436,5.4136,5.9436,9261658,7.3505,2642220000,7654050000,64.0202,
600550.SH,保变电气,2006-06-19,5.8671,6.1931,5.7197,6.0032,6588676,5.2291,2668680000,7730700000,64.6613,
600550.SH,保变电气,2006-06-20,5.9521,6.0939,5.8331,6.0372,3719013,2.9516,2683800000,7774500000,65.0276,
600550.SH,保变电气,2006-06-21,6.0032,6.1222,5.7481,5.9408,4677650,3.7124,2640960000,7650400000,63.9896,
600550.SH,保变电气,2006-06-22,5.9238,6.0372,5.8671,5.8926,2345587,1.8616,2619540000,7588350000,63.4706,
600550.SH,保变电气,2006-06-23,5.9606,6.2271,5.9606,6.0825,4658247,3.697,2703960000,7832900000,65.5161,
600550.SH,保变电气,2006-06-26,6.0797,6.1109,5.8614,5.9266,4876698,3.8704,2634660000,7632150000,63.837,
600550.SH,保变电气,2006-06-27,5.9521,6.0032,5.6404,5.7594,4611207,3.6597,2560320000,7416800000,62.0358,
600550.SH,保变电气,2006-06-28,5.7679,5.8955,5.6687,5.8671,2540457,2.0162,2608200000,7555500000,63.1959,
600550.SH,保变电气,2006-06-29,5.8898,6.2242,5.8388,6.1477,6383117,5.066,2732940000,7916850000,66.2183,
600550.SH,保变电气,2006-06-30,6.2016,6.3263,6.0967,6.2016,4612522,3.6607,2756880000,7986200000,66.7984,
600550.SH,保变电气,2006-07-03,6.2894,6.3093,6.0372,6.1364,5018641,3.983,2727900000,7902250000,66.0962,
600550.SH,保变电气,2006-07-04,6.1449,6.5218,6.0655,6.4793,7728314,6.1336,2880360000,8343900000,69.7902,
600550.SH,保变电气,2006-07-05,6.434,6.4793,6.2072,6.2242,4633482,3.6774,2766960000,8015400000,67.0426,
600550.SH,保变电气,2006-07-06,6.2101,6.6607,6.1194,6.5587,4979975,3.9524,2915640000,8446100000,70.6451,
600550.SH,保变电气,2006-07-07,6.6607,6.7174,6.4056,6.4283,3604263,2.8605,2857680000,8278200000,69.2407,
600550.SH,保变电气,2006-07-10,6.4056,6.4793,6.2412,6.4652,2783229,2.2089,2874060000,8325650000,69.6376,
600550.SH,保变电气,2006-07-11,6.5247,6.6522,6.4652,6.5275,3489464,2.7694,2901780000,8405950000,70.3092,
600550.SH,保变电气,2006-07-12,6.5474,6.5615,6.3433,6.3575,3328053,2.6413,2826180000,8186950000,68.4775,
600550.SH,保变电气,2006-07-13,5.8955,6.006,5.7226,5.7226,8142425,6.4622,2543940000,7369350000,61.6389,
600550.SH,保变电气,2006-07-14,5.3796,5.6347,5.3343,5.5185,6215211,4.9327,2453220000,7106550000,59.4408,
600550.SH,保变电气,2006-07-17,5.9465,6.0712,5.6149,5.7169,3666707,2.9101,2541420000,7362050000,48.6631,
600550.SH,保变电气,2006-07-18,5.663,5.663,5.4363,5.5355,2929842,2.3253,2460780000,7128450000,47.119,
600550.SH,保变电气,2006-07-19,5.3966,5.527,5.1727,5.2095,3762185,2.9859,2315880000,6708700000,44.3444,
600550.SH,保变电气,2006-07-20,5.2436,5.425,5.2436,5.3031,2135884,1.6951,2357460000,6829150000,45.1406,
600550.SH,保变电气,2006-07-21,5.2662,5.3938,5.2095,5.2407,2158437,1.713,2329740000,6748850000,44.6098,
600550.SH,保变电气,2006-07-24,5.1245,5.2379,5.0281,5.1415,2810479,2.2305,2285640000,6621100000,43.7654,
600550.SH,保变电气,2006-07-25,5.2294,5.5185,5.2265,5.3994,3496375,2.7749,2400300000,6953250000,45.9609,
600550.SH,保变电气,2006-07-26,5.527,5.527,5.3428,5.4079,1735721,1.3776,2404080000,6964200000,46.0333,
600550.SH,保变电气,2006-07-27,5.3994,5.4958,5.2577,5.2804,2119165,1.6819,2347380000,6799950000,44.9476,
600550.SH,保变电气,2006-07-28,5.2464,5.3087,5.1018,5.1727,2834467,2.2496,2299500000,6661250000,44.0308,
600550.SH,保变电气,2006-07-31,5.1812,5.1812,4.6994,4.7305,4364886,3.4642,2102940000,6091850000,40.2671,
600550.SH,保变电气,2006-08-01,4.7645,4.9034,4.6625,4.8127,3203630,2.5426,2139480000,6197700000,40.9667,
600550.SH,保变电气,2006-08-02,4.8212,4.8751,4.7334,4.8496,2057290,1.6328,2155860000,6245150000,41.2804,
600550.SH,保变电气,2006-08-03,4.8949,4.9743,4.7617,4.7929,1938698,1.5386,2130660000,6172150000,40.7978,
600550.SH,保变电气,2006-08-04,4.8184,4.8184,4.3139,4.3281,8193084,6.5024,1924020000,5573550000,36.8411,
600550.SH,保变电气,2006-08-07,4.1977,4.4528,4.1948,4.3451,4178281,3.3161,1931580000,5595450000,36.9859,
600550.SH,保变电气,2006-08-08,4.3592,4.4698,4.2799,4.4556,3548421,2.8162,1980720000,5737800000,37.9268,
600550.SH,保变电气,2006-08-09,4.5888,4.9006,4.5888,4.9006,6451429,5.1202,2178540000,6310850000,41.7481,
600550.SH,保变电气,2006-08-10,5.0395,5.0395,4.7334,4.8269,7379040,5.8564,2145780000,6215950000,41.1203,
600550.SH,保变电气,2006-08-11,4.8609,4.8949,4.7079,4.8751,3045954,2.4174,2167200000,6278000000,41.5308,
600550.SH,保变电气,2006-08-14,4.8184,4.8609,4.4811,4.6115,4143313,3.2883,2050020000,5938550000,39.2852,
600550.SH,保变电气,2006-08-15,4.5775,4.9743,4.5775,4.8354,4925533,3.9092,2149560000,6226900000,41.1927,
600550.SH,保变电气,2006-08-16,4.8694,4.9516,4.7334,4.8666,3452505,2.7401,2163420000,6267050000,41.4583,
600550.SH,保变电气,2006-08-17,4.8212,4.8241,4.671,4.7759,3007827,2.3872,2123100000,6150250000,40.6857,
600550.SH,保变电气,2006-08-18,4.7419,4.8978,4.7135,4.7249,2174068,1.7255,2100420000,6084550000,40.251,
600550.SH,保变电气,2006-08-21,4.535,4.8439,4.4868,4.7901,2508332,1.73,2450267625,6168500000,40.8064,
600550.SH,保变电气,2006-08-22,4.8184,5.1387,4.7759,5.0168,6258590,4.3167,2566256625,6460500000,42.738,
600550.SH,保变电气,2006-08-23,4.9885,5.0366,4.9346,4.9516,3440918,2.3733,2532909787.5,6376550000,42.1827,
600550.SH,保变电气,2006-08-24,4.9346,5.1585,4.9204,5.1415,4700151,3.2418,2630050575,6621100000,43.8005,
600550.SH,保变电气,2006-08-25,5.1415,5.1415,5.1415,5.1415,--,--,2630050575,6621100000,43.8005,
600550.SH,保变电气,2006-08-28,5.3513,5.5298,5.2549,5.4108,8204733,5.659,2767787512.5,6967850000,46.0943,
600550.SH,保变电气,2006-08-29,5.459,5.459,5.3031,5.3343,4064212,2.8032,2728641225,6869300000,45.4424,
600550.SH,保变电气,2006-08-30,5.3002,5.4505,5.2152,5.4164,2878877,1.9856,2770687237.5,6975150000,46.1426,
600550.SH,保变电气,2006-08-31,5.4164,5.6574,5.3881,5.5638,3879164,2.6755,2846080087.5,7164950000,47.3982,
600550.SH,保变电气,2006-09-01,5.5837,5.6064,5.3569,5.3966,3448617,2.3786,2760538200,6949600000,45.9736,
600550.SH,保变电气,2006-09-04,5.3683,5.442,5.2322,5.3626,2175994,1.5008,2743139850,6905800000,45.6838,
600550.SH,保变电气,2006-09-05,5.3824,5.5355,5.3144,5.5015,2914155,2.01,2814183112.5,7084650000,46.867,
600550.SH,保变电气,2006-09-06,5.4731,5.5497,5.4363,5.4703,2198118,1.5161,2798234625,7044500000,46.6014,
600550.SH,保变电气,2006-09-07,5.4363,5.4561,5.218,5.2351,4162961,2.8713,2677896037.5,6741550000,44.5973,
600550.SH,保变电气,2006-09-08,5.2152,5.7141,5.2152,5.68,7493807,5.1686,2905524450,7314600000,48.3882,
600550.SH,保变电气,2006-09-11,5.6687,5.7537,5.612,5.6829,5041290,3.4771,2906974312.5,7318250000,48.4123,
600550.SH,保变电气,2006-09-12,5.6971,5.7367,5.5015,5.5383,3854086,2.6582,2833031325,7132100000,47.1809,
600550.SH,保变电气,2006-09-13,5.527,5.6205,5.3172,5.3569,3050890,2.1043,2740240125,6898500000,45.6355,
600550.SH,保变电气,2006-09-14,5.3569,5.4618,5.2436,5.2832,2100982,1.4491,2702543700,6803600000,45.0078,
600550.SH,保变电气,2006-09-15,5.2464,5.3513,5.2464,5.3172,1319136,0.9098,2719942050,6847400000,45.2975,
600550.SH,保变电气,2006-09-18,5.3456,5.3569,5.1727,5.3258,2893950,1.996,2724291637.5,6858350000,45.3699,
600550.SH,保变电气,2006-09-19,5.2889,5.4079,5.2606,5.3938,2598108,1.792,2759088337.5,6945950000,45.9494,
600550.SH,保变电气,2006-09-20,5.3853,5.3853,5.2804,5.2861,2066628,1.4254,2703993562.5,6807250000,45.0319,
600550.SH,保变电气,2006-09-21,5.3002,5.3286,5.2152,5.2351,2476753,1.7083,2677896037.5,6741550000,44.5973,
600550.SH,保变电气,2006-09-22,5.2577,5.2691,5.0678,5.0735,3722780,2.5677,2595253875,6533500000,43.221,
600550.SH,保变电气,2006-09-25,4.9601,5.0423,4.8184,4.9034,3823074,2.6369,2508262125,6314500000,41.7722,
600550.SH,保变电气,2006-09-26,4.8666,4.9006,4.6994,4.7135,2807071,1.9361,2411121337.5,6069950000,40.1544,
600550.SH,保变电气,2006-09-27,4.722,5.0537,4.722,4.963,3576917,2.4671,2538709237.5,6391150000,42.2793,
600550.SH,保变电气,2006-09-28,5.031,5.031,4.8467,4.9063,2866201,1.9769,2509711987.5,6318150000,41.7964,
600550.SH,保变电气,2006-09-29,4.8978,5.0055,4.8751,4.9119,1925602,1.3281,2512611712.5,6325450000,41.8447,
600550.SH,保变电气,2006-10-09,4.9828,5.0395,4.9119,5.0253,2595223,1.79,2570606212.5,6471450000,42.8105,
600550.SH,保变电气,2006-10-10,5.1217,5.4193,5.1188,5.2776,6237261,4.302,2699643975,6796300000,44.9595,
600550.SH,保变电气,2006-10-11,5.201,5.3824,5.0508,5.2889,4105765,2.8318,2705443425,6810900000,45.056,
600550.SH,保变电气,2006-10-12,5.2039,5.2436,5.0622,5.0707,2154913,1.4863,2593804012.5,6529850000,43.1968,
600550.SH,保变电气,2006-10-13,5.0537,5.201,5.048,5.1075,1593404,1.099,2612652225,6577300000,43.5107,
600550.SH,保变电气,2006-10-16,5.0877,5.1273,4.9885,5.0196,2289165,1.5789,2567706487.5,6464150000,42.7622,
600550.SH,保变电气,2006-10-17,5.031,5.2436,4.9998,5.1188,1806591,1.246,2618451675,6591900000,43.6073,
600550.SH,保变电气,2006-10-18,5.1727,5.2436,5.1302,5.1614,1466656,1.0116,2640199612.5,6646650000,43.9695,
600550.SH,保变电气,2006-10-19,5.1614,5.3994,5.1302,5.3428,4700615,3.2421,2732990812.5,6880250000,45.5148,
600550.SH,保变电气,2006-10-20,5.3059,5.3824,5.2294,5.3144,2204916,1.5208,2718492187.5,6843750000,45.2734,
600550.SH,保变电气,2006-10-23,5.3286,5.3286,5.0622,5.082,1945729,1.342,2599603462.5,6544450000,43.2934,
600550.SH,保变电气,2006-10-24,5.0593,5.2294,5.0593,5.1982,1303342,0.8989,2659047825,6694100000,44.2834,
600550.SH,保变电气,2006-10-25,5.2436,5.3116,4.963,5.1529,2335175,1.6106,2635850025,6635700000,34.3462,
600550.SH,保变电气,2006-10-26,5.1529,5.1529,5.1529,5.1529,--,--,2635850025,6635700000,34.3462,
600550.SH,保变电气,2006-10-27,5.1273,5.1529,5.0338,5.0451,1625036,1.1208,2580755250,6497000000,33.6283,
600550.SH,保变电气,2006-10-30,5.0168,5.0735,4.9034,4.963,2264208,1.5617,2538709237.5,6391150000,33.0804,
600550.SH,保变电气,2006-10-31,4.8751,4.8978,4.5945,4.7986,5448498,3.7579,2454617212.5,6179450000,31.9847,
600550.SH,保变电气,2006-11-01,4.8269,4.997,4.8127,4.9403,4031575,2.7807,2527110337.5,6361950000,32.9293,
600550.SH,保变电气,2006-11-02,4.98,4.98,4.7844,4.8411,2042439,1.4087,2476365150,6234200000,32.2681,
600550.SH,保变电气,2006-11-03,4.8241,4.8467,4.6909,4.7759,3028922,2.0891,2443018312.5,6150250000,31.8336,
600550.SH,保变电气,2006-11-06,4.6058,4.7022,4.5633,4.62,4095433,2.8247,2363275875,5949500000,30.7945,
600550.SH,保变电气,2006-11-07,4.6228,4.7532,4.603,4.7305,3464387,2.3895,2419820512.5,6091850000,31.5313,
600550.SH,保变电气,2006-11-08,4.7192,4.7929,4.6342,4.7674,1942168,1.3396,2438668725,6139300000,31.7769,
600550.SH,保变电气,2006-11-09,4.7645,4.7844,4.722,4.756,2320611,1.6006,2432869275,6124700000,31.7013,
600550.SH,保变电气,2006-11-10,4.7079,4.7617,4.586,4.637,3181169,2.1941,2371975050,5971400000,30.9078,
600550.SH,保变电气,2006-11-13,4.5917,4.6455,4.4273,4.5803,2988196,2.061,2342977800,5898400000,30.53,
600550.SH,保变电气,2006-11-14,4.5803,4.671,4.4953,4.6625,2158747,1.4889,2385023812.5,6004250000,31.0779,
600550.SH,保变电气,2006-11-15,4.7759,4.8694,4.671,4.7731,3540692,2.4421,2441568450,6146600000,31.8147,
600550.SH,保变电气,2006-11-16,4.7249,4.7674,4.6228,4.7079,2128840,1.4683,2408221612.5,6062650000,31.3801,
600550.SH,保变电气,2006-11-17,4.6625,4.7759,4.603,4.7589,2071231,1.4286,2434319137.5,6128350000,31.7202,
600550.SH,保变电气,2006-11-20,4.8156,5.2351,4.705,5.2351,7134624,4.9209,2677896037.5,6741550000,34.8941,
600550.SH,保变电气,2006-11-21,5.3428,5.3428,5.0451,5.1727,7251469,5.0015,2645999062.5,6661250000,34.4785,
600550.SH,保变电气,2006-11-22,5.1047,5.2379,5.0707,5.1273,3592289,2.4777,2622801262.5,6602850000,34.1762,
600550.SH,保变电气,2006-11-23,5.1018,5.2436,5.0735,5.1415,2594638,1.7896,2630050575,6621100000,34.2707,
600550.SH,保变电气,2006-11-24,5.1557,5.3399,5.0366,5.2265,4247369,2.9295,2673546450,6730600000,34.8374,
600550.SH,保变电气,2006-11-27,5.2265,5.5893,5.2039,5.459,6901970,4.7604,2792435175,7029900000,36.3866,
600550.SH,保变电气,2006-11-28,5.476,5.5242,5.3881,5.3994,2744296,1.8928,2761988062.5,6953250000,35.9899,
600550.SH,保变电气,2006-11-29,5.3541,5.5723,5.2521,5.4561,3560557,2.4558,2790985312.5,7026250000,36.3677,
600550.SH,保变电气,2006-11-30,5.476,5.5412,5.4193,5.5071,3839857,2.6484,2817082837.5,7091950000,36.7078,
600550.SH,保变电气,2006-12-01,5.527,5.629,5.4136,5.4391,4577293,3.1571,2782286137.5,7004350000,36.2544,
600550.SH,保变电气,2006-12-04,5.4363,5.493,5.3002,5.4845,6381324,4.4013,2805483937.5,7062750000,36.5566,
600550.SH,保变电气,2006-12-05,5.5978,5.9408,5.527,5.7537,10270066,7.0835,2943220875,7409500000,38.3514,
600550.SH,保变电气,2006-12-06,5.6404,5.6971,5.3711,5.4363,6199052,4.2756,2780836275,7000700000,36.2355,
600550.SH,保变电气,2006-12-07,5.4363,5.4986,5.2436,5.2606,4760853,3.2837,2690944800,6774400000,35.0641,
600550.SH,保变电气,2006-12-08,5.2152,5.2152,5.0763,5.1273,3573486,2.4647,2622801262.5,6602850000,34.1762,
600550.SH,保变电气,2006-12-11,5.0848,5.2265,5.0735,5.2237,2443073,1.685,2672096587.5,6726950000,34.8185,
600550.SH,保变电气,2006-12-12,5.1585,5.2407,5.0338,5.1387,3570309,2.4625,2628600712.5,6617450000,34.2518,
600550.SH,保变电气,2006-12-13,5.1415,5.2606,5.0735,5.2322,2391863,1.6497,2676446175,6737900000,34.8752,
600550.SH,保变电气,2006-12-14,5.2067,5.2832,5.1557,5.2294,2153849,1.4856,2674996312.5,6734250000,34.8563,
600550.SH,保变电气,2006-12-15,5.2379,5.4703,5.2039,5.425,4677888,3.2264,2775036825,6986100000,36.1599,
600550.SH,保变电气,2006-12-18,5.442,5.5383,5.4136,5.4816,4382486,3.0227,2804034075,7059100000,36.5377,
600550.SH,保变电气,2006-12-19,5.5213,5.5213,5.2436,5.2804,4499587,3.1035,2701093837.5,6799950000,35.1964,
600550.SH,保变电气,2006-12-20,5.2549,5.4335,5.1358,5.3002,3303072,2.2782,2711242875,6825500000,35.3286,
600550.SH,保变电气,2006-12-21,5.3002,5.3002,5.3002,5.3002,--,--,2711242875,6825500000,35.3286,
600550.SH,保变电气,2006-12-22,5.2152,5.5553,5.167,5.4079,5406385,3.7289,2766337650,6964200000,36.0465,
600550.SH,保变电气,2006-12-25,5.4136,5.7963,5.4079,5.595,6427418,4.4331,2862028575,7205100000,37.2934,
600550.SH,保变电气,2006-12-26,5.6092,5.7821,5.4221,5.4476,2963759,2.0442,2786635725,7015300000,36.311,
600550.SH,保变电气,2006-12-27,5.4476,5.4986,5.0735,5.2322,6844289,4.7206,2676446175,6737900000,34.8752,
600550.SH,保变电气,2006-12-28,5.2436,5.2974,4.9885,5.133,4262704,2.9401,2625700987.5,6610150000,34.214,
600550.SH,保变电气,2006-12-29,5.1585,5.2379,5.1018,5.1727,2994806,2.0656,2645999062.5,6661250000,34.4785,
600550.SH,保变电气,2007-01-04,5.1869,5.3002,5.0508,5.2946,5682830,3.9196,2708343150,6818200000,35.2908,
600550.SH,保变电气,2007-01-05,5.2577,5.8246,5.201,5.6885,10872231,7.4988,2909874037.5,7325550000,37.9169,
600550.SH,保变电气,2007-01-08,5.6602,5.8728,5.6347,5.7707,4831244,3.3322,2951920050,7431400000,38.4648,
600550.SH,保变电气,2007-01-09,5.7764,6.349,5.6999,6.349,10918408,7.5307,3247692000,8176000000,42.3188,
600550.SH,保变电气,2007-01-10,6.3688,6.5615,6.2668,6.485,6551452,4.5187,3317285400,8351200000,43.2256,
600550.SH,保变电气,2007-01-11,6.4623,6.5474,6.2639,6.2809,4962851,3.423,3212895300,8088400000,41.8654,
600550.SH,保变电气,2007-01-12,6.2327,6.2838,5.8813,5.9238,5600356,3.8627,3030212625,7628500000,39.4849,
600550.SH,保变电气,2007-01-15,5.9096,6.2186,5.8671,6.1931,3437506,2.3709,3167949562.5,7975250000,41.2797,
600550.SH,保变电气,2007-01-16,6.2441,6.7429,6.1449,6.57,6151399,4.2427,3360781275,8460700000,43.7924,
600550.SH,保变电气,2007-01-17,6.6012,7.2248,6.6012,6.7968,8567724,5.9093,3476770275,8752700000,45.3038,
600550.SH,保变电气,2007-01-18,6.7939,6.9385,6.4623,6.9073,4438347,3.0612,3533314912.5,8895050000,46.0406,
600550.SH,保变电气,2007-01-19,7.0292,7.5394,7.0292,7.3948,5976522,4.1221,3782691262.5,9522850000,49.2901,
600550.SH,保变电气,2007-01-22,7.4827,7.5252,7.2985,7.4232,4787610,3.3021,3797189887.5,9559350000,48.3131,
600550.SH,保变电气,2007-01-23,7.3637,7.5961,7.1794,7.5876,4008551,2.7648,3881281912.5,9771050000,49.383,
600550.SH,保变电气,2007-01-24,7.6244,7.7066,7.392,7.4742,3128337,2.1577,3823287412.5,9625050000,48.6451,
600550.SH,保变电气,2007-01-25,7.392,7.5082,7.0434,7.2616,3265135,2.252,3714547725,9351300000,47.2616,
600550.SH,保变电气,2007-01-26,7.0944,7.3693,7.0519,7.3013,2870670,1.98,3734845800,9402400000,47.5199,
600550.SH,保变电气,2007-01-29,7.4203,7.8512,7.3977,7.7633,3932745,2.7125,3971173387.5,9997350000,50.5268,
600550.SH,保变电气,2007-01-30,7.6839,7.7945,7.4855,7.4997,2491607,1.7185,3836336175,9657900000,48.8112,
600550.SH,保变电气,2007-01-31,7.4969,7.6811,6.9753,6.9923,4312365,2.9743,3576810787.5,9004550000,45.5091,
600550.SH,保变电气,2007-02-01,6.9413,7.1709,6.8024,7.0519,2667716,1.84,3607257900,9081200000,45.8965,
600550.SH,保变电气,2007-02-02,7.0547,7.2106,6.9385,6.9753,1974796,1.3621,3568111612.5,8982650000,45.3984,
600550.SH,保变电气,2007-02-05,6.9753,6.9753,6.9753,6.9753,--,--,3568111612.5,8982650000,45.3984,
600550.SH,保变电气,2007-02-06,7.0292,7.4799,7.0292,7.4487,3807613,2.6262,3810238650,9592200000,48.4791,
600550.SH,保变电气,2007-02-07,7.4742,7.7803,7.4543,7.6216,2948293,2.0335,3898680262.5,9814850000,49.6044,
600550.SH,保变电气,2007-02-08,7.5961,7.8398,7.5706,7.8086,3582878,2.4712,3994371187.5,10055750000,50.8219,
600550.SH,保变电气,2007-02-09,7.8512,8.2763,7.837,8.1714,5026140,3.4666,4179953587.5,10522950000,53.1831,
600550.SH,保变电气,2007-02-12,8.3472,8.4747,8.1148,8.2763,3171207,2.1872,4233598500,10658000000,53.8657,
600550.SH,保变电气,2007-02-13,8.2763,8.3897,8.0807,8.2196,2597049,1.7912,4204601250,10585000000,53.4967,
600550.SH,保变电气,2007-02-14,8.3217,8.7298,8.2791,8.5711,2731613,1.884,4384384200,11037600000,55.7842,
600550.SH,保变电气,2007-02-15,8.6193,8.9707,8.6193,8.914,2630078,1.814,4559817562.5,11479250000,58.0163,
600550.SH,保变电气,2007-02-16,9.0699,9.6368,9.0359,9.3704,2394645,1.6516,4793245425,12066900000,60.9863,
600550.SH,保变电气,2007-02-26,9.4951,10.1952,9.4951,10.1923,2141623,1.4771,5213705550,13125400000,66.336,
600550.SH,保变电气,2007-02-27,10.3312,10.3737,9.172,9.172,4609066,3.179,4691755050,11811400000,59.695,
600550.SH,保变电气,2007-02-28,9.0217,9.4809,8.7298,9.1663,4401813,3.036,4688855325,11804100000,59.6581,
600550.SH,保变电气,2007-03-01,9.3505,9.3505,8.3047,8.435,3022563,2.0847,4314790800,10862400000,54.8987,
600550.SH,保变电气,2007-03-02,8.5002,8.8602,8.4464,8.5144,3599075,2.4824,4355386950,10964600000,55.4152,
600550.SH,保变电气,2007-03-05,8.5031,8.7496,7.9362,8.2791,3880184,2.6762,4235048362.5,10661650000,53.8841,
600550.SH,保变电气,2007-03-06,8.2905,8.6051,8.2196,8.5286,2138594,1.475,4362636262.5,10982850000,55.5075,
600550.SH,保变电气,2007-03-07,8.6136,8.9849,8.5597,8.9566,3209194,2.2134,4581565500,11534000000,58.293,
600550.SH,保变电气,2007-03-08,9.1209,9.3477,8.9424,9.3109,2345860,1.618,4762798312.5,11990250000,60.5989,
600550.SH,保变电气,2007-03-09,9.3109,9.3307,8.9509,9.0246,2348901,1.6201,4616362200,11621600000,58.7357,
600550.SH,保变电气,2007-03-12,9.0161,9.4526,8.9849,9.0869,2488118,1.7161,4648259175,11701900000,59.1416,
600550.SH,保变电气,2007-03-13,9.0699,9.0756,8.7298,8.9027,2940420,2.0281,4554018112.5,11464650000,57.9425,
600550.SH,保变电气,2007-03-14,8.7865,8.7865,8.3897,8.5881,2470561,1.704,4393083375,11059500000,55.8949,
600550.SH,保变电气,2007-03-15,8.5909,9.0586,8.5909,8.8432,2782826,1.9194,4523571000,11388000000,57.5551,
600550.SH,保变电气,2007-03-16,8.8942,9.257,8.6448,9.206,3255913,2.2457,4709153400,11855200000,59.9164,
600550.SH,保变电气,2007-03-19,8.9566,10.1271,8.8999,9.6907,8801594,6.0706,4957079887.5,12479350000,63.0708,
600550.SH,保变电气,2007-03-20,9.6226,9.7502,9.3845,9.5206,3672565,2.533,4870088137.5,12260350000,61.964,
600550.SH,保变电气,2007-03-21,9.5461,9.6141,9.325,9.5489,2450211,1.69,4884586762.5,12296850000,62.1485,
600550.SH,保变电气,2007-03-22,9.5801,9.9741,9.5518,9.6311,2274371,1.5687,4926632775,12402700000,62.6834,
600550.SH,保变电气,2007-03-23,9.6425,9.7502,9.2967,9.5631,1941175,1.3389,4891836075,12315100000,62.2407,
600550.SH,保变电气,2007-03-26,9.6595,9.821,9.5234,9.7729,1558796,1.0751,4999125900,12585200000,63.6058,
600550.SH,保变电气,2007-03-27,9.8494,10.317,9.7757,10.1725,2635745,1.8179,5203556512.5,13099850000,66.2068,
600550.SH,保变电气,2007-03-28,10.2689,11.19,9.6595,11.0086,6812768,4.6989,5631265950,14176600000,71.6487,
600550.SH,保变电气,2007-03-29,11.0086,11.0086,11.0086,11.0086,--,--,5631265950,14176600000,71.6487,
600550.SH,保变电气,2007-03-30,12.0148,12.0148,10.7705,10.9973,3480728,2.4007,5625466500,14162000000,71.575,
600550.SH,保变电气,2007-04-02,10.9661,11.3034,10.8811,11.0937,1558501,1.0749,5674761825,14286100000,72.2022,
600550.SH,保变电气,2007-04-03,11.105,11.5642,11.0086,11.4054,1903803,1.3131,5834246700,14687600000,74.2313,
600550.SH,保变电气,2007-04-04,11.4508,11.6152,10.9973,11.1872,2582720,1.7814,5722607287.5,14406550000,72.8109,
600550.SH,保变电气,2007-04-05,11.0823,11.2892,11.02,11.2524,2274722,1.5689,5755954125,14490500000,73.2352,
600550.SH,保变电气,2007-04-06,11.2184,12.3776,11.054,12.3464,5543606,3.8235,6315601050,15899400000,80.3558,
600550.SH,保变电气,2007-04-09,12.4428,13.2931,12.3464,13.2109,5661548,3.9049,6757809112.5,17012650000,85.9822,
600550.SH,保变电气,2007-04-10,13.1429,13.5964,12.5222,12.7319,5495654,3.7905,6512782350,16395800000,82.7663,
600550.SH,保变电气,2007-04-11,12.8935,13.1741,12.6922,12.8169,4013820,2.7684,6556278225,16505300000,83.3191,
600550.SH,保变电气,2007-04-12,12.8396,13.4575,12.6696,13.2194,5435791,3.7492,6762158700,17023600000,85.9355,
600550.SH,保变电气,2007-04-13,13.3696,13.9507,13.0947,13.2704,5307628,3.6608,6788256225,17089300000,86.2671,
600550.SH,保变电气,2007-04-16,13.3215,13.4575,12.9955,13.3016,4229315,2.917,6804204712.5,17129450000,86.4698,
600550.SH,保变电气,2007-04-17,13.3696,14.1718,13.0947,14.1689,6045087,4.1694,7247862637.5,18246350000,92.1079,
600550.SH,保变电气,2007-04-18,14.1661,14.4127,13.8827,13.9365,3211049,2.2147,7128973912.5,17947050000,90.5971,
600550.SH,保变电气,2007-04-19,13.86,13.8883,12.5562,12.7433,5025805,3.4664,6518581800,16410400000,82.84,
600550.SH,保变电气,2007-04-20,12.8254,13.449,12.8254,13.3781,3255768,2.2456,6843351000,17228000000,86.9673,
600550.SH,保变电气,2007-04-23,13.7069,14.0867,13.4348,13.9195,3533845,2.4374,7120274737.5,17925150000,76.2444,
600550.SH,保变电气,2007-04-24,14.013,14.0159,13.5482,13.758,4027396,2.7778,7037632575,17717100000,75.3594,
600550.SH,保变电气,2007-04-25,13.5624,13.5766,13.038,13.33,4367929,3.0127,6818703337.5,17165950000,73.0151,
600550.SH,保变电气,2007-04-26,13.364,14.6621,13.3215,14.6621,6945923,4.7907,7500138712.5,18881450000,80.312,
600550.SH,保变电气,2007-04-27,14.6621,14.6621,14.6621,14.6621,--,--,7500138712.5,18881450000,80.312,
600550.SH,保变电气,2007-04-30,14.6621,14.6621,14.6621,14.6621,--,--,7500138712.5,18881450000,80.312,
600550.SH,保变电气,2007-05-08,16.119,16.119,14.7386,15.6796,6068139,4.1853,8020639350,20191800000,85.8855,
600550.SH,保变电气,2007-05-09,15.5804,15.7987,14.5998,15.7533,4246646,2.929,8058335775,20286700000,86.2892,
600550.SH,保变电气,2007-05-10,15.7817,17.0005,15.7817,16.6858,4534180,3.1273,8535340537.5,21487550000,91.397,
600550.SH,保变电气,2007-05-11,16.6858,16.6858,16.6858,16.6858,--,--,8535340537.5,21487550000,91.397,
600550.SH,保变电气,2007-05-14,16.6858,16.6858,16.6858,16.6858,--,--,8535340537.5,21487550000,91.397,
600550.SH,保变电气,2007-05-15,18.3553,18.3553,18.2476,18.3553,1156512,0.7977,9389309550,23637400000,100.5413,
600550.SH,保变电气,2007-05-16,19.7526,19.7526,18.514,18.6841,6569851,4.5314,9557493600,24060800000,102.3422,
600550.SH,保变电气,2007-05-17,18.4261,19.2736,18.0265,18.5565,3156361,2.177,9492249787.5,23896550000,101.6436,
600550.SH,保变电气,2007-05-18,18.7322,19.4125,18.5622,19.1602,2722973,1.8781,9801070500,24674000000,104.9505,
600550.SH,保变电气,2007-05-21,18.4233,19.9765,18.1399,19.421,3331616,2.2979,9934457850,25009800000,106.3788,
600550.SH,保变电气,2007-05-22,19.2736,19.4097,18.5367,18.976,4300534,2.9662,9706829437.5,24436750000,103.9413,
600550.SH,保变电气,2007-05-23,18.6217,18.9335,18.1399,18.4063,3421898,2.3602,9415407075,23703100000,100.8208,
600550.SH,保变电气,2007-05-24,18.4516,19.557,18.0832,19.2198,4924720,3.3967,9831517612.5,24750650000,105.2765,
600550.SH,保变电气,2007-05-25,19.0752,19.9822,18.7634,19.6846,5129320,3.5378,10069295062.5,25349250000,107.8226,
600550.SH,保变电气,2007-05-28,20.0105,20.5491,19.7129,20.1352,4507971,3.1092,10299823200,25929600000,110.2912,
600550.SH,保变电气,2007-05-29,20.0219,20.6908,19.1914,19.8065,4680878,3.2285,10131639150,25506200000,108.4902,
600550.SH,保变电气,2007-05-30,17.9981,19.1319,17.8252,17.8252,6331251,4.3668,9118185262.5,22954850000,97.6381,
600550.SH,保变电气,2007-05-31,17.0061,18.6926,16.085,17.8678,7338331,5.0614,9139933200,23009600000,97.871,
600550.SH,保变电气,2007-06-01,17.9415,18.565,17.7997,18.0803,4657766,3.2126,9248672887.5,23283350000,99.0354,
600550.SH,保变电气,2007-06-04,18.2816,18.2816,16.4052,16.4336,4382576,3.0228,8406302775,21162700000,90.0152,
600550.SH,保变电气,2007-06-05,16.4336,16.4336,16.4336,16.4336,--,--,8406302775,21162700000,90.0152,
600550.SH,保变电气,2007-06-06,17.4256,17.7005,16.8077,17.4539,4260898,2.9388,8928253275,22476700000,95.6043,
600550.SH,保变电气,2007-06-07,17.1478,18.0775,16.581,17.7459,5188417,3.5786,9077589112.5,22852650000,97.2034,
600550.SH,保变电气,2007-06-08,17.8848,18.2249,17.0061,17.1648,6600908,4.5528,8780367300,22104400000,94.0207,
600550.SH,保变电气,2007-06-11,17.1648,17.1648,17.1648,17.1648,--,--,10306479300,22104400000,94.0207,
600550.SH,保变电气,2007-06-12,18.8825,18.8825,15.8724,16.1672,20683610,12.1535,9707423700,20819600000,88.5559,
600550.SH,保变电气,2007-06-13,15.8724,16.9353,15.8724,16.6603,9431214,5.5417,10003547775,21454700000,91.2572,
600550.SH,保变电气,2007-06-14,16.6773,18.3269,16.3004,18.3269,13030552,7.6566,11004242925,23600900000,100.3861,
600550.SH,保变电气,2007-06-15,18.3099,20.1608,18.1058,20.1608,14172045,8.3274,12105347962.5,25962450000,110.4309,
600550.SH,保变电气,2007-06-18,22.176,22.176,21.2577,22.176,16823187,9.8852,13315372200,28557600000,121.4693,
600550.SH,保变电气,2007-06-19,22.4623,22.4623,20.9175,21.3937,17875316,10.5034,12845658150,27550200000,117.1844,
600550.SH,保变电气,2007-06-20,21.252,23.5251,20.8325,22.4821,14216312,8.3534,13499173350,28951800000,123.146,
600550.SH,保变电气,2007-06-21,22.5274,22.6748,20.2656,21.0621,14962147,8.7916,12646540237.5,27123150000,115.3679,
600550.SH,保变电气,2007-06-22,20.9742,21.0564,19.0469,19.7016,10839049,6.3689,11829646237.5,25371150000,107.9158,
600550.SH,保变电气,2007-06-25,19.5822,20.3837,17.7292,17.7292,8717137,2.5611,10616218275,22768700000,96.8463,
600550.SH,保变电气,2007-06-26,16.49,17.0414,15.9557,16.3252,23051873,6.7725,9775498200,20965600000,89.1769,
600550.SH,保变电气,2007-06-27,16.8254,17.2517,16.2285,17.1266,16005985,4.7025,10255423425,21994900000,93.555,
600550.SH,保变电气,2007-06-28,17.7064,18.1555,16.7685,16.8538,18893118,5.5507,10092044625,21644500000,92.0646,
600550.SH,保变电气,2007-06-29,16.1148,16.6548,15.3588,15.5237,14716024,4.3235,9295572975,19936300000,84.7988,
600550.SH,保变电气,2007-07-02,15.8022,16.1376,14.671,15.4782,10363508,3.0448,9268343175,19877900000,84.5503,
600550.SH,保变电气,2007-07-03,15.6885,15.9727,14.9496,15.6317,9691764,2.8474,9360243750,20075000000,85.3887,
600550.SH,保变电气,2007-07-04,15.7738,16.0864,15.2906,15.8647,12079910,3.549,9499796475,20374300000,86.6618,
600550.SH,保变电气,2007-07-05,15.3475,15.6317,14.2845,14.33,9352341,2.7477,8580790725,18403300000,78.2782,
600550.SH,保变电气,2007-07-06,14.3016,15.2054,13.1306,14.8416,19730965,5.7969,8887125975,19060300000,81.0727,
600550.SH,保变电气,2007-07-09,14.9609,15.5919,14.5801,15.1997,14432022,4.2401,9101560650,19520200000,83.0289,
600550.SH,保变电气,2007-07-10,15.2338,15.518,14.779,14.7961,10018753,2.9435,8859896175,19001900000,80.8243,
600550.SH,保变电气,2007-07-11,14.6597,14.9439,14.438,14.6938,5934782,1.7436,8798629125,18870500000,80.2654,
600550.SH,保变电气,2007-07-12,14.8643,15.5123,14.8643,15.1656,7993553,2.3485,9081138300,19476400000,82.8426,
600550.SH,保变电气,2007-07-13,15.2281,15.8136,14.6199,15.626,11952692,3.5117,9356840025,20067700000,85.3577,
600550.SH,保变电气,2007-07-16,15.6203,16.7287,15.3986,15.9045,17356957,5.0994,9523622550,20425400000,86.8791,
600550.SH,保变电气,2007-07-17,15.9045,16.2569,15.3475,15.7965,9862085,2.8974,9458951775,20286700000,86.2892,
600550.SH,保变电气,2007-07-18,15.8022,16.2456,15.6885,15.8249,8122640,2.3864,9475970400,20323200000,86.4444,
600550.SH,保变电气,2007-07-19,15.8022,15.9727,15.518,15.6828,6170797,1.813,9390877275,20140700000,85.6682,
600550.SH,保变电气,2007-07-20,15.6885,16.1376,15.6033,16.0409,8736877,2.5669,9605311950,20600600000,87.6243,
600550.SH,保变电气,2007-07-23,16.0466,17.0527,16.0466,16.9618,18693150,5.492,10156715400,21783200000,92.6545,
600550.SH,保变电气,2007-07-24,17.047,17.894,16.723,17.1835,17792303,5.2273,10289460675,22067900000,93.8655,
600550.SH,保变电气,2007-07-25,17.1494,17.6496,17.0527,17.4563,10294323,3.0244,10452839475,22418300000,95.3559,
600550.SH,保变电气,2007-07-26,17.6268,18.4738,17.5643,18.201,13475724,3.9591,10898727450,23374600000,99.4235,
600550.SH,保变电气,2007-07-27,18.2976,20.0199,17.9054,20.0199,29782967,8.7501,11987919450,25710600000,109.3596,
600550.SH,保变电气,2007-07-30,20.0199,20.0199,20.0199,20.0199,--,--,11987919450,25710600000,109.3596,
600550.SH,保变电气,2007-07-31,20.0199,20.0199,20.0199,20.0199,--,--,11987919450,25710600000,109.3596,
600550.SH,保变电气,2007-08-01,20.0199,20.0199,20.0199,20.0199,--,--,11987919450,25710600000,109.3596,
600550.SH,保变电气,2007-08-02,20.0199,20.0199,20.0199,20.0199,--,--,11987919450,25710600000,109.3596,
600550.SH,保变电气,2007-08-03,20.0199,20.0199,20.0199,20.0199,--,--,11987919450,25710600000,109.3596,
600550.SH,保变电气,2007-08-06,20.0199,20.0199,20.0199,20.0199,--,--,11987919450,25710600000,109.3596,
600550.SH,保变电气,2007-08-07,20.0199,20.0199,20.0199,20.0199,--,--,11987919450,25710600000,109.3596,
600550.SH,保变电气,2007-08-08,20.0199,20.0199,20.0199,20.0199,--,--,11987919450,25710600000,109.3596,
600550.SH,保变电气,2007-08-09,20.0199,20.0199,20.0199,20.0199,--,--,11987919450,25710600000,109.3596,
600550.SH,保变电气,2007-08-10,20.0199,20.0199,20.0199,20.0199,--,--,11987919450,25710600000,109.3596,
600550.SH,保变电气,2007-08-13,20.0199,20.0199,20.0199,20.0199,--,--,11987919450,25710600000,109.3596,
600550.SH,保变电气,2007-08-14,20.0199,20.0199,20.0199,20.0199,--,--,11987919450,25710600000,109.3596,
600550.SH,保变电气,2007-08-15,20.0199,20.0199,20.0199,20.0199,--,--,11987919450,25710600000,109.3596,
600550.SH,保变电气,2007-08-16,20.0199,20.0199,20.0199,20.0199,--,--,11987919450,25710600000,109.3596,
600550.SH,保变电气,2007-08-17,20.0199,20.0199,20.0199,20.0199,--,--,11987919450,25710600000,109.3596,
600550.SH,保变电气,2007-08-20,20.0199,20.0199,20.0199,20.0199,--,--,11987919450,25710600000,109.3596,
600550.SH,保变电气,2007-08-21,20.0199,20.0199,20.0199,20.0199,--,--,11987919450,25710600000,82.9616,
600550.SH,保变电气,2007-08-22,20.0199,20.0199,20.0199,20.0199,--,--,11987919450,25710600000,82.9616,
600550.SH,保变电气,2007-08-23,20.0199,20.0199,20.0199,20.0199,--,--,11987919450,25710600000,82.9616,
600550.SH,保变电气,2007-08-24,20.0199,20.0199,20.0199,20.0199,--,--,11987919450,25710600000,82.9616,
600550.SH,保变电气,2007-08-27,20.0199,20.0199,20.0199,20.0199,--,--,11987919450,25710600000,82.9616,
600550.SH,保变电气,2007-08-28,20.0199,20.0199,20.0199,20.0199,--,--,11987919450,25710600000,82.9616,
600550.SH,保变电气,2007-08-29,20.0199,20.0199,20.0199,20.0199,--,--,11987919450,25710600000,82.9616,
600550.SH,保变电气,2007-08-30,20.0199,20.0199,20.0199,20.0199,--,--,11987919450,25710600000,82.9616,
600550.SH,保变电气,2007-08-31,20.0199,20.0199,20.0199,20.0199,--,--,11987919450,25710600000,82.9616,
600550.SH,保变电气,2007-09-03,20.0199,20.0199,20.0199,20.0199,--,--,11987919450,25710600000,82.9616,
600550.SH,保变电气,2007-09-04,20.0199,20.0199,20.0199,20.0199,--,--,11987919450,25710600000,82.9616,
600550.SH,保变电气,2007-09-05,20.0199,20.0199,20.0199,20.0199,--,--,11987919450,25710600000,82.9616,
600550.SH,保变电气,2007-09-06,20.0199,20.0199,20.0199,20.0199,--,--,11987919450,25710600000,82.9616,
600550.SH,保变电气,2007-09-07,20.0199,20.0199,20.0199,20.0199,--,--,11987919450,25710600000,82.9616,
600550.SH,保变电气,2007-09-10,20.0199,20.0199,20.0199,20.0199,--,--,11987919450,25710600000,82.9616,
600550.SH,保变电气,2007-09-11,20.0199,20.0199,20.0199,20.0199,--,--,11987919450,25710600000,82.9616,
600550.SH,保变电气,2007-09-12,20.0199,20.0199,20.0199,20.0199,--,--,11987919450,25710600000,82.9616,
600550.SH,保变电气,2007-09-13,20.0199,20.0199,20.0199,20.0199,--,--,11987919450,25710600000,82.9616,
600550.SH,保变电气,2007-09-14,20.0199,20.0199,20.0199,20.0199,--,--,11987919450,25710600000,82.9616,
600550.SH,保变电气,2007-09-17,20.0199,20.0199,20.0199,20.0199,--,--,11987919450,25710600000,82.9616,
600550.SH,保变电气,2007-09-18,20.0199,20.0199,20.0199,20.0199,--,--,11987919450,25710600000,82.9616,
600550.SH,保变电气,2007-09-19,20.0199,20.0199,20.0199,20.0199,--,--,11987919450,25710600000,82.9616,
600550.SH,保变电气,2007-09-20,20.0199,20.0199,20.0199,20.0199,--,--,11987919450,25710600000,82.9616,
600550.SH,保变电气,2007-09-21,20.0199,20.0199,20.0199,20.0199,--,--,11987919450,25710600000,82.9616,
600550.SH,保变电气,2007-09-24,20.0199,20.0199,20.0199,20.0199,--,--,11987919450,25710600000,82.9616,
600550.SH,保变电气,2007-09-25,20.0199,20.0199,20.0199,20.0199,--,--,11987919450,25710600000,82.9616,
600550.SH,保变电气,2007-09-26,22.0208,22.0208,22.0208,22.0208,205717,0.0604,13186030650,28280200000,91.2531,
600550.SH,保变电气,2007-09-27,24.2206,24.2206,24.2206,24.2206,838505,0.2463,14503272225,31105300000,100.3689,
600550.SH,保变电气,2007-09-28,24.2206,24.2206,24.2206,24.2206,--,--,14503272225,31105300000,100.3689,
600550.SH,保变电气,2007-10-08,26.6421,26.6421,26.6421,26.6421,109696,0.0307,16765399000,34215100000,110.4035,
600550.SH,保变电气,2007-10-09,29.308,29.308,29.308,29.308,3367087,0.9413,18443012000,37638800000,121.4509,
600550.SH,保变电气,2007-10-10,32.241,32.241,32.241,32.241,2134280,0.5967,20288744000,41405600000,133.6054,
600550.SH,保变电气,2007-10-11,35.464,35.464,31.2633,35.464,36279943,10.1426,22316903000,45544700000,146.9612,
600550.SH,保变电气,2007-10-12,35.8107,36.527,33.2983,34.8672,23246204,6.4988,21941318000,44778200000,144.4879,
600550.SH,保变电气,2007-10-15,34.8672,38.3516,33.8724,36.0779,18084417,5.0557,22703219000,46333100000,149.5052,
600550.SH,保变电气,2007-10-16,35.5152,36.095,34.8615,35.2366,8627068,2.4118,22173823000,45252700000,146.019,
600550.SH,保变电气,2007-10-17,35.356,37.516,35.2423,36.5383,9209464,2.5746,22992956000,46924400000,151.4132,
600550.SH,保变电气,2007-10-18,36.8907,36.9362,34.9581,35.0547,7474747,2.0897,22059359000,45019100000,145.2653,
600550.SH,保变电气,2007-10-19,35.0547,35.8676,34.3613,34.8842,6117919,1.7103,21952049000,44800100000,144.5586,
600550.SH,保变电气,2007-10-22,34.8842,38.3743,34.3897,37.4819,17840316,4.9875,23586738000,48136200000,155.3234,
600550.SH,保变电气,2007-10-23,36.8794,37.3171,34.8558,35.3276,12230697,3.4193,22231055000,45369500000,138.6591,
600550.SH,保变电气,2007-10-24,35.2992,36.3223,34.617,35.4697,6844541,1.9135,22320480000,45552000000,139.2169,
600550.SH,保变电气,2007-10-25,35.2423,36.8225,34.1055,34.5432,11686679,3.2672,21737429000,44362100000,135.5803,
600550.SH,保变电气,2007-10-26,34.1225,34.5318,31.0871,31.0871,15587430,4.3577,19562613000,39923700000,122.0156,
600550.SH,保变电气,2007-10-29,29.6433,31.3486,27.9835,30.3482,10052263,2.8102,19097603000,38974700000,119.1152,
600550.SH,保变电气,2007-10-30,30.1833,31.6556,29.5694,30.8427,5793999,1.6198,19408802000,39609800000,121.0562,
600550.SH,保变电气,2007-10-31,31.5703,31.6897,30.7063,31.1099,5006277,1.3996,19576921000,39952900000,122.1048,
600550.SH,保变电气,2007-11-01,31.036,31.036,28.5122,28.7339,8949943,2.5021,18081735000,36901500000,112.7791,
600550.SH,保变电气,2007-11-02,28.0802,30.0128,27.5402,28.8134,8577987,2.3981,18131813000,37003700000,113.0914,
600550.SH,保变电气,2007-11-05,28.8873,29.4444,27.6709,27.7221,6011120,1.6805,17445029000,35602100000,108.8078,
600550.SH,保变电气,2007-11-06,27.3242,28.137,26.6079,26.949,8325641,2.3275,16958557000,34609300000,105.7736,
600550.SH,保变电气,2007-11-07,27.2844,28.4042,26.8012,28.3416,5507540,1.5397,17834922000,36397800000,111.2397,
600550.SH,保变电气,2007-11-08,28.5349,28.5349,25.5052,25.5336,7396159,2.0677,16067884000,32791600000,100.2183,
600550.SH,保变电气,2007-11-09,25.2949,25.2949,23.5044,23.5953,10201005,2.8518,14848127000,30302300000,92.6105,
600550.SH,保变电气,2007-11-12,22.6688,23.0212,21.3273,21.8843,9240632,2.5833,13771450000,28105000000,85.895,
600550.SH,保变电气,2007-11-13,22.2822,23.5839,22.2822,22.7142,8187252,2.2889,14293692000,29170800000,89.1524,
600550.SH,保变电气,2007-11-14,23.1292,24.4138,22.737,24.3797,6603457,1.8461,15341753000,31309700000,95.6893,
600550.SH,保变电气,2007-11-15,24.3797,24.3797,22.9928,23.0098,6781850,1.896,14479696000,29550400000,90.3125,
600550.SH,保变电气,2007-11-16,22.6801,24.6014,22.3391,23.7829,6571086,1.837,14966168000,30543200000,93.3467,
600550.SH,保变电气,2007-11-19,23.9079,24.4309,23.618,24.0216,3146665,0.8797,15116402000,30849800000,94.2838,
600550.SH,保变电气,2007-11-20,23.8738,26.4261,23.7204,26.4261,5534687,1.5473,16629473000,33937700000,103.721,
600550.SH,保变电气,2007-11-21,27.7903,28.7509,27.2844,27.5004,8147353,2.2777,17305526000,35317400000,107.9377,
600550.SH,保变电气,2007-11-22,27.5004,27.5004,27.5004,27.5004,--,--,17305526000,35317400000,107.9377,
600550.SH,保变电气,2007-11-23,27.5004,27.5004,27.5004,27.5004,--,--,17305526000,35317400000,107.9377,
600550.SH,保变电气,2007-11-26,27.5004,27.5004,27.5004,27.5004,--,--,17305526000,35317400000,107.9377,
600550.SH,保变电气,2007-11-27,27.5004,27.5004,27.5004,27.5004,--,--,17305526000,35317400000,107.9377,
600550.SH,保变电气,2007-11-28,27.5004,27.5004,27.5004,27.5004,--,--,17305526000,35317400000,107.9377,
600550.SH,保变电气,2007-11-29,27.5004,27.5004,27.5004,27.5004,--,--,17305526000,35317400000,107.9377,
600550.SH,保变电气,2007-11-30,27.5004,27.5004,27.5004,27.5004,--,--,17305526000,35317400000,107.9377,
600550.SH,保变电气,2007-12-03,27.5004,27.5004,27.5004,27.5004,--,--,17305526000,35317400000,107.9377,
600550.SH,保变电气,2007-12-04,27.5004,27.5004,27.5004,27.5004,--,--,17305526000,35317400000,107.9377,
600550.SH,保变电气,2007-12-05,30.2515,30.2515,30.2515,30.2515,250395,0.07,19036794000,38850600000,118.7359,
600550.SH,保变电气,2007-12-06,33.2756,33.2756,30.6949,31.3827,18896753,5.2828,19748617000,40303300000,123.1757,
600550.SH,保变电气,2007-12-07,30.9507,31.576,28.876,29.0692,13484501,3.7698,18292778000,37332200000,114.0954,
600550.SH,保变电气,2007-12-10,28.2336,29.7286,27.6936,29.3534,8902028,2.4887,18471628000,37697200000,115.2109,
600550.SH,保变电气,2007-12-11,29.5581,31.5362,29.5581,30.513,9103133,2.5449,19201336000,39186400000,119.7622,
600550.SH,保变电气,2007-12-12,30.3482,30.5812,29.4558,30.189,6204217,1.7345,18997447000,38770300000,118.4905,
600550.SH,保变电气,2007-12-13,29.7286,31.0246,29.5581,29.7798,6456129,1.8049,18739903000,38244700000,116.8842,
600550.SH,保变电气,2007-12-14,29.2454,30.5812,29.1659,30.405,5426795,1.5171,19133373000,39047700000,119.3383,
600550.SH,保变电气,2007-12-17,30.1379,31.5589,30.1379,30.3937,5422743,1.516,19126219000,39033100000,119.2937,
600550.SH,保变电气,2007-12-18,30.9734,31.2633,29.8991,29.973,4413081,1.2337,18861521000,38492900000,117.6427,
600550.SH,保变电气,2007-12-19,30.2857,30.5585,29.3875,30.0071,6512439,1.8206,18882983000,38536700000,117.7766,
600550.SH,保变电气,2007-12-20,30.0071,30.0071,30.0071,30.0071,--,--,18882983000,38536700000,117.7766,
600550.SH,保变电气,2007-12-21,30.5812,31.7067,30.5244,31.0303,8086320,2.2606,19526843000,39850700000,121.7925,
600550.SH,保变电气,2007-12-24,31.2065,32.9231,30.6267,32.3377,8438318,2.359,20349553000,41529700000,126.9239,
600550.SH,保变电气,2007-12-25,32.2297,32.2297,31.4964,31.8261,4625916,1.2932,20027623000,40872700000,124.9159,
600550.SH,保变电气,2007-12-26,31.9455,32.8834,31.8147,32.0137,5122680,1.4321,20145664000,41113600000,125.6522,
600550.SH,保变电气,2007-12-27,31.8943,33.2415,31.8943,32.8436,6563638,1.835,20667906000,42179400000,128.9095,
600550.SH,保变电气,2007-12-28,32.9516,33.1391,32.1501,32.5196,4784352,1.3375,20464017000,41763300000,127.6378,
600550.SH,保变电气,2008-01-02,32.8549,32.9004,31.8772,32.8208,6913601,1.9328,20653598000,42150200000,128.8203,
600550.SH,保变电气,2008-01-03,32.4002,33.4234,31.8318,32.0307,6578463,1.8391,20156395000,41135500000,100.5163,
600550.SH,保变电气,2008-01-04,31.9455,31.9455,30.5528,30.5983,12198717,3.4103,19254991000,39295900000,96.0212,
600550.SH,保变电气,2008-01-07,30.3311,31.6953,29.6718,30.9962,9315490,2.6043,19505381000,39806900000,97.2698,
600550.SH,保变电气,2008-01-08,30.9962,31.6044,30.4107,30.712,7260980,2.0299,19326531000,39441900000,96.3779,
600550.SH,保变电气,2008-01-09,30.7404,32.9004,30.7177,32.5991,9721329,2.7177,20514095000,41865500000,102.3001,
600550.SH,保变电气,2008-01-10,32.9459,34.5432,32.5139,33.321,11129043,3.1113,20968374000,42792600000,104.5655,
600550.SH,保变电气,2008-01-11,33.3949,34.9922,33.1391,34.5829,9719902,2.7173,21762468000,44413200000,108.5255,
600550.SH,保变电气,2008-01-14,34.5716,35.5208,33.5996,34.1112,8355420,2.3359,21465577000,43807300000,107.045,
600550.SH,保变电气,2008-01-15,34.1509,34.4465,33.1391,33.4063,5152652,1.4405,21022029000,42902100000,104.8331,
600550.SH,保变电气,2008-01-16,32.9004,32.9629,32.116,32.7867,6510970,1.8202,20632136000,42106400000,102.8888,
600550.SH,保变电气,2008-01-17,33.1391,34.9467,30.8427,33.1335,9413620,2.6317,20850333000,42551700000,103.9769,
600550.SH,保变电气,2008-01-18,33.2528,33.4234,31.8375,32.4343,4459402,1.2467,20410362000,41653800000,101.7828,
600550.SH,保变电气,2008-01-21,32.5878,34.2476,31.6612,33.0141,9224889,2.5789,20775216000,42398400000,103.6023,
600550.SH,保变电气,2008-01-22,32.116,32.6276,29.7115,29.7115,7789301,2.1776,18696979000,38157100000,93.2385,
600550.SH,保变电气,2008-01-23,29.2795,30.6892,27.5004,29.8139,10756542,3.0071,18761365000,38288500000,93.5596,
600550.SH,保变电气,2008-01-24,30.1208,30.2402,28.876,29.7854,7559502,2.1134,18743480000,38252000000,93.4704,
600550.SH,保变电气,2008-01-25,29.4444,29.8309,28.7054,28.9044,5621377,1.5715,18189045000,37120500000,90.7055,
600550.SH,保变电气,2008-01-28,27.5004,28.4212,26.0168,26.2783,7304802,2.0422,16536471000,33747900000,82.4644,
600550.SH,保变电气,2008-01-29,26.2044,27.1707,25.5791,26.5966,4131638,1.1551,16736783000,34156700000,83.4633,
600550.SH,保变电气,2008-01-30,26.8865,27.597,25.8633,26.5056,3256785,0.9105,16679551000,34039900000,83.1779,
600550.SH,保变电气,2008-01-31,26.4317,26.9433,26.1475,26.193,2262357,0.6325,16482816000,33638400000,82.1968,
600550.SH,保变电气,2008-02-01,26.7159,26.932,24.7265,24.9936,3954023,1.1054,15728069000,32098100000,78.4331,
600550.SH,保变电气,2008-02-04,25.9202,27.4947,25.5223,27.4947,4597498,1.2853,17301949000,35310100000,86.2817,
600550.SH,保变电气,2008-02-05,27.7846,29.4444,26.8353,28.8021,4643842,1.2983,18124659000,36989100000,90.3844,
600550.SH,保变电气,2008-02-13,28.4212,28.9896,27.3867,28.0574,3494414,0.9769,17656072000,36032800000,88.0477,
600550.SH,保变电气,2008-02-14,28.7623,29.2625,28.4212,28.6941,3631118,1.0151,18056696000,36850400000,90.0455,
600550.SH,保变电气,2008-02-15,28.6827,28.6827,27.3867,27.9437,2633122,0.7361,17584532000,35886800000,87.6909,
600550.SH,保变电气,2008-02-18,28.3985,28.569,27.3412,28.3019,4470076,1.2497,17809883000,36346700000,88.8147,
600550.SH,保变电气,2008-02-19,28.1995,28.7054,27.7334,28.5747,5090057,1.423,17981579000,36697100000,89.6709,
600550.SH,保变电气,2008-02-20,29.2739,29.8366,28.3075,28.4042,5138333,1.4365,17874269000,36478100000,89.1358,
600550.SH,保变电气,2008-02-21,27.9551,28.4099,27.3981,27.8471,3785803,1.0584,17523723000,35762700000,87.3877,
600550.SH,保变电气,2008-02-22,27.7391,28.137,25.5791,26.8183,6685312,1.869,16876286000,34441400000,84.159,
600550.SH,保变电气,2008-02-25,27.0002,28.0802,26.2612,26.8353,5673982,1.5862,16887017000,34463300000,84.2125,
600550.SH,保变电气,2008-02-26,27.5686,28.0802,26.7159,27.5572,4623709,1.2926,17341296000,35390400000,86.4779,
600550.SH,保变电气,2008-02-27,28.137,30.3141,27.5686,30.3141,11750640,3.2851,19076141000,38930900000,95.1293,
600550.SH,保变电气,2008-02-28,30.8654,32.332,30.1435,31.2804,16444749,4.5974,19684231000,40171900000,98.1617,
600550.SH,保变电气,2008-02-29,31.1497,32.7412,31.0189,32.4172,11084472,3.0988,20399631000,41631900000,101.7293,
600550.SH,保变电气,2008-03-03,32.2865,34.5545,31.9568,33.7871,13111643,3.6655,21261688000,43391200000,106.0282,
600550.SH,保变电气,2008-03-04,34.2078,34.5602,32.8549,33.5711,8034025,2.246,21125762000,43113800000,105.3504,
600550.SH,保变电气,2008-03-05,33.5711,35.7425,32.6162,33.3836,8120885,2.2703,21007721000,42872900000,104.7617,
600550.SH,保变电气,2008-03-06,33.5257,34.0486,32.116,32.332,6911138,1.9321,20345976000,41522400000,101.4617,
600550.SH,保变电气,2008-03-07,32.133,33.0823,31.5987,32.2183,4749434,1.3278,20274436000,41376400000,101.105,
600550.SH,保变电气,2008-03-10,31.8318,33.1278,31.7749,32.4798,6625712,1.8523,20438978000,41712200000,101.9255,
600550.SH,保变电气,2008-03-11,32.7412,34.1737,32.0023,33.7417,9114641,2.5481,21233072000,43332800000,105.8855,
600550.SH,保变电气,2008-03-12,34.6739,35.0149,32.8549,32.98,8289104,2.3173,20753754000,42354600000,103.4952,
600550.SH,保变电气,2008-03-13,32.2865,32.7412,30.6836,31.3031,8164359,2.2825,19698539000,40201100000,98.2331,
600550.SH,保变电气,2008-03-14,30.8143,32.2808,30.8143,31.9966,4108694,1.1486,20134933000,41091700000,100.4093,
600550.SH,保变电气,2008-03-17,31.9966,32.4855,28.7964,28.7964,6767848,1.892,18121082000,36981800000,90.3666,
600550.SH,保变电气,2008-03-18,27.8528,28.7623,25.9145,26.2498,8410003,2.3511,16518586000,33711400000,82.3752,
600550.SH,保变电气,2008-03-19,27.3128,28.5576,26.4317,28.1939,6498111,1.8166,17741920000,36208000000,88.4758,
600550.SH,保变电气,2008-03-20,27.6823,31.0132,27.0002,30.604,7826104,2.1879,19258568000,39303200000,96.039,
600550.SH,保变电气,2008-03-21,30.2629,31.9966,30.2629,30.621,6556242,1.8329,19269299000,39325100000,96.0925,
600550.SH,保变电气,2008-03-24,31.1326,32.3092,30.496,31.2861,6688843,1.87,19687808000,40179200000,98.1796,
600550.SH,保变电气,2008-03-25,30.7177,33.3551,30.7177,33.213,9903435,2.7686,20900411000,42653900000,104.2266,
600550.SH,保变电气,2008-03-26,33.5314,33.7587,32.1103,33.0368,7333418,2.0502,20789524000,42427600000,103.6736,
600550.SH,保变电气,2008-03-27,32.4059,32.5707,30.2402,30.3425,6849512,1.9149,19094026000,38967400000,95.2185,
600550.SH,保变电气,2008-03-28,29.7854,32.116,29.4444,31.9284,6663271,1.8628,20092009000,41004100000,100.1952,
600550.SH,保变电气,2008-03-31,30.7745,31.7977,29.9844,30.0185,4774899,1.3349,18890137000,38551300000,94.2017,
600550.SH,保变电气,2008-04-01,30.0128,30.6949,27.2162,27.472,7947463,2.2218,17287641000,35280900000,86.2104,
600550.SH,保变电气,2008-04-02,27.8471,28.9328,26.2555,27.0854,7799566,2.1805,17044405000,34784500000,84.9974,
600550.SH,保变电气,2008-04-03,26.8467,28.6713,26.0338,28.1882,6310081,1.7641,17738343000,36200700000,88.4579,
600550.SH,保变电气,2008-04-07,28.8191,31.0076,28.4212,31.0076,7011216,1.9601,19512535000,39821500000,97.3055,
600550.SH,保变电气,2008-04-08,31.4168,32.8777,30.8654,30.9791,8757321,2.4482,19494650000,39785000000,97.2163,
600550.SH,保变电气,2008-04-09,30.1322,31.3202,29.3307,29.3421,6530200,1.8256,18464474000,37682600000,92.079,
600550.SH,保变电气,2008-04-10,28.4269,30.6267,28.137,30.2459,5600014,1.5656,19033217000,38843300000,94.9152,
600550.SH,保变电气,2008-04-11,30.8257,31.4623,30.2288,30.6494,3909125,1.0929,19287184000,39361600000,96.1817,
600550.SH,保变电气,2008-04-14,29.8991,30.3539,28.7111,29.3534,5569500,1.557,18471628000,37697200000,92.1147,
600550.SH,保变电气,2008-04-15,29.5467,32.2865,29.217,32.2865,14015622,3.9183,20317360000,41464000000,101.319,
600550.SH,保变电气,2008-04-16,32.7412,32.9402,30.7063,31.4339,11055701,3.0908,19780810000,40369000000,98.6433,
600550.SH,保变电气,2008-04-17,31.8886,33.4234,31.6612,32.3718,8667224,2.423,20371015000,41573500000,101.5866,
600550.SH,保变电气,2008-04-18,31.4793,33.2528,31.3827,32.3149,9116317,2.5486,20335245000,41500500000,101.4082,
600550.SH,保变电气,2008-04-21,34.617,34.617,29.0863,29.0863,21018823,5.8761,18303509000,37354100000,91.2763,
600550.SH,保变电气,2008-04-22,27.2162,28.984,26.7614,28.9499,10637836,2.974,18217661000,37178900000,90.8482,
600550.SH,保变电气,2008-04-23,28.7623,30.1151,28.1939,29.6377,7214689,2.017,18650478000,38062200000,93.0066,
600550.SH,保变电气,2008-04-24,31.7181,32.5707,30.6949,32.3718,16202466,4.5296,20371015000,41573500000,101.5866,
600550.SH,保变电气,2008-04-25,31.6953,32.457,30.6097,30.6608,12723045,3.5569,19294338000,39376200000,96.2174,
600550.SH,保变电气,2008-04-28,29.5581,32.2865,29.308,32.1103,11978677,3.3488,20206473000,41237700000,100.7661,
600550.SH,保变电气,2008-04-29,31.8375,33.2528,31.6328,32.5196,11139097,3.1141,20464017000,41763300000,102.0504,
600550.SH,保变电气,2008-04-30,34.2078,34.617,32.8549,32.9288,15921490,4.4511,20721561000,42288900000,67.5256,
600550.SH,保变电气,2008-05-05,33.1505,36.22,32.3888,36.22,20157989,5.6354,22792644000,46515600000,74.2746,
600550.SH,保变电气,2008-05-06,36.9419,38.9769,36.3792,37.6354,27715248,7.7482,23683317000,48333300000,77.1771,
600550.SH,保变电气,2008-05-07,37.8002,39.0962,36.7771,37.7434,16765570,4.687,23751280000,48472000000,77.3985,
600550.SH,保变电气,2008-05-08,36.9874,40.0739,36.9646,39.1986,19101620,5.3401,24666992000,50340800000,80.3826,
600550.SH,保变电气,2008-05-09,39.2213,39.983,37.8628,38.8745,16230279,4.5374,24463103000,49924700000,79.7182,
600550.SH,保变电气,2008-05-12,38.0844,39.551,37.2886,38.056,13349285,3.732,23948015000,48873500000,78.0396,
600550.SH,保变电气,2008-05-13,38.056,38.056,38.056,38.056,--,--,23948015000,48873500000,78.0396,
600550.SH,保变电气,2008-05-14,37.8002,38.0617,36.3792,37.8173,13444285,3.7585,23797781000,48566900000,77.5501,
600550.SH,保变电气,2008-05-15,37.8571,39.5623,37.0101,37.2375,10053477,2.8106,23432927000,47822300000,76.3611,
600550.SH,保变电气,2008-05-16,36.959,37.7889,35.1741,35.6914,12663913,3.5404,22459983000,45836700000,73.1906,
600550.SH,保变电气,2008-05-19,36.095,37.8002,35.6971,37.3284,7185261,2.0087,23490159000,47939100000,76.5476,
600550.SH,保变电气,2008-05-20,37.3341,38.3687,35.5265,35.6061,7755686,2.1682,22406328000,45727200000,73.0157,
600550.SH,保变电气,2008-05-21,35.6061,35.6061,35.6061,35.6061,--,--,22406328000,45727200000,73.0157,
600550.SH,保变电气,2008-05-22,36.9476,39.1644,36.6634,38.6699,20271970,5.6673,24334331000,49661900000,79.2985,
600550.SH,保变电气,2008-05-23,38.4255,39.1076,37.6354,38.3289,11730190,3.2793,24119711000,49223900000,78.5991,
600550.SH,保变电气,2008-05-26,37.8002,39.4998,37.6581,37.6922,8295256,2.3191,23719087000,48406300000,77.2936,
600550.SH,保变电气,2008-05-27,37.2773,37.715,36.095,36.5895,7416217,2.0733,23025149000,46990100000,75.0323,
600550.SH,保变电气,2008-05-28,37.0613,37.7206,36.3223,37.3,6732410,1.8821,23472274000,47902600000,76.4893,
600550.SH,保变电气,2008-05-29,37.4023,37.8855,36.5952,36.9533,5489235,1.5346,23254077000,47457300000,75.7783,
600550.SH,保变电气,2008-05-30,36.6634,37.2204,35.2992,35.8505,9256814,2.5879,22560139000,46041100000,73.5169,
600550.SH,保变电气,2008-06-02,35.9813,36.3678,35.1343,35.4469,6871226,1.9209,22306172000,45522800000,72.6893,
600550.SH,保变电气,2008-06-03,35.6743,37.1929,35.3742,35.7743,7119938,1.244,22515068800,45949120000,73.3701,
600550.SH,保变电气,2008-06-04,34.5558,35.2833,32.2915,32.4642,16254756,2.8402,20431824000,41697600000,66.5814,
600550.SH,保变电气,2008-06-05,31.8186,33.5009,31.5458,32.6552,8247090,1.441,20552011200,41942880000,66.973,
600550.SH,保变电气,2008-06-06,33.4645,33.6464,32.6461,32.8916,4658606,0.814,20700814400,42246560000,67.4579,
600550.SH,保变电气,2008-06-10,31.5367,33.0735,29.7362,31.273,11914792,2.0818,19682084800,40167520000,64.1382,
600550.SH,保变电气,2008-06-11,30.9183,31.373,30.009,30.7455,6586329,1.1508,19350139200,39490080000,63.0565,
600550.SH,保变电气,2008-06-12,30.7455,31.4185,30.4727,31.1911,8271622,1.4453,19630576000,40062400000,63.9704,
600550.SH,保变电气,2008-06-13,31.4003,31.6458,28.2812,28.3448,11801619,2.0621,17839214400,36406560000,58.1328,
600550.SH,保变电气,2008-06-16,28.1811,28.6449,26.3806,26.8898,10222899,1.7862,16923502400,34537760000,55.1488,
600550.SH,保变电气,2008-06-17,26.9626,27.872,25.0166,25.4167,8799771,1.5376,15996344000,32645600000,52.1274,
600550.SH,保变电气,2008-06-18,25.4621,27.7356,23.8071,27.3172,15795337,2.7599,17192492800,35086720000,56.0253,
600550.SH,保变电气,2008-06-19,27.3172,27.3172,27.3172,27.3172,--,--,17192492800,35086720000,56.0253,
600550.SH,保变电气,2008-06-20,26.2806,29.8907,25.0257,29.1905,26630579,4.6531,18371472000,37492800000,59.8673,
600550.SH,保变电气,2008-06-23,28.172,29.7089,27.6446,28.0993,12995345,2.2706,17684688000,36091200000,57.6293,
600550.SH,保变电气,2008-06-24,28.0993,29.5543,27.3445,29.0996,15936554,2.7846,18314240000,37376000000,59.6808,
600550.SH,保变电气,2008-06-25,29.2633,30.3727,28.463,30.2727,18149854,3.1713,19052532800,38882720000,62.0867,
600550.SH,保变电气,2008-06-26,29.7362,31.3275,29.5725,30.3909,16428608,2.8705,19126934400,39034560000,62.3291,
600550.SH,保变电气,2008-06-27,29.6452,30.891,28.0811,28.4539,17144381,2.9956,17907892800,36546720000,58.3566,
600550.SH,保变电气,2008-06-30,28.163,29.0996,26.8262,28.0265,11032459,1.9277,17638902400,35997760000,57.4801,
600550.SH,保变电气,2008-07-01,28.0993,29.6088,27.3263,28.5722,12006419,2.0979,17982294400,36698560000,58.5991,
600550.SH,保变电气,2008-07-02,28.7359,29.4542,28.3721,28.8359,8949934,1.5638,18148267200,37037280000,59.1399,
600550.SH,保变电气,2008-07-03,28.463,31.6003,28.1902,31.082,21504836,3.7575,19561897600,39922240000,63.7465,
600550.SH,保变电气,2008-07-04,31.082,31.6276,30.0362,30.5364,13462420,2.3523,19218505600,39221440000,62.6275,
600550.SH,保变电气,2008-07-07,30.7819,31.8459,30.4636,31.7731,12829450,2.2417,19996860800,40809920000,65.164,
600550.SH,保变电气,2008-07-08,31.6731,32.1005,31.0547,31.7458,11548215,2.0178,19979691200,40774880000,65.108,
600550.SH,保变电气,2008-07-09,31.7822,32.2824,30.5364,31.9186,17782875,3.1072,20088432000,40996800000,65.4624,
600550.SH,保变电气,2008-07-10,31.7186,33.1917,30.8274,30.8729,16520930,2.8867,19430264000,39653600000,63.3176,
600550.SH,保变电气,2008-07-11,30.8274,31.7367,30.5182,31.2457,9245583,1.6155,19664915200,40132480000,64.0823,
600550.SH,保变电气,2008-07-14,31.082,32.1005,30.9274,31.8913,7896452,1.3797,20071262400,40961760000,65.4064,
600550.SH,保变电气,2008-07-15,32.0641,32.3551,30.3727,30.5364,11319138,1.9778,19218505600,39221440000,62.6275,
600550.SH,保变电气,2008-07-16,29.9999,30.2636,28.263,29.1723,11616539,2.0297,18360025600,37469440000,59.83,
600550.SH,保变电气,2008-07-17,29.1723,29.1723,29.1723,29.1723,--,--,18360025600,37469440000,59.83,
600550.SH,保变电气,2008-07-18,28.5631,30.4909,27.1445,29.8271,12832279,2.2422,18772096000,38310400000,61.1728,
600550.SH,保变电气,2008-07-21,29.2815,30.5546,28.6995,30.2272,9750095,1.7036,19023916800,38824320000,61.9934,
600550.SH,保变电气,2008-07-22,30.2545,31.3366,29.8362,30.5364,13408797,2.3429,19218505600,39221440000,62.6275,
600550.SH,保变电气,2008-07-23,30.009,30.591,29.3724,29.3906,8735092,1.5263,18497382400,37749760000,60.2776,
600550.SH,保变电气,2008-07-24,29.2815,30.3272,29.2633,29.9999,7655034,1.3375,18880836800,38532320000,61.5272,
600550.SH,保变电气,2008-07-25,29.5452,30.1272,29.2815,29.4724,5494327,0.96,18548891200,37854880000,60.4455,
600550.SH,保变电气,2008-07-28,29.6452,29.7362,28.7086,28.8814,8576291,1.4985,18176883200,37095680000,59.2332,
600550.SH,保变电气,2008-07-29,28.6449,29.3451,28.3721,28.8632,5075973,0.8869,18165436800,37072320000,59.1959,
600550.SH,保变电气,2008-07-30,28.9905,29.1905,27.581,27.7719,9282772,1.622,17478652800,35670720000,56.9579,
600550.SH,保变电气,2008-07-31,28.2812,28.554,27.1899,27.2991,7500095,1.3105,17181046400,35063360000,47.7175,
600550.SH,保变电气,2008-08-01,27.0081,28.1902,26.8353,27.9811,5743713,1.0036,17610286400,35939360000,48.9096,
600550.SH,保变电气,2008-08-04,27.9538,28.263,27.0899,27.1445,3958742,0.6917,17083752000,34864800000,47.4473,
600550.SH,保变电气,2008-08-05,27.099,27.3718,25.1712,25.3621,9804765,1.7132,15962004800,32575520000,44.3318,
600550.SH,保变电气,2008-08-06,25.5076,25.8532,24.4346,25.1075,6443416,1.1258,15801755200,32248480000,43.8867,
600550.SH,保变电气,2008-08-07,24.7892,26.3715,24.7892,25.353,4970973,0.8686,15956281600,32563840000,44.3159,
600550.SH,保变电气,2008-08-08,26.2624,26.2624,23.7344,24.6164,7557472,1.3205,15492702400,31617760000,43.0284,
600550.SH,保变电气,2008-08-11,23.9708,24.4437,22.1521,22.1521,11172196,1.9521,13941715200,28452480000,38.7208,
600550.SH,保变电气,2008-08-12,21.5428,21.7883,20.2788,20.8062,13407468,2.3427,13094681600,26723840000,36.3683,
600550.SH,保变电气,2008-08-13,20.5334,21.1427,19.8241,20.8608,10872213,1.8997,13129020800,26793920000,36.4637,
600550.SH,保变电气,2008-08-14,20.8608,21.3609,20.4697,20.7517,6084673,1.0632,13060342400,26653760000,36.2729,
600550.SH,保变电气,2008-08-15,20.6243,20.9153,19.9878,20.4334,4885945,0.8537,12860030400,26244960000,35.7166,
600550.SH,保变电气,2008-08-18,20.4607,20.7335,18.4328,18.4601,7345519,1.2835,11618096000,23710400000,32.2673,
600550.SH,保变电气,2008-08-19,18.1054,19.8968,18.0508,19.6149,9605020,1.6783,12344942400,25193760000,34.286,
600550.SH,保变电气,2008-08-20,19.333,21.2518,18.8238,21.2154,10864152,1.8983,13352225600,27249440000,37.0836,
600550.SH,保变电气,2008-08-21,20.8062,21.3245,20.0514,20.1697,7738613,1.3521,12694057600,25906240000,35.2556,
600550.SH,保变电气,2008-08-22,20.4152,20.8244,19.5058,20.1606,5350396,0.9349,12688334400,25894560000,35.2397,
600550.SH,保变电气,2008-08-25,20.3697,20.7698,19.8878,20.2879,5302822,0.9265,12768459200,26058080000,35.4623,
600550.SH,保变电气,2008-08-26,19.915,19.915,18.26,18.26,6920072,1.2091,11492185600,23453440000,31.9176,
600550.SH,保变电气,2008-08-27,18.1872,18.7329,16.905,17.4416,8212199,1.4349,10977097600,22402240000,30.4871,
600550.SH,保变电气,2008-08-28,17.3597,17.678,17.0415,17.3143,5031303,0.8791,10896972800,22238720000,30.2645,
600550.SH,保变电气,2008-08-29,17.3052,18.9875,17.3052,18.4964,9558183,1.6701,11640988800,23757120000,32.3309,
600550.SH,保变电气,2008-09-01,18.1963,18.451,17.2597,17.6053,6199647,1.0832,11080115200,22612480000,30.7732,
600550.SH,保变电气,2008-09-02,17.2779,17.5689,16.7777,17.2415,4333048,0.7571,10851187200,22145280000,30.1374,
600550.SH,保变电气,2008-09-03,16.8232,17.1415,15.5683,16.1957,12353021,2.1584,10193019200,20802080000,28.3094,
600550.SH,保变电气,2008-09-04,16.0321,17.578,15.7138,16.9232,10264921,1.7936,10650875200,21736480000,29.581,
600550.SH,保变电气,2008-09-05,16.1867,16.3321,15.732,15.8138,6928288,1.2106,9952644800,20311520000,27.6418,
600550.SH,保变电气,2008-09-08,15.7865,16.0502,14.8317,14.9863,7821148,1.3666,9431833600,19248640000,26.1954,
600550.SH,保变电气,2008-09-09,15.1864,15.4864,14.9499,15.2682,5093434,0.89,9609252800,19610720000,26.6881,
600550.SH,保变电气,2008-09-10,14.6407,15.6956,14.6407,15.2409,5365125,0.9374,9592083200,19575680000,26.6404,
600550.SH,保变电气,2008-09-11,15.2409,15.732,15.0045,15.4046,6329449,1.1059,9695100800,19785920000,26.9265,
600550.SH,保变电气,2008-09-12,15.3864,15.9411,15.2955,15.5774,5245104,0.9165,9803841600,20007840000,27.2285,
600550.SH,保变电气,2008-09-16,15.5592,16.2594,15.0045,15.1954,9445188,1.6503,9563467200,19517280000,26.5609,
600550.SH,保变电气,2008-09-17,15.1864,15.5865,15.0499,15.2864,4430801,0.7742,9620699200,19634080000,26.7199,
600550.SH,保变电气,2008-09-18,15.0954,15.15,13.9132,14.5589,8509709,1.4869,9162843200,18699680000,25.4483,
600550.SH,保变电气,2008-09-19,16.0139,16.0139,15.641,16.0139,7333061,1.2813,10078555200,20568480000,27.9915,
600550.SH,保变电气,2008-09-22,16.8232,17.6143,16.7868,17.6143,25937130,4.5319,11085838400,22624160000,30.7891,
600550.SH,保变电气,2008-09-23,17.096,17.5234,16.8414,17.1506,16538403,2.8897,10793955200,22028480000,29.9784,
600550.SH,保变电气,2008-09-24,17.0051,18.0963,16.4595,18.0327,14535343,2.5397,11349105600,23161440000,31.5203,
600550.SH,保变电气,2008-09-25,18.1963,19.0693,17.8326,18.6419,18384211,3.2122,11732560000,23944000000,32.5852,
600550.SH,保变电气,2008-09-26,18.6419,18.6419,18.6419,18.6419,--,--,11732560000,23944000000,32.5852,
600550.SH,保变电气,2008-10-06,17.9144,17.9144,16.7777,16.7777,11870930,2.0742,10559304000,21549600000,29.3267,
600550.SH,保变电气,2008-10-07,15.8684,16.905,15.732,16.4413,7871479,1.3754,10347545600,21117440000,28.7386,
600550.SH,保变电气,2008-10-08,15.5592,15.8957,14.7953,14.8954,14804207,2.5867,9374601600,19131840000,26.0364,
600550.SH,保变电气,2008-10-09,15.3682,15.441,14.5589,14.9863,8517213,1.4882,9431833600,19248640000,26.1954,
600550.SH,保变电气,2008-10-10,14.2679,15.641,14.1042,15.4501,13655479,2.386,9723716800,19844320000,27.006,
600550.SH,保变电气,2008-10-13,15.1682,15.7774,14.6407,15.7411,9724828,1.6992,9906859200,20218080000,27.5147,
600550.SH,保变电气,2008-10-14,16.5504,16.6777,15.0954,15.1227,12315383,2.1518,9517681600,19423840000,26.4338,
600550.SH,保变电气,2008-10-15,15.0499,15.3682,14.8317,15.15,5972887,1.0436,9534851200,19458880000,26.4815,
600550.SH,保变电气,2008-10-16,14.4952,14.9135,14.0406,14.0769,8720601,1.5237,8859513600,18080640000,24.6058,
600550.SH,保变电气,2008-10-17,14.3679,14.4952,14.0315,14.277,5091792,0.8897,8985424000,18337600000,24.9555,
600550.SH,保变电气,2008-10-20,14.4498,15.0954,14.1861,14.9044,5431697,0.9491,9380324800,19143520000,26.0523,
600550.SH,保变电气,2008-10-21,14.9044,14.9044,14.9044,14.9044,--,--,9380324800,19143520000,26.0523,
600550.SH,保变电气,2008-10-22,14.5953,15.059,14.468,14.7953,7207584,1.2594,9311646400,19003360000,25.8615,
600550.SH,保变电气,2008-10-23,14.4134,15.0318,14.2042,14.9954,6890650,1.204,9437556800,19260320000,20.9833,
600550.SH,保变电气,2008-10-24,15.0681,15.441,14.568,14.7953,7628098,1.3328,9311646400,19003360000,20.7034,
600550.SH,保变电气,2008-10-27,14.5225,14.5225,13.3131,13.3131,10453163,1.8265,8378764800,17099520000,18.6292,
600550.SH,保变电气,2008-10-28,12.7311,13.5131,12.3219,13.3131,16352210,2.8572,8378764800,17099520000,18.6292,
600550.SH,保变电气,2008-10-29,13.5404,13.595,12.4128,12.431,10765653,1.8811,7823614400,15966560000,17.3949,
600550.SH,保变电气,2008-10-30,12.5492,13.2585,12.4219,12.7674,9679416,1.6913,8035372800,16398720000,17.8657,
600550.SH,保变电气,2008-10-31,12.9039,12.9948,12.4401,12.5765,6693884,1.1696,7915185600,16153440000,17.5985,
600550.SH,保变电气,2008-11-03,12.3491,12.822,12.3491,12.5401,5844126,1.0211,7892292800,16106720000,17.5476,
600550.SH,保变电气,2008-11-04,12.531,12.6856,11.6398,11.658,9295547,1.6242,7337142400,14973760000,16.3133,
600550.SH,保变电气,2008-11-05,11.9126,12.5037,11.9126,12.1945,9641128,1.6846,7674811200,15662880000,17.064,
600550.SH,保变电气,2008-11-06,11.8035,11.8854,11.5034,11.7399,6874411,1.2011,7388651200,15078880000,16.4278,
600550.SH,保变电气,2008-11-07,11.4125,12.0491,11.2761,12.0036,7264853,1.2694,7554624000,15417600000,16.7968,
600550.SH,保变电气,2008-11-10,12.4583,13.2039,12.2946,13.2039,20056360,3.5044,8310086400,16959360000,18.4765,
600550.SH,保变电气,2008-11-11,13.2676,14.2497,13.113,13.4586,23699972,4.141,8470336000,17286400000,18.8328,
600550.SH,保变电气,2008-11-12,13.1858,14.2315,13.1039,14.1861,14723080,2.5725,8928192000,18220800000,19.8508,
600550.SH,保变电气,2008-11-13,13.8223,15.4228,13.7405,15.1045,26401833,4.6131,9506235200,19400480000,21.136,
600550.SH,保变电气,2008-11-14,15.641,15.6774,15.0499,15.5137,27057636,4.7277,9763779200,19926080000,21.7086,
600550.SH,保变电气,2008-11-17,15.7956,17.0687,15.7774,17.0687,30819130,5.3849,10742446400,21923360000,23.8846,
600550.SH,保变电气,2008-11-18,17.2597,18.0054,15.4592,15.8684,43937750,7.6771,9986984000,20381600000,22.2049,
600550.SH,保变电气,2008-11-19,15.9229,17.4598,15.9229,17.4598,31775800,5.5521,10988544000,22425600000,24.4317,
600550.SH,保变电气,2008-11-20,17.6416,18.9238,17.287,17.9417,44025503,7.6925,11291873600,23044640000,25.1062,
600550.SH,保变电气,2008-11-21,17.0869,18.3237,16.2776,17.4598,37498374,6.552,10988544000,22425600000,24.4317,
600550.SH,保变电气,2008-11-24,17.1688,17.4325,15.9138,16.0775,24680419,4.3123,10118617600,20650240000,22.4976,
600550.SH,保变电气,2008-11-25,16.6413,16.9596,15.5228,16.2321,20665020,3.6107,10215912000,20848800000,22.7139,
600550.SH,保变电气,2008-11-26,16.1412,16.7868,15.732,16.4686,14399286,2.516,10364715200,21152480000,23.0447,
600550.SH,保变电气,2008-11-27,17.8235,17.8235,16.4413,16.4776,25375417,4.4338,10370438400,21164160000,23.0575,
600550.SH,保变电气,2008-11-28,16.1867,16.9141,16.0139,16.4595,16459941,2.876,10358992000,21140800000,23.032,
600550.SH,保变电气,2008-12-01,16.3049,17.3688,16.1594,17.3506,20442662,3.5719,10919865600,22285440000,24.279,
600550.SH,保变电气,2008-12-02,16.8232,18.3509,16.7414,17.8053,27916046,4.8777,11206025600,22869440000,24.9153,
600550.SH,保变电气,2008-12-03,18.1872,18.9693,18.1782,18.451,24983490,4.3653,11612372800,23698720000,25.8188,
600550.SH,保变电气,2008-12-04,18.742,19.0693,18.2327,18.5419,28921261,5.0533,11669604800,23815520000,25.946,
600550.SH,保变电气,2008-12-05,18.5601,18.8875,18.2145,18.7511,17520722,3.0614,11801238400,24084160000,26.2387,
600550.SH,保变电气,2008-12-08,19.0966,19.6968,18.8238,19.2967,23777959,4.1547,12144630400,24784960000,27.0022,
600550.SH,保变电气,2008-12-09,19.5422,19.815,18.4873,19.5877,31489995,5.5022,12327772800,25158720000,27.4094,
600550.SH,保变电气,2008-12-10,19.1875,21.5428,19.0966,21.5428,45616573,7.9705,13558260800,27669920000,30.1452,
600550.SH,保变电气,2008-12-11,21.5519,21.5974,19.9423,20.2242,35090655,6.1313,12728396800,25976320000,28.3001,
600550.SH,保变电气,2008-12-12,20.0969,20.2333,18.3964,18.8966,25966120,4.537,11892809600,24271040000,26.4423,
600550.SH,保变电气,2008-12-15,19.1421,19.4967,18.4146,18.9329,16747537,2.9263,11915702400,24317760000,26.4932,
600550.SH,保变电气,2008-12-16,18.7329,19.4604,18.2782,19.3785,13123483,2.293,12196139200,24890080000,27.1167,
600550.SH,保变电气,2008-12-17,19.5058,20.2333,19.4422,19.5422,19845286,3.4675,12299156800,25100320000,27.3457,
600550.SH,保变电气,2008-12-18,19.524,19.8241,19.0057,19.7241,13614494,2.3788,12413620800,25333920000,27.6002,
600550.SH,保变电气,2008-12-19,19.6331,20.0969,19.5513,19.8605,13242806,2.3139,12499468800,25509120000,27.7911,
600550.SH,保变电气,2008-12-22,19.6968,19.8605,18.8511,19.133,14438561,2.5228,12041612800,24574720000,26.7731,
600550.SH,保变电气,2008-12-23,19.133,19.133,19.133,19.133,--,--,12041612800,24574720000,26.7731,
600550.SH,保变电气,2008-12-24,17.7417,18.4601,17.6416,17.8144,20849838,3.643,11211748800,22881120000,24.928,
600550.SH,保变电气,2008-12-25,17.869,18.1691,17.6416,17.7508,11189302,1.9551,11171686400,22799360000,24.8389,
600550.SH,保变电气,2008-12-26,17.8417,18.26,17.7326,17.9053,9655615,1.6871,11268980800,22997920000,25.0553,
600550.SH,保变电气,2008-12-29,18.0145,18.0599,17.0415,17.6143,10114661,1.7673,11085838400,22624160000,24.6481,
600550.SH,保变电气,2008-12-30,18.0508,18.551,17.8417,17.9963,15929872,2.7834,11326212800,23114720000,24.5379,
600550.SH,保变电气,2008-12-31,18.1872,18.6601,18.0054,18.3418,15304516,2.6741,11543694400,23558560000,25.0091,
600550.SH,保变电气,2009-01-05,18.7965,19.8241,18.3873,19.7514,18375525,3.2107,12430790400,25368960000,26.931,
600550.SH,保变电气,2009-01-06,19.4604,20.1515,19.324,19.8423,20293438,3.5458,12488022400,25485760000,27.0549,
600550.SH,保变电气,2009-01-07,19.8787,20.5334,19.6513,19.9605,16979282,2.9667,12562424000,25637600000,27.2161,
600550.SH,保变电气,2009-01-08,19.4149,19.7059,18.6146,18.742,17386141,3.0378,11795515200,24072480000,25.5546,
600550.SH,保变电气,2009-01-09,18.7511,19.424,18.7511,19.1875,10260583,1.7928,12075952000,24644800000,26.1622,
600550.SH,保变电气,2009-01-12,19.1239,19.5695,18.8966,19.1875,14433448,2.5219,12075952000,24644800000,26.1622,
600550.SH,保变电气,2009-01-13,18.9147,19.6059,18.742,18.9238,9780619,1.7089,11909979200,24306080000,25.8026,
600550.SH,保变电气,2009-01-14,18.8875,20.3333,18.8875,20.1788,22468853,3.9259,12699780800,25917920000,27.5137,
600550.SH,保变电气,2009-01-15,19.8059,21.2063,19.7786,20.8153,25429799,4.4433,13100404800,26735520000,28.3817,
600550.SH,保变电气,2009-01-16,20.9244,21.4428,20.5971,20.6243,21675140,3.7872,12980217600,26490240000,28.1213,
600550.SH,保变电气,2009-01-19,20.7517,21.3336,20.6425,20.9335,15365508,2.6848,13174806400,26887360000,28.5428,
600550.SH,保变电气,2009-01-20,20.7698,21.6883,20.7698,21.6701,18933515,3.3082,13638385600,27833440000,29.5472,
600550.SH,保变电气,2009-01-21,21.4337,22.0702,21.0608,21.3336,18775108,3.2805,13426627200,27401280000,29.0884,
600550.SH,保变电气,2009-01-22,21.6428,22.1521,21.4973,21.9065,14948214,2.6119,13787188800,28137120000,29.8696,
600550.SH,保变电气,2009-01-23,21.9156,22.2703,21.7338,21.8338,11322452,1.9783,13741403200,28043680000,29.7704,
600550.SH,保变电气,2009-02-02,21.8702,22.0975,21.4428,21.6428,10107891,1.7661,13621216000,27798400000,29.51,
600550.SH,保变电气,2009-02-03,21.6428,22.2066,21.47,22.1066,10075283,1.7604,13913099200,28394080000,30.1423,
600550.SH,保变电气,2009-02-04,22.2794,23.0251,22.2794,22.4976,11874792,2.0749,14159196800,28896320000,30.6755,
600550.SH,保变电气,2009-02-05,22.4613,22.7886,21.461,21.9793,16840097,2.9424,13832974400,28230560000,29.9687,
600550.SH,保变电气,2009-02-06,21.8974,22.4158,21.8247,22.4067,18676679,3.2633,14101964800,28779520000,30.5515,
600550.SH,保变电气,2009-02-09,22.5522,23.8071,22.1884,23.6252,26554908,4.6399,14868873600,30344640000,32.213,
600550.SH,保变电气,2009-02-10,23.1887,23.7344,22.7977,23.6343,17397200,3.0398,14874596800,30356320000,32.2254,
600550.SH,保变电气,2009-02-11,23.1887,24.28,23.0069,23.5434,18882803,3.2993,14817364800,30239520000,32.1014,
600550.SH,保变电气,2009-02-12,23.507,24.1436,22.6431,23.7616,15383275,2.6879,14954721600,30519840000,32.399,
600550.SH,保变电气,2009-02-13,24.571,25.444,24.0981,24.4709,28187308,4.9251,15401131200,31430880000,33.3661,
600550.SH,保变电气,2009-02-16,24.5528,25.1984,24.28,24.7165,17425355,3.0447,15555657600,31746240000,33.7009,
600550.SH,保变电气,2009-02-17,24.6437,24.6437,23.5252,23.5343,20659954,3.6099,14811641600,30227840000,32.089,
600550.SH,保变电气,2009-02-18,22.7795,23.7889,22.6249,22.6522,15588842,2.7238,14256491200,29094880000,30.8863,
600550.SH,保变电气,2009-02-19,23.1615,23.8708,22.5522,23.4161,16927453,2.9577,14737240000,30076000000,31.9278,
600550.SH,保变电气,2009-02-20,23.4616,23.8071,23.2797,23.6525,11547755,2.0177,14886043200,30379680000,32.2502,
600550.SH,保变电气,2009-02-23,23.7344,24.4618,23.2797,24.1799,12352785,2.1584,15217988800,31057120000,32.9693,
600550.SH,保变电气,2009-02-24,23.8162,24.1436,22.8523,23.0523,15089919,2.6366,14508312000,29608800000,31.4318,
600550.SH,保变电气,2009-02-25,23.407,23.4252,22.0793,22.634,13886196,2.4263,14245044800,29071520000,30.8615,
600550.SH,保变电气,2009-02-26,22.6431,22.925,20.3697,20.8335,14344693,2.5064,13111851200,26758880000,28.4065,
600550.SH,保变电气,2009-02-27,20.5516,21.3336,20.4152,20.6334,12711038,2.221,12985940800,26501920000,28.1337,
600550.SH,保变电气,2009-03-02,20.6425,21.0517,19.9696,20.879,13330343,2.3292,13140467200,26817280000,28.4318,
600550.SH,保变电气,2009-03-03,20.3697,20.9881,19.9878,20.5971,11319864,1.9779,12963048000,26455200000,28.0479,
600550.SH,保变电气,2009-03-04,20.8971,21.9065,20.8426,21.8338,17590004,3.0735,13741403200,28043680000,29.732,
600550.SH,保变电气,2009-03-05,22.2703,22.3612,21.461,21.7338,15039761,2.6279,13678448000,27915200000,29.5958,
600550.SH,保变电气,2009-03-06,21.3882,21.5519,20.9881,21.3155,8689803,1.5183,13415180800,27377920000,29.0262,
600550.SH,保变电气,2009-03-09,21.37,22.0975,21.3245,21.4337,11216717,1.9599,13489582400,27529760000,29.1872,
600550.SH,保变电气,2009-03-10,21.0972,21.8429,21.0972,21.8156,7114467,1.2431,13729956800,28020320000,29.7073,
600550.SH,保变电气,2009-03-11,22.2612,22.3521,21.2609,21.3064,7041740,1.2304,13409457600,27366240000,29.0138,
600550.SH,保变电气,2009-03-12,21.2791,21.461,20.3242,20.7971,6802301,1.1885,13088958400,26712160000,28.3204,
600550.SH,保变电气,2009-03-13,21.0063,21.7792,20.7789,20.8881,7972038,1.3929,13146190400,26828960000,28.4442,
600550.SH,保变电气,2009-03-16,20.8153,20.8335,20.0969,20.5698,8592190,1.5013,12945878400,26420160000,28.0108,
600550.SH,保变电气,2009-03-17,20.6425,21.4519,20.3788,21.37,14351035,2.5075,13449520000,27448000000,29.1005,
600550.SH,保变电气,2009-03-18,21.6428,21.9884,21.1881,21.5792,14758812,2.5788,13581153600,27716640000,29.3853,
600550.SH,保变电气,2009-03-19,21.6428,22.0248,21.3518,21.9975,15765276,2.7546,13844420800,28253920000,29.9549,
600550.SH,保变电气,2009-03-20,21.9975,21.9975,21.9975,21.9975,--,--,13844420800,28253920000,29.9549,
600550.SH,保变电气,2009-03-23,22.1975,23.4434,21.6792,23.1615,37727114,6.592,14576990400,29748960000,31.54,
600550.SH,保变电气,2009-03-24,23.2797,23.3433,22.5977,22.7159,21014979,3.6719,14296553600,29176640000,30.9332,
600550.SH,保变电气,2009-03-25,23.307,24.7801,23.2615,23.507,54073404,9.4481,14794472000,30192800000,32.0106,
600550.SH,保变电气,2009-03-26,23.7344,25.8623,23.6616,25.8623,48102916,8.4049,16276780800,33217920000,35.2178,
600550.SH,保变电气,2009-03-27,28.4449,28.4449,28.4449,28.4449,9948818,1.7383,17902169600,36535040000,38.7346,
600550.SH,保变电气,2009-03-30,31.273,31.2912,28.7904,29.0178,86368261,15.0909,18262731200,37270880000,39.5148,
600550.SH,保变电气,2009-03-31,28.654,31.9186,28.4903,31.9186,60239607,10.5255,20088432000,40996800000,43.465,
600550.SH,保变电气,2009-04-01,31.7822,32.3278,30.6455,30.9638,46037837,8.0441,19487496000,39770400000,42.1648,
600550.SH,保变电气,2009-04-02,31.2457,31.955,30.2818,31.2457,35458222,6.1955,19664915200,40132480000,42.5486,
600550.SH,保变电气,2009-04-03,31.0547,31.373,29.8362,30.591,27751751,4.849,19252844800,39291520000,41.6571,
600550.SH,保变电气,2009-04-07,30.4,31.2639,29.4724,30.7001,26057015,4.5529,19321523200,39431680000,41.8057,
600550.SH,保变电气,2009-04-08,30.3,32.3096,29.7998,30.891,39188014,6.8472,19441710400,39676960000,42.0657,
600550.SH,保变电气,2009-04-09,30.5455,33.3554,30.5455,33.1735,40817510,7.1319,20878233600,42608640000,45.1739,
600550.SH,保变电气,2009-04-10,33.6464,36.0653,33.3827,34.7013,41626458,7.2733,21839731200,44570880000,47.2543,
600550.SH,保变电气,2009-04-13,34.7376,35.9198,34.3739,35.0832,29220171,5.1056,22080105600,45061440000,47.7744,
600550.SH,保变电气,2009-04-14,34.8273,35.3483,34.3611,35.0375,15404950,2.6917,21937025600,44769440000,47.4648,
600550.SH,保变电气,2009-04-15,34.7267,36.7926,34.3611,35.7048,22077302,3.8575,22354819200,45622080000,48.3688,
600550.SH,保变电气,2009-04-16,35.1472,36.0704,33.8217,34.1143,20532600,3.5876,21358982400,43589760000,46.2141,
600550.SH,保变电气,2009-04-17,34.0046,34.9095,32.7522,34.1417,22574048,3.9443,21376152000,43624800000,46.2512,
600550.SH,保变电气,2009-04-20,33.8217,34.7358,33.1819,34.2971,16232720,2.8363,21473446400,43823360000,46.4617,
600550.SH,保变电气,2009-04-21,33.9314,35.1929,33.5475,34.9461,16599811,2.9004,21879793600,44652640000,47.3409,
600550.SH,保变电气,2009-04-22,34.8364,35.0649,32.0667,32.5237,22224389,3.8832,20363145600,41557440000,44.0594,
600550.SH,保变电气,2009-04-23,32.2678,33.2641,31.8107,33.127,13568923,2.3709,20740876800,42328320000,44.8767,
600550.SH,保变电气,2009-04-24,32.9076,33.5841,31.9935,33.0173,12096561,2.1136,20672198400,42188160000,44.7281,
600550.SH,保变电气,2009-04-27,32.7705,33.0173,31.5365,31.637,11843526,2.0694,19807995200,40424480000,45.6711,
600550.SH,保变电气,2009-04-28,31.308,32.2678,31.308,31.7833,9772521,1.7075,19899566400,40611360000,45.8823,
600550.SH,保变电气,2009-04-29,31.5365,33.5292,31.5365,33.1087,12255673,2.1414,20729430400,42304960000,47.7957,
600550.SH,保变电气,2009-04-30,33.1819,34.4433,33.1819,34.2514,12066959,2.1084,21444830400,43764960000,49.4452,
600550.SH,保变电气,2009-05-04,34.3702,35.0832,33.84,34.7633,11593424,2.0257,21765329600,44419040000,50.1841,
600550.SH,保变电气,2009-05-05,35.0649,37.2039,35.0649,36.6463,24089750,4.2091,22944308800,46825120000,52.9025,
600550.SH,保变电气,2009-05-06,36.5183,37.6884,35.8328,37.3227,21425396,3.7436,23367825600,47689440000,53.879,
600550.SH,保变电气,2009-05-07,37.341,38.2369,35.4854,36.3904,22939997,4.0082,22784059200,46498080000,52.533,
600550.SH,保变电气,2009-05-08,35.6956,36.107,34.7358,35.2934,12196699,2.1311,22097275200,45096480000,50.9495,
600550.SH,保变电气,2009-05-11,35.202,35.5403,33.3647,33.4652,15475543,2.704,20952635200,42760480000,48.3103,
600550.SH,保变电气,2009-05-12,33.6846,34.7084,33.4561,34.5073,8287090,1.448,21605080000,44092000000,49.8146,
600550.SH,保变电气,2009-05-13,34.7084,34.9827,34.0868,34.1508,9935695,1.736,21381875200,43636480000,49.3,
600550.SH,保变电气,2009-05-14,33.712,34.7358,33.4744,34.2605,8714601,1.5227,21450553600,43776640000,49.4583,
600550.SH,保变电气,2009-05-15,34.3245,34.5165,33.6481,34.2788,7464316,1.3042,21462000000,43800000000,49.4847,
600550.SH,保变电气,2009-05-18,34.032,34.9369,33.6024,34.8181,8474744,1.4808,21799668800,44489120000,50.2633,
600550.SH,保变电气,2009-05-19,35.0101,35.6956,34.553,35.2934,14466080,2.5276,22097275200,45096480000,50.9495,
600550.SH,保变电气,2009-05-20,35.5585,35.8328,34.7907,35.1563,13546204,2.3669,22011427200,44921280000,50.7515,
600550.SH,保变电气,2009-05-21,35.1929,35.6408,34.1874,34.2971,9118171,1.5932,21473446400,43823360000,49.5111,
600550.SH,保变电气,2009-05-22,34.9461,35.5494,34.5439,34.7176,17475931,3.0535,21736713600,44360640000,50.1181,
600550.SH,保变电气,2009-05-25,33.9132,35.6956,33.5109,35.4214,14134154,2.4696,22177400000,45260000000,51.1342,
600550.SH,保变电气,2009-05-26,35.6225,38.2734,35.4671,36.3629,28580791,4.9938,22766889600,46463040000,52.4934,
600550.SH,保变电气,2009-05-27,37.012,37.0302,35.4763,36.0704,11353435,1.9838,22583747200,46089280000,52.0711,
600550.SH,保变电气,2009-06-01,36.628,36.884,35.8419,36.3995,12942911,2.2615,22789782400,46509760000,52.5462,
600550.SH,保变电气,2009-06-02,36.4086,37.5878,36.4086,36.564,15250442,2.6647,22892800000,46720000000,52.7837,
600550.SH,保变电气,2009-06-03,36.4269,36.692,34.8821,36.0156,19093079,3.3361,22549408000,46019200000,51.992,
600550.SH,保变电气,2009-06-04,35.5585,35.5585,34.553,34.6444,22439455,3.9208,21690928000,44267200000,50.0126,
600550.SH,保变电气,2009-06-05,34.7815,34.9187,33.4561,33.5567,39622167,6.9231,21009867200,42877280000,48.4423,
600550.SH,保变电气,2009-06-08,33.8217,33.9132,32.4323,32.7248,31648160,5.5298,20489056000,41814400000,47.2414,
600550.SH,保变电气,2009-06-09,32.7248,33.7029,32.542,33.6298,17971405,3.1401,21055652800,42970720000,48.5478,
600550.SH,保变电气,2009-06-10,33.6663,33.712,32.8162,33.0173,17912371,3.1298,20672198400,42188160000,47.6637,
600550.SH,保变电气,2009-06-11,33.0448,34.0046,33.0448,33.2824,14844985,2.5938,20838171200,42526880000,48.0464,
600550.SH,保变电气,2009-06-12,33.2824,33.2824,33.2824,33.2824,--,--,20838171200,42526880000,48.0464,
600550.SH,保变电气,2009-06-15,32.542,32.9076,32.2861,32.7065,11338985,1.9812,20477609600,41791040000,47.215,
600550.SH,保变电气,2009-06-16,32.4963,32.6517,31.7193,31.9113,16618050,2.9036,19979691200,40774880000,46.067,
600550.SH,保变电气,2009-06-17,32.1855,32.2221,30.8875,31.4725,23887746,4.1738,19704977600,40214240000,45.4336,
600550.SH,保变电气,2009-06-18,31.7924,32.9076,31.5548,32.6883,21151709,3.6958,20466163200,41767680000,47.1886,
600550.SH,保变电气,2009-06-19,32.7979,32.7979,31.5639,31.7467,18786439,3.2825,19876673600,40564640000,45.8295,
600550.SH,保变电气,2009-06-22,31.8747,31.9935,30.9149,30.9515,19539242,3.414,19378755200,39548480000,44.6814,
600550.SH,保变电气,2009-06-23,30.4396,31.6188,30.339,31.1617,19275506,3.368,19510388800,39817120000,44.9849,
600550.SH,保变电气,2009-06-24,31.0063,32.1307,30.8509,32.0575,18595067,3.2491,20071262400,40961760000,46.2781,
600550.SH,保变电气,2009-06-25,32.0758,32.8711,31.6096,31.8564,15038530,2.6276,19945352000,40704800000,45.9878,
600550.SH,保变电气,2009-06-26,32.1855,33.1362,31.9021,32.6883,24864005,4.3444,20466163200,41767680000,47.1886,
600550.SH,保变电气,2009-06-29,32.8619,33.3647,32.4049,33.0813,22269564,3.8911,20712260800,42269920000,47.7561,
600550.SH,保变电气,2009-06-30,33.319,33.3373,32.3592,32.6151,15192731,2.6546,20420377600,41674240000,47.0831,
600550.SH,保变电气,2009-07-01,32.542,32.6334,31.637,32.2038,17557297,3.0677,20162833600,41148640000,46.4893,
600550.SH,保变电气,2009-07-02,32.1581,33.0448,31.9113,32.7797,19038482,3.3265,20523395200,41884480000,47.3206,
600550.SH,保变电气,2009-07-03,32.5237,32.7705,31.9935,32.1581,13316875,2.3268,20134217600,41090240000,46.4233,
600550.SH,保变电气,2009-07-06,31.9935,32.4049,30.988,31.1708,25989516,4.5411,19516112000,39828800000,44.9981,
600550.SH,保变电气,2009-07-07,31.1526,31.9296,31.0886,31.3171,16137719,2.8197,19607683200,40015680000,45.2093,
600550.SH,保变电气,2009-07-08,31.0977,32.3592,31.0794,32.3135,16901836,2.9532,20231512000,41288800000,46.6476,
600550.SH,保变电气,2009-07-09,32.3592,33.8035,31.8838,33.6024,40925567,7.1508,21038483200,42935680000,48.5082,
600550.SH,保变电气,2009-07-10,33.5292,33.5292,32.734,32.9168,21473560,3.752,20609243200,42059680000,47.5185,
600550.SH,保变电气,2009-07-13,32.9076,34.6353,32.8162,34.2879,36429998,6.3653,21467723200,43811680000,49.4979,
600550.SH,保变电气,2009-07-14,34.5987,34.9187,33.8126,34.3428,22833704,3.9897,21502062400,43881760000,49.5771,
600550.SH,保变电气,2009-07-15,34.8273,34.9187,33.8492,34.1051,23526031,4.1106,21353259200,43578080000,49.234,
600550.SH,保变电气,2009-07-16,34.1051,34.6444,33.3647,33.383,23176232,4.0495,20901126400,42655360000,48.1915,
600550.SH,保变电气,2009-07-17,33.383,35.1838,33.1362,35.0009,41181258,7.1955,21914132800,44722720000,50.5272,
600550.SH,保变电气,2009-07-20,35.1015,35.8053,34.553,35.266,30910142,5.4008,22080105600,45061440000,50.9099,
600550.SH,保变电气,2009-07-21,35.3757,35.4031,33.8492,33.8857,23717127,4.144,21215902400,43297760000,48.9173,
600550.SH,保变电气,2009-07-22,35.4671,36.4726,34.096,34.5987,38923721,6.801,21662312000,44208800000,49.9466,
600550.SH,保变电气,2009-07-23,34.8273,35.5128,34.1874,34.9187,29561853,5.1653,21862624000,44617600000,50.4085,
600550.SH,保变电气,2009-07-24,35.4488,35.4488,33.6389,33.9497,22269472,3.8911,21255964800,43379520000,49.0097,
600550.SH,保变电气,2009-07-27,34.3611,34.5987,33.6846,34.3428,19309121,3.3738,21502062400,43881760000,49.5771,
600550.SH,保变电气,2009-07-28,34.4433,37.469,34.4433,36.4726,51896806,9.0678,22835568000,46603200000,52.6518,
600550.SH,保变电气,2009-07-29,36.564,36.9205,32.8254,33.7303,44435649,7.7641,21118608000,43099200000,48.0656,
600550.SH,保变电气,2009-07-30,34.2788,34.6444,32.9076,33.6389,21366418,3.7333,21061376000,42982400000,47.9353,
600550.SH,保变电气,2009-07-31,34.16,34.7358,33.776,34.4525,18814579,3.2874,21570740800,44021920000,49.0946,
600550.SH,保变电气,2009-08-03,34.9827,34.9827,34.0503,34.6627,21179691,3.7007,21702374400,44290560000,49.3942,
600550.SH,保变电气,2009-08-04,34.873,36.3629,34.3519,35.522,36289860,6.3408,22240355200,45388480000,50.6186,
600550.SH,保变电气,2009-08-05,35.5585,36.7286,35.1929,35.8602,31550487,5.5127,22452113600,45820640000,51.1006,
600550.SH,保变电气,2009-08-06,36.0156,39.4435,35.5585,38.2734,74222549,12.9687,23963038400,48904160000,54.5394,
600550.SH,保变电气,2009-08-07,38.0175,38.0175,35.2934,35.6591,47441543,8.2893,22326203200,45563680000,50.814,
600550.SH,保变电气,2009-08-10,36.1893,36.4544,34.2239,35.0923,21935011,3.8326,21971364800,44839520000,50.0064,
600550.SH,保变电气,2009-08-11,35.4214,36.0613,34.9552,35.1746,13917411,2.4318,22022873600,44944640000,50.1237,
600550.SH,保变电气,2009-08-12,35.0375,35.0375,32.4506,32.5694,30884947,5.3964,20391761600,41615840000,46.4113,
600550.SH,保变电气,2009-08-13,32.8894,33.0448,31.8107,32.2952,15455825,2.7006,20220065600,41265440000,46.0205,
600550.SH,保变电气,2009-08-14,32.3135,32.8528,31.0794,31.1708,17679845,3.0892,19516112000,39828800000,44.4183,
600550.SH,保变电气,2009-08-17,30.6864,30.6864,28.0538,28.2092,23777525,4.1546,17661795200,36044480000,40.1979,
600550.SH,保变电气,2009-08-18,28.3646,29.2055,27.7795,28.8673,14057442,2.4562,18073865600,36885440000,41.1358,
600550.SH,保变电气,2009-08-19,28.8856,29.5346,27.2585,27.5327,17660547,3.0858,17238278400,35180160000,39.234,
600550.SH,保变电气,2009-08-20,27.7064,28.913,27.7064,28.8856,17766469,3.1043,18085312000,36908800000,41.1618,
600550.SH,保变电气,2009-08-21,28.977,29.4341,28.5931,29.1964,14900453,2.6035,18279900800,37305920000,41.6047,
600550.SH,保变电气,2009-08-24,29.4158,29.6169,28.6114,29.5255,16774771,2.931,18485936000,37726400000,42.0737,
600550.SH,保变电气,2009-08-25,29.4798,29.4798,27.3316,28.2183,16544169,2.8907,17667518400,36056160000,40.211,
600550.SH,保变电气,2009-08-26,28.072,30.9972,27.7704,30.1928,26531256,4.6357,18903729600,38579040000,43.0246,
600550.SH,保变电气,2009-08-27,29.8363,30.6224,29.5712,30.1836,18474061,3.2279,18898006400,38567360000,43.0115,
600550.SH,保变电气,2009-08-28,29.8911,30.7138,28.9679,30.2385,17519207,3.0611,18932345600,38637440000,43.0897,
600550.SH,保变电气,2009-08-31,29.6626,30.6132,28.3554,28.5108,17647332,3.0835,17850660800,36429920000,40.6278,
600550.SH,保变电气,2009-09-01,28.5108,29.1507,27.6881,27.8344,11279125,1.9708,17427144000,35565600000,39.6639,
600550.SH,保变电气,2009-09-02,27.8344,28.1817,27.0574,27.3865,9517331,1.6629,17146707200,34993280000,39.0256,
600550.SH,保变电气,2009-09-03,27.1031,28.8399,27.1031,28.6754,12497053,2.1836,17953678400,36640160000,40.8623,
600550.SH,保变电气,2009-09-04,28.6754,30.0556,28.3371,29.4066,16068636,2.8076,18411534400,37574560000,41.9043,
600550.SH,保变电气,2009-09-07,29.7083,30.4396,29.2147,29.5346,15432936,2.6966,18491659200,37738080000,42.0867,
600550.SH,保变电气,2009-09-08,29.9917,30.4396,29.8911,30.0922,16189696,2.8288,18840774400,38450560000,42.8813,
600550.SH,保变电气,2009-09-09,30.531,30.9697,30.0191,30.8966,17812947,3.1124,19344416000,39478400000,44.0275,
600550.SH,保变电气,2009-09-10,31.0794,31.0794,29.7723,29.8545,13283665,2.321,18691971200,38146880000,42.5426,
600550.SH,保变电气,2009-09-11,29.4341,30.1653,29.4341,29.9917,11566575,2.021,18777819200,38322080000,42.738,
600550.SH,保变电气,2009-09-14,29.9917,30.7686,29.7083,30.4944,13106500,2.2901,19092595200,38964480000,43.4544,
600550.SH,保变电气,2009-09-15,30.7778,31.2897,30.3664,30.9423,15113500,2.6407,19373032000,39536800000,44.0927,
600550.SH,保变电气,2009-09-16,30.9515,30.9515,29.8911,30.3207,11507768,2.0107,18983854400,38742560000,43.2069,
600550.SH,保变电气,2009-09-17,30.5584,32.3409,30.3482,31.6736,28543606,4.9874,19830888000,40471200000,45.1347,
600550.SH,保变电气,2009-09-18,31.9021,32.2861,31.0794,31.2257,21169343,3.6989,19550451200,39898880000,44.4965,
600550.SH,保变电气,2009-09-21,30.8509,33.063,29.946,32.7979,21932154,3.8321,20534841600,41907840000,46.7369,
600550.SH,保变电气,2009-09-22,32.6791,33.3281,31.8107,31.8747,19112702,3.3395,19956798400,40728160000,45.4213,
600550.SH,保变电气,2009-09-23,32.0484,32.8711,30.403,30.8509,13692486,2.3925,19315800000,39420000000,43.9624,
600550.SH,保变电气,2009-09-24,30.531,30.7961,29.0776,29.8728,10997767,1.9216,18703417600,38170240000,42.5686,
600550.SH,保变电气,2009-09-25,29.7906,30.339,29.0958,29.6809,7929656,1.3855,18583230400,37924960000,42.2951,
600550.SH,保变电气,2009-09-28,29.9825,30.2659,28.6114,28.8216,6234187,1.0893,18045249600,36827040000,41.0707,
600550.SH,保变电气,2009-09-29,28.8216,29.233,28.3554,28.8673,6582538,1.1501,18073865600,36885440000,41.1358,
600550.SH,保变电气,2009-09-30,28.9953,29.7266,28.6845,28.7668,5393228,0.9423,18010910400,36756960000,40.9925,
600550.SH,保变电气,2009-10-09,29.1141,30.1379,29.1141,30.0648,7127586,1.2454,18823604800,38415520000,42.8422,
600550.SH,保变电气,2009-10-12,30.2659,30.2659,29.6077,30.0191,7637354,1.3345,18794988800,38357120000,42.7771,
600550.SH,保变电气,2009-10-13,29.9094,30.1471,29.7174,30.1288,7625698,1.3324,18863667200,38497280000,42.9334,
600550.SH,保变电气,2009-10-14,30.275,30.7961,30.1379,30.2933,9608778,1.6789,18966684800,38707520000,43.1678,
600550.SH,保变电气,2009-10-15,30.5127,30.7412,29.8637,29.9368,8758048,1.5303,18743480000,38252000000,42.6598,
600550.SH,保变电气,2009-10-16,30.0191,30.1471,29.5437,29.7814,6383924,1.1154,18646185600,38053440000,42.4384,
600550.SH,保变电气,2009-10-19,29.946,30.9332,29.7174,30.7229,10283361,1.7968,19235675200,39256480000,43.7801,
600550.SH,保变电气,2009-10-20,31.0612,32.2678,31.0337,31.3994,16088976,2.8112,19659192000,40120800000,44.744,
600550.SH,保变电气,2009-10-21,31.5639,31.5639,30.5401,30.7869,16441996,2.8729,19275737600,39338240000,43.8712,
600550.SH,保变电气,2009-10-22,30.531,31.3262,30.4396,31.0063,10782022,1.8839,19413094400,39618560000,44.1839,
600550.SH,保变电气,2009-10-23,31.0794,31.5365,30.8783,31.1891,12737965,2.2257,19527558400,39852160000,44.4444,
600550.SH,保变电气,2009-10-26,31.2074,31.5365,30.8692,30.988,9244547,1.6153,19401648000,39595200000,44.1578,
600550.SH,保变电气,2009-10-27,30.9697,30.9697,29.4798,29.5072,11309193,1.976,18474489600,37703040000,42.0476,
600550.SH,保变电气,2009-10-28,28.8307,29.498,28.52,29.4158,18081726,3.1594,18417257600,37586240000,52.1529,
600550.SH,保变电气,2009-10-29,28.7028,28.977,28.1178,28.1817,11927271,2.084,17644625600,36009440000,49.965,
600550.SH,保变电气,2009-10-30,28.6114,28.7028,28.1269,28.2092,13996586,2.4456,17661795200,36044480000,50.0136,
600550.SH,保变电气,2009-11-02,28.0446,28.8125,27.423,28.7942,16124104,2.8173,18028080000,36792000000,51.0508,
600550.SH,保变电气,2009-11-03,28.8947,29.8363,28.7759,29.5437,18583561,3.2471,18497382400,37749760000,52.3798,
600550.SH,保变电气,2009-11-04,30.0282,30.1471,29.5803,29.9277,17788538,3.1081,18737756800,38240320000,53.0604,
600550.SH,保变电气,2009-11-05,29.946,30.0648,29.6626,29.8454,14193487,2.48,18686248000,38135200000,52.9146,
600550.SH,保变电气,2009-11-06,30.0465,30.8509,29.9825,30.3207,18482047,3.2293,18983854400,38742560000,53.7573,
600550.SH,保变电气,2009-11-09,30.3482,31.5091,30.3207,30.8966,20836212,3.6407,19344416000,39478400000,54.7783,
600550.SH,保变电气,2009-11-10,31.0794,31.244,30.4396,30.5036,14031166,2.4516,19098318400,38976160000,54.0814,
600550.SH,保变电气,2009-11-11,30.5127,30.7138,29.8637,30.1105,15603928,2.7264,18852220800,38473920000,53.3846,
600550.SH,保变电气,2009-11-12,30.1105,30.1105,30.1105,30.1105,--,--,18852220800,38473920000,53.3846,
600550.SH,保变电气,2009-11-13,30.1745,30.9332,29.8454,30.6864,16793351,2.9343,19212782400,39209760000,54.4056,
600550.SH,保变电气,2009-11-16,31.1891,31.4542,30.7321,31.1708,26300747,4.5955,19516112000,39828800000,55.2645,
600550.SH,保变电气,2009-11-17,31.4908,31.8199,30.8966,31.5548,25734620,4.4965,19756486400,40319360000,55.9452,
600550.SH,保变电气,2009-11-18,31.5182,31.5182,30.7869,30.9423,21870199,3.8213,19373032000,39536800000,54.8594,
600550.SH,保变电气,2009-11-19,30.9515,31.4908,30.8143,31.2897,17357396,3.0328,19590513600,39980640000,55.4752,
600550.SH,保变电气,2009-11-20,31.4451,31.9661,31.4085,31.5365,22916172,4.0041,19745040000,40296000000,55.9128,
600550.SH,保变电气,2009-11-23,31.9021,32.1124,31.5365,31.9935,20509084,3.5835,20031200000,40880000000,56.7231,
600550.SH,保变电气,2009-11-24,32.5146,32.9351,30.5401,30.6498,35368251,6.1798,19189889600,39163040000,54.3408,
600550.SH,保变电气,2009-11-25,30.531,31.0794,30.1745,31.0246,15614080,2.7282,19424540800,39641920000,55.0052,
600550.SH,保变电气,2009-11-26,31.0794,31.308,29.4341,30.1196,25574073,4.4685,18857944000,38485600000,53.4008,
600550.SH,保变电气,2009-11-27,30.6955,30.8966,29.7631,30.2659,22431494,3.9194,18949515200,38672480000,53.6601,
600550.SH,保变电气,2009-11-30,30.2659,30.2659,30.2659,30.2659,--,--,18949515200,38672480000,53.6601,
600550.SH,保变电气,2009-12-01,31.9935,32.1672,31.1891,31.765,37641217,6.577,19888120000,40588000000,56.318,
600550.SH,保变电气,2009-12-02,31.765,31.9661,31.3537,31.8564,21105402,3.6877,19945352000,40704800000,56.48,
600550.SH,保变电气,2009-12-03,31.8564,32.9076,31.4451,32.4597,35402009,6.1857,20323083200,41475680000,57.5497,
600550.SH,保变电气,2009-12-04,32.4506,32.8985,31.1434,31.7559,26005625,4.5439,19882396800,40576320000,56.3018,
600550.SH,保变电气,2009-12-07,31.829,32.5146,31.7742,31.893,13630465,2.3816,19968244800,40751520000,56.5448,
600550.SH,保变电气,2009-12-08,32.0484,32.2495,31.308,31.4908,13712293,2.3959,19716424000,40237600000,55.8318,
600550.SH,保变电气,2009-12-09,31.0977,31.5182,30.6224,30.6864,11656805,2.0368,19212782400,39209760000,54.4056,
600550.SH,保变电气,2009-12-10,30.7686,31.0612,30.4304,30.8601,8972858,1.5678,19321523200,39431680000,54.7135,
600550.SH,保变电气,2009-12-11,30.8509,31.0337,30.531,30.7778,10728313,1.8745,19270014400,39326560000,54.5676,
600550.SH,保变电气,2009-12-14,30.7504,30.7778,29.7083,30.2019,11957935,2.0894,18909452800,38590720000,53.5466,
600550.SH,保变电气,2009-12-15,30.2842,30.5036,29.9917,30.0374,10664535,1.8634,18806435200,38380480000,53.2549,
600550.SH,保变电气,2009-12-16,30.1196,30.3207,29.7997,29.9277,8953576,1.5644,18737756800,38240320000,53.0604,
600550.SH,保变电气,2009-12-17,29.9551,30.3299,29.7357,29.7449,9840533,1.7194,18623292800,38006720000,52.7363,
600550.SH,保变电气,2009-12-18,29.754,30.0282,28.3371,28.5291,14610993,2.5529,17862107200,36453280000,50.5808,
600550.SH,保变电气,2009-12-21,28.5291,28.977,28.3006,28.8216,7426678,1.2976,18045249600,36827040000,51.0994,
600550.SH,保变电气,2009-12-22,28.9313,29.0319,27.4962,27.5693,9302526,1.6254,17261171200,35226880000,48.8791,
600550.SH,保变电气,2009-12-23,27.6059,27.9624,27.423,27.6973,8296794,1.4497,17341296000,35390400000,49.106,
600550.SH,保变电气,2009-12-24,27.8801,28.5565,27.7521,28.5291,10187507,1.78,17862107200,36453280000,50.5808,
600550.SH,保变电气,2009-12-25,28.7485,28.7485,28.1635,28.2457,8818983,1.5409,17684688000,36091200000,50.0784,
600550.SH,保变电气,2009-12-28,28.4925,28.6936,28.2457,28.5108,11945895,2.0873,17850660800,36429920000,50.5484,
600550.SH,保变电气,2009-12-29,28.5108,28.5108,27.9075,28.264,10629713,1.8573,17696134400,36114560000,50.1108,
600550.SH,保变电气,2009-12-30,28.4103,28.8582,28.0629,28.8307,14729823,2.5737,18050972800,36838720000,51.1156,
600550.SH,保变电气,2009-12-31,28.977,28.977,28.5382,28.8673,9188898,1.6056,18073865600,36885440000,51.1805,
600550.SH,保变电气,2010-01-04,29.0593,29.0593,28.4285,28.4377,11595762,2.0261,17804875200,36336480000,50.4188,
600550.SH,保变电气,2010-01-05,28.4377,28.5474,27.7887,28.328,12377535,2.1627,17736196800,36196320000,50.2243,
600550.SH,保变电气,2010-01-06,28.4377,29.0044,28.3828,28.5474,11963431,2.0903,17873553600,36476640000,50.6132,
600550.SH,保变电气,2010-01-07,28.5474,28.6022,27.8984,28.2092,13235770,2.3127,17661795200,36044480000,50.0136,
600550.SH,保变电气,2010-01-08,28.0446,28.5657,27.8892,28.4468,9697147,1.6944,17810598400,36348160000,50.435,
600550.SH,保变电气,2010-01-11,28.6114,28.8765,28.0629,28.3006,11956332,2.0891,17719027200,36161280000,50.1757,
600550.SH,保变电气,2010-01-12,28.328,28.6022,27.7978,28.5657,13698707,2.3935,17885000000,36500000000,50.6456,
600550.SH,保变电气,2010-01-13,28.0538,28.4743,27.8801,27.9441,11677287,2.0403,17495822400,35705760000,49.5436,
600550.SH,保变电气,2010-01-14,28.1178,28.4651,27.8527,28.3371,9838209,1.719,17741920000,36208000000,50.2405,
600550.SH,保变电气,2010-01-15,28.4925,29.4523,28.4651,29.1781,24767241,4.3275,18268454400,37282560000,51.7315,
600550.SH,保变电气,2010-01-18,29.3335,29.6626,29.0501,29.5803,17231545,3.0108,18520275200,37796480000,52.4446,
600550.SH,保变电气,2010-01-19,29.626,29.7083,29.0958,29.1598,12998241,2.2711,18257008000,37259200000,51.6991,
600550.SH,保变电气,2010-01-20,29.1507,32.0392,28.4743,30.531,40154021,7.016,19115488000,39011200000,54.1301,
600550.SH,保变电气,2010-01-21,30.5767,31.5273,30.0739,30.7138,30978514,5.4128,19229952000,39244800000,54.4542,
600550.SH,保变电气,2010-01-22,30.2567,30.6132,29.0958,29.3884,20653219,3.6087,18400088000,37551200000,52.1042,
600550.SH,保变电气,2010-01-25,29.1141,29.8911,28.4743,28.4834,12401041,2.1668,17833491200,36394880000,50.4998,
600550.SH,保变电气,2010-01-26,28.5657,29.0501,27.4139,27.6241,16227120,2.8353,17295510400,35296960000,48.9764,
600550.SH,保变电气,2010-01-27,27.679,27.8801,27.0757,27.2036,8898146,1.5548,17032243200,34759680000,48.2309,
600550.SH,保变电气,2010-01-28,27.4687,28.3463,27.3316,27.9898,12491946,2.1827,17524438400,35764160000,49.6246,
600550.SH,保变电气,2010-01-29,27.9715,28.8307,27.8801,28.1178,11306126,1.9755,17604563200,35927680000,49.8515,
600550.SH,保变电气,2010-02-01,28.1178,28.1178,27.2402,27.6059,7690943,1.3438,17284064000,35273600000,48.944,
600550.SH,保变电气,2010-02-02,27.6881,27.9806,26.3718,26.5546,14754026,2.5779,16625896000,33930400000,47.0802,
600550.SH,保变电气,2010-02-03,26.4632,26.5546,24.7996,26.3353,16826888,2.9401,16488539200,33650080000,46.6912,
600550.SH,保变电气,2010-02-04,26.317,26.317,25.604,25.8508,11940348,2.0863,16185209600,33031040000,45.8323,
600550.SH,保变电气,2010-02-05,25.1835,25.5674,24.9458,25.3023,12689293,2.2172,15841817600,32330240000,44.8599,
600550.SH,保变电气,2010-02-08,25.3023,25.5034,24.7356,24.8818,6709463,1.1723,15578550400,31792960000,44.1144,
600550.SH,保变电气,2010-02-09,24.9367,25.412,24.7904,25.1286,6507894,1.1371,15733076800,32108320000,44.552,
600550.SH,保变电气,2010-02-10,25.3846,25.3846,25.0007,25.2475,5395797,0.9428,15807478400,32260160000,44.7626,
600550.SH,保变电气,2010-02-11,25.2475,25.7228,25.1469,25.5583,7402119,1.2934,16002067200,32657280000,45.3137,
600550.SH,保变电气,2010-02-12,25.6862,25.7411,25.412,25.604,5882885,1.0279,16030683200,32715680000,45.3947,
600550.SH,保变电气,2010-02-22,25.5765,26.0976,25.5765,25.7868,6348386,1.1092,16145147200,32949280000,45.7188,
600550.SH,保变电气,2010-02-23,25.8691,26.0976,25.6405,26.0793,7675475,1.3411,16328289600,33323040000,46.2374,
600550.SH,保变电气,2010-02-24,26.0793,26.966,25.8691,26.7375,12131344,2.1197,16740360000,34164000000,47.4043,
600550.SH,保变电气,2010-02-25,26.7557,26.966,26.5272,26.7375,11401460,1.9921,16740360000,34164000000,47.4043,
600550.SH,保变电气,2010-02-26,26.7192,27.2402,26.5455,26.8106,8035321,1.404,16786145600,34257440000,47.534,
600550.SH,保变电气,2010-03-01,26.8106,27.0574,26.6918,26.9568,9161946,1.6008,16877716800,34444320000,47.7933,
600550.SH,保变电气,2010-03-02,27.0208,28.0538,26.9568,27.4322,15984824,2.793,17175323200,35051680000,48.636,
600550.SH,保变电气,2010-03-03,27.6516,29.5986,27.423,28.7485,26534640,4.6363,17999464000,36733600000,50.9698,
600550.SH,保变电气,2010-03-04,28.7028,28.7028,27.2311,27.2494,19140594,3.3444,17060859200,34818080000,48.3119,
600550.SH,保变电气,2010-03-05,27.1579,27.5236,26.5089,26.7557,10786969,1.8848,16751806400,34187360000,47.4367,
600550.SH,保变电气,2010-03-08,26.9203,27.0391,26.6735,26.8197,7666406,1.3395,16791868800,34269120000,47.5502,
600550.SH,保变电气,2010-03-09,26.8106,26.8106,26.3718,26.6552,7455749,1.3027,16688851200,34058880000,47.2585,
600550.SH,保变电气,2010-03-10,26.7283,26.8837,26.2164,26.7283,9086519,1.5877,16734636800,34152320000,47.3881,
600550.SH,保变电气,2010-03-11,26.3444,26.6735,26.1707,26.3992,6431483,1.1238,16528601600,33731840000,46.8047,
600550.SH,保变电气,2010-03-12,26.4175,26.5546,25.6862,25.7868,7320964,1.2792,16145147200,32949280000,45.7188,
600550.SH,保变电气,2010-03-15,25.7685,25.7868,25.1835,25.2475,6585439,1.1507,15807478400,32260160000,44.7626,
600550.SH,保变电气,2010-03-16,25.2292,25.5948,25.1835,25.5765,4492819,0.785,16013513600,32680640000,45.3461,
600550.SH,保变电气,2010-03-17,25.6131,26.3261,25.5948,26.2256,6213150,1.0856,16419860800,33509920000,46.4968,
600550.SH,保变电气,2010-03-18,26.2804,26.7283,25.9148,26.0519,6075413,1.0615,16311120000,33288000000,46.1888,
600550.SH,保变电气,2010-03-19,26.1433,26.2164,25.6405,26.0427,5889740,1.0291,16305396800,33276320000,46.1726,
600550.SH,保变电气,2010-03-22,26.1342,26.2164,25.8691,26.0793,6309159,1.1024,16328289600,33323040000,46.2374,
600550.SH,保变电气,2010-03-23,26.0519,26.4449,26.0062,26.2073,6279769,1.0972,16408414400,33486560000,46.4643,
600550.SH,保变电气,2010-03-24,26.4267,26.4632,25.9605,26.0062,5145976,0.8991,16282504000,33229600000,46.1078,
600550.SH,保变电气,2010-03-25,25.9879,27.423,25.6771,26.2438,10807631,1.8884,16431307200,33533280000,46.5292,
600550.SH,保变电气,2010-03-26,26.0519,26.4907,26.0336,26.317,5791384,1.0119,16477092800,33626720000,46.6588,
600550.SH,保变电气,2010-03-29,26.3535,26.9203,26.3261,26.7283,8685163,1.5175,16734636800,34152320000,47.3881,
600550.SH,保变电气,2010-03-30,26.7466,26.8654,26.4632,26.6552,7388948,1.2911,16688851200,34058880000,47.2585,
600550.SH,保变电气,2010-03-31,26.6918,26.7649,26.1616,26.1981,8644191,1.5104,16402691200,33474880000,46.4481,
600550.SH,保变电气,2010-04-01,26.317,26.8563,26.2895,26.646,9673119,1.6902,16683128000,34047200000,47.2423,
600550.SH,保变电气,2010-04-02,26.8746,27.094,26.5912,27.0483,13194328,2.3054,16934948800,34561120000,47.9553,
600550.SH,保变电气,2010-04-06,27.0757,27.3956,26.7192,26.8472,9757140,1.7048,16809038400,34304160000,47.5988,
600550.SH,保变电气,2010-04-07,26.8746,27.0574,26.646,26.966,9111209,1.592,16883440000,34456000000,47.8095,
600550.SH,保变电气,2010-04-08,26.8929,26.8929,26.1981,26.3992,11394145,1.9909,16528601600,33731840000,46.8047,
600550.SH,保变电气,2010-04-09,26.3992,26.5729,26.189,26.3901,7948640,1.3888,16522878400,33720160000,46.7885,
600550.SH,保变电气,2010-04-12,26.4267,26.774,26.3078,26.7192,9925497,1.7343,16728913600,34140640000,47.3719,
600550.SH,保变电气,2010-04-13,26.7375,26.8014,25.9239,26.3078,10234583,1.7883,16471369600,33615040000,46.6426,
600550.SH,保变电气,2010-04-14,26.3535,26.4815,26.0519,26.3353,7935835,1.3866,16488539200,33650080000,46.6912,
600550.SH,保变电气,2010-04-15,26.3992,26.7557,26.1981,26.4724,9012753,1.5748,16574387200,33825280000,46.9343,
600550.SH,保变电气,2010-04-16,26.5729,27.2859,26.5729,26.9294,19537402,3.4137,16860547200,34409280000,47.7447,
600550.SH,保变电气,2010-04-19,26.9843,27.8527,26.71,26.8106,32396221,5.6605,16786145600,34257440000,47.534,
600550.SH,保变电气,2010-04-20,26.71,27.0483,25.2292,25.8325,16492219,2.8816,16173763200,33007680000,45.7999,
600550.SH,保变电气,2010-04-21,25.8325,26.4175,25.5034,26.2256,12702560,2.2195,16419860800,33509920000,46.4968,
600550.SH,保变电气,2010-04-22,26.0519,26.0793,25.5034,25.6497,13207245,2.3077,16059299200,32774080000,45.4757,
600550.SH,保变电气,2010-04-23,25.8234,27.0574,25.8234,26.0884,22097830,3.8611,16334012800,33334720000,46.2537,
600550.SH,保变电气,2010-04-26,26.2713,27.1945,26.1342,26.8014,18913472,3.3047,16780422400,34245760000,47.5178,
600550.SH,保变电气,2010-04-27,26.8837,26.9477,25.6862,26.6369,13052632,2.2807,16677404800,34035520000,47.2261,
600550.SH,保变电气,2010-04-28,26.0427,26.2164,25.4851,25.604,13324406,2.3281,16030683200,32715680000,57.7013,
600550.SH,保变电气,2010-04-29,25.9148,26.0427,25.0464,25.0829,11654275,2.0363,15704460800,32049920000,56.5271,
600550.SH,保变电气,2010-04-30,25.0464,25.2109,23.5198,23.9129,14052203,2.4553,14971891200,30554880000,53.8902,
600550.SH,保变电气,2010-05-04,23.4833,23.6752,23.145,23.3918,6781034,1.1848,14645668800,29889120000,52.716,
600550.SH,保变电气,2010-05-05,23.0993,23.7666,22.496,23.7575,12251345,2.1406,14874596800,30356320000,53.54,
600550.SH,保变电气,2010-05-06,23.5655,24.1688,23.273,23.2913,11044428,1.9298,14582713600,29760640000,52.4894,
600550.SH,保变电气,2010-05-07,22.4412,23.5472,22.3041,23.1542,9961368,1.7405,14496865600,29585440000,52.1804,
600550.SH,保变电气,2010-05-10,23.0811,23.5472,22.3955,22.9074,6707361,1.172,14342339200,29270080000,51.6242,
600550.SH,保变电气,2010-05-11,23.4741,23.5015,22.3041,22.3863,6791283,1.1866,14016116800,28604320000,50.45,
600550.SH,保变电气,2010-05-12,22.0755,22.3406,20.6678,21.1614,10182518,1.7792,13249208000,27039200000,47.6896,
600550.SH,保变电气,2010-05-13,21.3351,21.4722,20.7867,21.4631,7541071,1.3176,13438073600,27424640000,48.3694,
600550.SH,保变电气,2010-05-14,21.3808,21.8744,21.1523,21.4722,6922873,1.2096,13443796800,27436320000,48.39,
600550.SH,保变电气,2010-05-17,21.262,21.2803,19.3972,19.4704,7944011,1.388,12190416000,24878400000,43.8785,
600550.SH,保变电气,2010-05-18,19.4521,19.6532,18.4466,19.4429,10664518,1.8634,12173246400,24843360000,43.8167,
600550.SH,保变电气,2010-05-19,19.4429,19.4429,19.4429,19.4429,--,--,12173246400,24843360000,43.8167,
600550.SH,保变电气,2010-05-20,19.4704,19.6715,18.9402,19.1321,8830877,1.543,11978657600,24446240000,43.1163,
600550.SH,保变电气,2010-05-21,18.5014,19.3789,18.1083,19.3241,10763899,1.8807,12098844800,24691520000,43.5489,
600550.SH,保变电气,2010-05-24,19.4704,20.4941,19.4612,20.3753,13217304,2.3094,12757012800,26034720000,45.9179,
600550.SH,保变电气,2010-05-25,20.2291,20.2748,19.7537,19.9914,9092708,1.5887,12516638400,25544160000,45.0527,
600550.SH,保变电气,2010-05-26,19.9914,20.4302,19.9274,20.0919,6232119,1.0889,12579593600,25672640000,45.2793,
600550.SH,保变电气,2010-05-27,20.1194,21.3717,20.028,21.262,17474530,3.0533,13312163200,27167680000,47.9162,
600550.SH,保变电气,2010-05-28,21.4905,21.4905,20.741,20.8964,12502449,2.1845,13083235200,26700480000,47.0921,
600550.SH,保变电气,2010-05-31,20.7958,20.7958,19.9365,19.964,9528895,1.665,12499468800,25509120000,44.9909,
600550.SH,保变电气,2010-06-01,19.644,19.836,18.9767,19.3607,8108199,1.4167,12121737600,24738240000,43.6313,
600550.SH,保变电气,2010-06-02,19.187,19.6349,18.9402,19.5618,5717905,0.9991,12247648000,24995200000,44.0845,
600550.SH,保变电气,2010-06-03,19.6623,19.9731,19.1961,19.2693,6862636,1.1991,12064505600,24621440000,43.4253,
600550.SH,保变电气,2010-06-04,19.2693,19.2693,19.2693,19.2693,--,--,12064505600,24621440000,43.4253,
600550.SH,保变电气,2010-06-07,18.9493,19.2784,18.8213,19.1687,5691955,0.9945,12001550400,24492960000,43.1987,
600550.SH,保变电气,2010-06-08,19.1047,20.0371,19.1047,19.9731,8925504,1.5595,12505192000,25520800000,45.0115,
600550.SH,保变电气,2010-06-09,20.1011,20.5033,19.8177,20.4027,10754814,1.8792,12774182400,26069760000,45.9797,
600550.SH,保变电气,2010-06-10,20.1742,20.485,20.0737,20.1834,6644024,1.1609,12636825600,25789440000,45.4853,
600550.SH,保变电气,2010-06-11,20.485,20.8049,20.2473,20.2656,7532954,1.3162,12688334400,25894560000,45.6707,
600550.SH,保变电气,2010-06-17,20.3845,20.5673,19.7446,19.7537,5058091,0.8838,12367835200,25240480000,44.5171,
600550.SH,保变电气,2010-06-18,19.6989,19.6989,18.867,18.9767,6566492,1.1473,11881363200,24247680000,42.7661,
600550.SH,保变电气,2010-06-21,18.8762,19.4978,18.8762,19.3972,5575229,0.9741,12144630400,24784960000,43.7137,
600550.SH,保变电气,2010-06-22,19.3789,19.9731,19.315,19.5892,5812277,1.0156,12264817600,25030240000,44.1463,
600550.SH,保变电气,2010-06-23,19.3881,19.5069,19.0864,19.2418,4561621,0.797,12047336000,24586400000,43.3635,
600550.SH,保变电气,2010-06-24,19.251,19.6166,19.2235,19.3058,2818262,0.4924,12087398400,24668160000,43.5077,
600550.SH,保变电气,2010-06-25,19.2235,19.2235,18.7482,18.9767,4028916,0.704,11881363200,24247680000,42.7661,
600550.SH,保变电气,2010-06-28,18.9859,19.0864,18.6659,18.7391,3137584,0.5482,11732560000,23944000000,42.2305,
600550.SH,保变电气,2010-06-29,18.8305,19.0042,17.5507,17.5599,7795155,1.362,10994267200,22437280000,39.5731,
600550.SH,保变电气,2010-06-30,17.4136,17.569,17.0937,17.2399,4311731,0.7534,10793955200,22028480000,38.8521,
600550.SH,保变电气,2010-07-01,17.2399,17.441,17.0023,17.0388,3776234,0.6598,10668044800,21771520000,38.3988,
600550.SH,保变电气,2010-07-02,17.0388,17.2674,16.4081,17.0297,4769713,0.8334,10662321600,21759840000,38.3782,
600550.SH,保变电气,2010-07-05,17.0297,17.6239,16.9474,17.4136,9770968,1.7073,10902696000,22250400000,39.2435,
600550.SH,保变电气,2010-07-06,17.4045,17.7061,17.1942,17.5873,7302600,1.276,11011436800,22472320000,39.6349,
600550.SH,保变电气,2010-07-07,17.505,17.6422,17.2857,17.6239,6427389,1.123,11034329600,22519040000,39.7173,
600550.SH,保变电气,2010-07-08,17.7336,17.7884,17.2674,17.2948,5466409,0.9551,10828294400,22098560000,38.9757,
600550.SH,保变电气,2010-07-09,17.2857,17.825,16.9931,17.7427,11883592,2.0764,11108731200,22670880000,39.9851,
600550.SH,保变电气,2010-07-12,17.8067,18.0626,17.6696,17.9529,12162338,2.1251,11240364800,22939520000,40.4589,
600550.SH,保变电气,2010-07-13,17.9987,19.1413,17.8341,18.4557,23627125,4.1283,11555140800,23581920000,41.5919,
600550.SH,保变电气,2010-07-14,18.8762,19.0864,18.3734,18.5563,13548867,2.3674,11618096000,23710400000,41.8185,
600550.SH,保变电气,2010-07-15,18.3734,18.6202,17.6513,17.6879,9959360,1.7402,11074392000,22600800000,39.8615,
600550.SH,保变电气,2010-07-16,17.5416,17.7244,17.2582,17.6513,7470947,1.3054,11051499200,22554080000,39.7791,
600550.SH,保变电气,2010-07-19,17.3862,18.0718,17.3222,18.0535,7820602,1.3665,11303320000,23068000000,40.6855,
600550.SH,保变电气,2010-07-20,18.1632,18.8945,18.0901,18.7665,13952105,2.4378,11749729600,23979040000,42.2923,
600550.SH,保变电气,2010-07-21,19.0864,20.4484,19.0864,19.58,33842515,5.9132,12259094400,25018560000,44.1257,
600550.SH,保变电气,2010-07-22,19.4978,19.836,19.1687,19.772,18184785,3.1774,12379281600,25263840000,44.5583,
600550.SH,保变电气,2010-07-23,20.1011,20.6313,19.6989,20.5581,32017792,5.5944,12871476800,26268320000,46.3299,
600550.SH,保变电气,2010-07-26,20.6038,20.9878,20.357,20.8872,21928619,3.8315,13077512000,26688800000,47.0715,
600550.SH,保变电气,2010-07-27,20.8872,20.8872,20.3388,20.485,14849539,2.5946,12825691200,26174880000,46.1651,
600550.SH,保变电气,2010-07-28,20.3936,21.0792,20.3479,20.8964,16132815,2.8188,13083235200,26700480000,47.0921,
600550.SH,保变电气,2010-07-29,20.8415,20.9329,20.4484,20.5581,20143259,3.5196,12871476800,26268320000,46.3299,
600550.SH,保变电气,2010-07-30,20.5581,20.5673,19.9914,20.2748,15423744,2.695,12694057600,25906240000,45.6913,
600550.SH,保变电气,2010-08-02,20.3662,20.741,20.293,20.5216,15659670,2.7362,12848584000,26221600000,46.2475,
600550.SH,保变电气,2010-08-03,20.613,20.9238,20.0005,20.0188,20950179,3.6606,12533808000,25579200000,45.1145,
600550.SH,保变电气,2010-08-04,19.8908,21.3168,19.8908,21.2894,23440059,4.0956,13329332800,27202720000,47.978,
600550.SH,保变电气,2010-08-05,21.2986,21.4357,20.7501,20.9786,25495696,4.4548,13134744000,26805600000,47.2775,
600550.SH,保变电气,2010-08-06,20.8964,22.3498,20.8506,22.1304,36754618,6.422,13855867200,28277280000,49.8732,
600550.SH,保变电气,2010-08-09,22.1395,22.5052,21.8653,22.3315,23133168,4.042,13981777600,28534240000,50.3264,
600550.SH,保变电气,2010-08-10,22.2127,22.9805,21.9384,21.9933,32860469,5.7416,13770019200,28102080000,49.5642,
600550.SH,保变电气,2010-08-11,21.9019,22.9439,21.6002,22.88,27747808,4.8483,14325169600,29235040000,51.5624,
600550.SH,保变电气,2010-08-12,22.56,23.1907,22.1212,22.2309,22938718,4.008,13918822400,28405760000,50.0998,
600550.SH,保变电气,2010-08-13,22.6697,22.9805,22.3955,22.7063,16366228,2.8596,14216428800,29013120000,51.171,
600550.SH,保变电气,2010-08-16,22.7246,24.4979,22.7246,24.0774,29290267,5.1178,15074908800,30765120000,54.261,
600550.SH,保变电气,2010-08-17,24.3608,24.571,23.8215,24.3334,17470219,3.0525,15235158400,31092160000,54.8378,
600550.SH,保变电气,2010-08-18,24.1323,24.2785,23.6387,23.8123,18725500,3.2719,14908936000,30426400000,53.6636,
600550.SH,保变电气,2010-08-19,23.7575,24.178,23.2182,23.5564,16471457,2.878,14748686400,30099360000,53.0868,
600550.SH,保变电气,2010-08-20,23.3096,24.0409,23.2639,23.5472,17154942,2.9974,14742963200,30087680000,53.0662,
600550.SH,保变电气,2010-08-23,23.4924,24.3151,23.2639,24.0957,19529931,3.4124,15086355200,30788480000,54.3022,
600550.SH,保变电气,2010-08-24,24.178,24.4065,23.6752,23.8032,18309490,3.1992,14903212800,30414720000,53.643,
600550.SH,保变电气,2010-08-25,23.529,23.7666,22.5235,22.5509,19132000,3.3429,14119134400,28814560000,49.9171,
600550.SH,保变电气,2010-08-26,22.56,22.9622,22.2127,22.4046,10720687,0.9432,27859046400,28627680000,49.5933,
600550.SH,保变电气,2010-08-27,22.4686,22.6331,22.1212,22.2858,9837280,0.8655,27711283200,28475840000,49.3303,
600550.SH,保变电气,2010-08-30,22.5783,23.209,22.4412,23.1999,12668962,1.1146,28847923200,29643840000,51.3537,
600550.SH,保变电气,2010-08-31,23.1176,23.1176,22.6331,22.8434,13232130,1.1641,28404633600,29188320000,50.5646,
600550.SH,保变电气,2010-09-01,22.8525,22.9805,21.5728,21.9019,17297582,1.5218,27233894400,27985280000,48.4805,
600550.SH,保变电气,2010-09-02,22.0481,22.3041,21.8105,22.1121,12817680,1.1277,27495321600,28253920000,48.9458,
600550.SH,保变电气,2010-09-03,22.2035,24.0957,22.1944,23.7209,31516353,2.6983,30309600000,30309600000,52.507,
600550.SH,保变电气,2010-09-06,23.858,24.0226,23.1268,23.7483,21413029,1.8333,30344640000,30344640000,52.5677,
600550.SH,保变电气,2010-09-07,23.6021,24.0134,23.401,23.858,13638885,1.1677,30484800000,30484800000,52.8105,
600550.SH,保变电气,2010-09-08,23.6752,25.2018,23.5381,24.4796,30089263,2.5761,31279040000,31279040000,54.1864,
600550.SH,保变电气,2010-09-09,24.6899,25.0921,23.9586,24.1963,24742539,2.1184,30916960000,30916960000,53.5592,
600550.SH,保变电气,2010-09-10,24.2237,24.8544,24.0043,24.5436,17900969,1.5326,31360800000,31360800000,54.3281,
600550.SH,保变电气,2010-09-13,24.699,25.4943,24.5528,25.0464,21265484,1.8207,32003200000,32003200000,55.4409,
600550.SH,保变电气,2010-09-14,25.4394,27.3133,25.4394,26.5638,41777776,3.5769,33942080000,33942080000,58.7998,
600550.SH,保变电气,2010-09-15,26.774,26.8106,25.6862,25.8416,31276954,2.6778,33019360000,33019360000,57.2013,
600550.SH,保变电气,2010-09-16,25.7411,26.0245,24.3608,24.8087,20232253,1.7322,31699520000,31699520000,54.9148,
600550.SH,保变电气,2010-09-17,24.891,25.1926,24.0409,24.5528,12383848,1.0603,31372480000,31372480000,54.3483,
600550.SH,保变电气,2010-09-20,24.571,24.8361,23.7118,23.9037,10139722,0.8681,30543200000,30543200000,52.9117,
600550.SH,保变电气,2010-09-21,24.0866,24.1688,23.6935,23.7941,7005549,0.5998,30403040000,30403040000,52.6689,
600550.SH,保变电气,2010-09-27,24.0866,24.7904,23.7666,24.5345,9998794,0.8561,31349120000,31349120000,54.3078,
600550.SH,保变电气,2010-09-28,24.3608,25.0372,24.3608,24.4979,9295746,0.7959,31302400000,31302400000,54.2269,
600550.SH,保变电气,2010-09-29,24.7173,24.7996,23.9494,23.9677,8429331,0.7217,30624960000,30624960000,53.0533,
600550.SH,保变电气,2010-09-30,23.7666,24.3151,23.6844,24.2511,6492123,0.5558,30987040000,30987040000,53.6806,
600550.SH,保变电气,2010-10-08,24.5619,25.0921,24.3699,24.8178,12022884,1.0294,31711200000,31711200000,54.9351,
600550.SH,保变电气,2010-10-11,24.9641,26.2164,24.6259,25.933,24811573,2.1243,33136160000,33136160000,57.4036,
600550.SH,保变电气,2010-10-12,25.5948,25.7411,25.1469,25.4577,17981053,1.5395,32528800000,32528800000,56.3515,
600550.SH,保变电气,2010-10-13,25.4577,26.2347,25.0007,26.0427,26113412,2.2357,33276320000,33276320000,57.6464,
600550.SH,保变电气,2010-10-14,26.0427,26.0427,26.0427,26.0427,--,--,33276320000,33276320000,57.6464,
600550.SH,保变电气,2010-10-15,25.1835,26.8654,24.955,25.8599,31058249,2.6591,33042720000,33042720000,57.2417,
600550.SH,保变电气,2010-10-18,25.8782,26.4998,24.1597,24.5253,25874148,2.2153,31337440000,31337440000,54.2876,
600550.SH,保变电气,2010-10-19,24.4065,25.476,24.3151,25.0921,14541659,1.245,32061600000,32061600000,55.5421,
600550.SH,保变电气,2010-10-20,24.5253,25.0829,24.2237,24.6624,19183977,1.6425,31512640000,31512640000,54.5911,
600550.SH,保变电气,2010-10-21,24.6899,25.2109,24.571,24.8818,16182327,1.3855,31792960000,31792960000,55.0767,
600550.SH,保变电气,2010-10-22,24.8818,25.1195,24.4156,24.6442,16237338,1.3902,31489280000,31489280000,54.5506,
600550.SH,保变电气,2010-10-25,24.6807,26.0519,24.5893,25.6771,25594578,2.1913,32809120000,32809120000,56.8371,
600550.SH,保变电气,2010-10-26,25.7594,28.2457,25.7594,27.743,50219878,4.2996,35448800000,35448800000,61.4099,
600550.SH,保变电气,2010-10-27,27.4048,28.2183,26.5181,26.7375,31592937,2.7049,34164000000,34164000000,59.1842,
600550.SH,保变电气,2010-10-28,26.6735,27.7887,26.3261,27.2219,25526281,2.1855,34783040000,34783040000,57.1874,
600550.SH,保变电气,2010-10-29,27.1031,27.6059,26.7375,27.0665,18717790,1.6026,34584480000,34584480000,56.8609,
600550.SH,保变电气,2010-11-01,27.0665,28.2457,26.6918,27.9441,28603497,2.4489,35705760000,35705760000,58.7045,
600550.SH,保变电气,2010-11-02,27.9075,28.6022,26.966,27.5601,36677517,3.1402,35215200000,35215200000,57.8979,
600550.SH,保变电气,2010-11-03,27.4505,27.6607,26.1799,26.253,19161866,1.6406,33544960000,33544960000,55.1519,
600550.SH,保变电气,2010-11-04,26.2073,26.9934,25.9696,26.6186,13770662,1.179,34012160000,34012160000,55.92,
600550.SH,保变电气,2010-11-05,26.774,27.0574,26.2895,26.5821,17608920,1.5076,33965440000,33965440000,55.8432,
600550.SH,保变电气,2010-11-08,26.6003,27.3133,26.3718,27.1579,16097030,1.3782,34701280000,34701280000,57.053,
600550.SH,保变电气,2010-11-09,27.1762,27.1762,26.3992,26.5089,15837109,1.3559,33872000000,33872000000,55.6895,
600550.SH,保变电气,2010-11-10,26.5272,27.3865,26.5272,27.0574,17668542,1.5127,34572800000,34572800000,56.8417,
600550.SH,保变电气,2010-11-11,27.0117,27.8344,26.7466,26.8014,24379868,2.0873,34245760000,34245760000,56.3041,
600550.SH,保变电气,2010-11-12,26.8197,26.8746,24.1231,24.1323,35423971,3.0329,30835200000,30835200000,50.6967,
600550.SH,保变电气,2010-11-15,24.1323,24.4431,23.3187,23.986,16385404,1.4029,30648320000,30648320000,50.3894,
600550.SH,保变电气,2010-11-16,24.0409,24.114,22.2218,22.5509,16597420,1.421,28814560000,28814560000,47.3745,
600550.SH,保变电气,2010-11-17,22.4686,22.9896,21.9933,22.2127,11223349,0.9609,28382400000,28382400000,46.664,
600550.SH,保变电气,2010-11-18,22.2675,22.7885,22.2675,22.5143,7452594,0.6381,28767840000,28767840000,47.2977,
600550.SH,保变电气,2010-11-19,22.6149,23.1085,22.432,23.0719,11851731,1.0147,29480320000,29480320000,48.4691,
600550.SH,保变电气,2010-11-22,22.7977,23.2822,22.7063,22.9348,12048187,1.0315,29305120000,29305120000,48.1811,
600550.SH,保变电气,2010-11-23,22.9257,22.9257,21.4905,21.9201,12127095,1.0383,28008640000,28008640000,46.0495,
600550.SH,保变电气,2010-11-24,21.9293,22.56,21.7647,22.4869,9748009,0.8346,28732800000,28732800000,47.2401,
600550.SH,保变电气,2010-11-25,22.5235,23.1907,22.5235,22.9622,10896454,0.9329,29340160000,29340160000,48.2387,
600550.SH,保变电气,2010-11-26,23.0262,23.1907,22.7246,23.0445,11381305,0.9744,29445280000,29445280000,48.4115,
600550.SH,保变电气,2010-11-29,23.0171,23.0171,22.6697,22.9165,9025762,0.7728,29281760000,29281760000,48.1427,
600550.SH,保变电气,2010-11-30,22.9348,23.0079,21.4905,21.9476,12320759,1.0549,28043680000,28043680000,46.1071,
600550.SH,保变电气,2010-12-01,21.7739,22.3041,21.7739,21.9841,6516609,0.5579,28090400000,28090400000,46.1839,
600550.SH,保变电气,2010-12-02,22.3223,22.3955,21.9293,21.9841,8345744,0.7145,28090400000,28090400000,46.1839,
600550.SH,保变电气,2010-12-03,23.0445,23.7483,22.8525,23.0902,26150988,2.239,29503680000,29503680000,48.5075,
600550.SH,保变电气,2010-12-06,23.1085,23.1176,22.3406,22.5692,11079507,0.9486,28837920000,28837920000,47.4129,
600550.SH,保变电气,2010-12-07,22.4229,22.6606,21.847,22.5874,9238046,0.7909,28861280000,28861280000,47.4513,
600550.SH,保变电气,2010-12-08,22.5874,22.752,22.2949,22.3132,7775809,0.6657,28510880000,28510880000,46.8752,
600550.SH,保变电气,2010-12-09,22.3132,22.3132,22.3132,22.3132,--,--,28510880000,28510880000,46.8752,
600550.SH,保变电气,2010-12-10,21.7556,22.1121,21.5728,22.0573,12679336,1.0856,28183840000,28183840000,46.3375,
600550.SH,保变电气,2010-12-13,22.1212,22.6971,22.0664,22.6788,12146362,1.0399,28978080000,28978080000,47.6434,
600550.SH,保变电气,2010-12-14,22.6971,22.8342,22.4229,22.8068,10740627,0.9196,29141600000,29141600000,47.9122,
600550.SH,保变电气,2010-12-15,22.8068,22.9805,22.6057,22.6697,10414995,0.8917,28966400000,28966400000,47.6242,
600550.SH,保变电气,2010-12-16,22.9714,23.2639,22.6971,22.7703,13182032,1.1286,29094880000,29094880000,47.8354,
600550.SH,保变电气,2010-12-17,22.624,22.7794,22.4869,22.6606,5809727,0.4974,28954720000,28954720000,47.605,
600550.SH,保变电气,2010-12-20,22.6423,22.8434,21.6642,21.9841,11023245,0.9438,28090400000,28090400000,46.1839,
600550.SH,保变电气,2010-12-21,22.0755,22.2949,21.7556,22.2218,8167279,0.6993,28394080000,28394080000,46.6832,
600550.SH,保变电气,2010-12-22,22.3132,22.3863,21.9019,22.0024,6325434,0.5416,28113760000,28113760000,46.2223,
600550.SH,保变电气,2010-12-23,21.9384,22.0024,21.5911,21.6368,7670741,0.6567,27646560000,27646560000,45.4542,
600550.SH,保变电气,2010-12-24,21.5728,21.9019,21.4814,21.7282,5917967,0.5067,27763360000,27763360000,45.6462,
600550.SH,保变电气,2010-12-27,21.7008,22.1395,20.9512,20.9786,8306147,0.7111,26805600000,26805600000,44.0716,
600550.SH,保变电气,2010-12-28,20.9329,20.9329,20.1102,20.1376,8583900,0.7349,25731040000,25731040000,42.3049,
600550.SH,保变电气,2010-12-29,20.293,20.293,20.0188,20.2473,5309410,0.4546,25871200000,25871200000,42.5353,
600550.SH,保变电气,2010-12-30,20.3479,20.5673,20.1559,20.2291,7040209,0.6028,25847840000,25847840000,42.4969,
600550.SH,保变电气,2010-12-31,20.4759,21.4631,20.4759,21.1066,13092501,1.1209,26969120000,26969120000,44.3404,
600550.SH,保变电气,2011-01-04,21.2894,21.2986,20.7501,21.1889,10909778,0.9341,27074240000,27074240000,44.5132,
600550.SH,保变电气,2011-01-05,21.1157,21.5454,20.7958,21.4174,14891941,1.275,27366240000,27366240000,44.9933,
600550.SH,保变电气,2011-01-06,21.7008,22.1578,21.0243,21.1797,13991413,1.1979,27062560000,27062560000,44.494,
600550.SH,保变电气,2011-01-07,21.1614,21.4814,20.8324,20.9695,8833181,0.7563,26793920000,26793920000,44.0523,
600550.SH,保变电气,2011-01-10,21.0243,21.1157,20.6038,20.613,6245049,0.5347,26338400000,26338400000,43.3034,
600550.SH,保变电气,2011-01-11,20.5673,20.6404,20.2839,20.4759,4206625,0.3602,26163200000,26163200000,43.0154,
600550.SH,保变电气,2011-01-12,20.5764,20.7958,20.357,20.7775,3842807,0.329,26548640000,26548640000,43.6491,
600550.SH,保变电气,2011-01-13,20.8964,20.9329,20.7135,20.7684,4045399,0.3464,26536960000,26536960000,43.6299,
600550.SH,保变电气,2011-01-14,20.7592,20.7592,20.0371,20.0919,6264515,0.5363,25672640000,25672640000,42.2088,
600550.SH,保变电气,2011-01-17,19.964,20.2382,19.3607,19.4886,5646559,0.4834,24901760000,24901760000,40.9414,
600550.SH,保变电气,2011-01-18,19.3789,19.4795,18.9585,19.1504,5317118,0.4552,24469600000,24469600000,40.2309,
600550.SH,保变电气,2011-01-19,19.1961,19.6532,19.1139,19.644,6564031,0.562,25100320000,25100320000,41.2679,
600550.SH,保变电气,2011-01-20,19.5983,19.6075,18.5563,18.6385,7910444,0.6773,23815520000,23815520000,39.1555,
600550.SH,保变电气,2011-01-21,18.5837,19.1961,18.5563,18.7848,5935938,0.5082,24002400000,24002400000,39.4628,
600550.SH,保变电气,2011-01-24,18.9676,18.995,18.3369,18.4283,5224567,0.4473,23546880000,23546880000,38.7138,
600550.SH,保变电气,2011-01-25,18.6751,18.8031,18.5288,18.6202,3744308,0.3206,23792160000,23792160000,39.1171,
600550.SH,保变电气,2011-01-26,18.602,19.0042,18.5471,18.931,3475328,0.2975,24189280000,24189280000,39.77,
600550.SH,保变电气,2011-01-27,18.9128,19.6532,18.5654,19.4521,8431596,0.7219,24855040000,24855040000,40.8646,
600550.SH,保变电气,2011-01-28,19.4521,19.4521,19.4521,19.4521,--,--,24855040000,24855040000,40.8646,
600550.SH,保变电气,2011-01-31,19.5618,19.8086,19.3332,19.6349,5347646,0.4578,25088640000,25088640000,41.2487,
600550.SH,保变电气,2011-02-01,19.6349,19.7446,19.3972,19.5343,3928699,0.3364,24960160000,24960160000,41.0374,
600550.SH,保变电气,2011-02-09,19.4521,19.7172,19.1961,19.3789,4446451,0.3807,24761600000,24761600000,40.711,
600550.SH,保变电气,2011-02-10,19.3515,19.8543,19.1047,19.8451,5912147,0.5062,25357280000,25357280000,41.6903,
600550.SH,保变电气,2011-02-11,19.8726,20.5216,19.7629,20.3753,8770120,0.7509,26034720000,26034720000,42.8041,
600550.SH,保变电气,2011-02-14,20.4302,20.9786,20.3022,20.8415,12564629,1.0757,26630400000,26630400000,43.7835,
600550.SH,保变电气,2011-02-15,20.8598,21.1706,20.6587,20.677,11237398,0.9621,26420160000,26420160000,43.4378,
600550.SH,保变电气,2011-02-16,20.9329,21.2254,20.677,21.0426,10083617,0.8633,26887360000,26887360000,44.206,
600550.SH,保变电气,2011-02-17,21.1706,21.4174,20.8415,21.1614,9843209,0.8427,27039200000,27039200000,44.4556,
600550.SH,保变电气,2011-02-18,21.1523,21.5179,20.7867,21.3625,16815844,1.4397,27296160000,27296160000,44.8781,
600550.SH,保变电气,2011-02-21,21.2529,22.752,21.198,22.432,28420419,2.4333,28662720000,28662720000,47.1249,
600550.SH,保变电气,2011-02-22,22.5235,22.8525,21.6459,22.2309,28164795,2.4114,28405760000,28405760000,46.7024,
600550.SH,保变电气,2011-02-23,22.0481,22.7063,21.847,22.5692,14930640,1.2783,28837920000,28837920000,47.4129,
600550.SH,保变电气,2011-02-24,22.4503,22.7246,21.9384,22.2492,11983172,1.026,28429120000,28429120000,46.7408,
600550.SH,保变电气,2011-02-25,22.3041,22.6606,22.0116,22.2675,11501079,0.9847,28452480000,28452480000,46.7792,
600550.SH,保变电气,2011-02-28,22.0755,22.2492,21.847,22.0755,12056894,1.0323,28207200000,28207200000,46.3759,
600550.SH,保变电气,2011-03-01,22.0024,22.3132,21.7556,21.9019,15106812,1.2934,27985280000,27985280000,45.2245,
600550.SH,保变电气,2011-03-02,22.0116,22.1121,21.0152,21.4814,17755845,1.5202,27448000000,27448000000,44.3562,
600550.SH,保变电气,2011-03-03,21.5271,21.6368,21.07,21.1157,11341066,0.971,26980800000,26980800000,43.6012,
600550.SH,保变电气,2011-03-04,21.2986,21.7373,21.2711,21.5728,12137675,1.0392,27564800000,27564800000,44.545,
600550.SH,保变电气,2011-03-07,21.6185,22.1944,21.5271,22.167,19798404,1.6951,28324000000,28324000000,45.7719,
600550.SH,保变电气,2011-03-08,22.1487,22.3498,21.7739,22.0116,11642775,0.9968,28125440000,28125440000,45.451,
600550.SH,保变电气,2011-03-09,22.0847,22.2858,21.7739,21.9201,9390102,0.8039,28008640000,28008640000,45.2622,
600550.SH,保变电气,2011-03-10,21.975,21.9841,21.3168,21.3534,10848910,0.9288,27284480000,27284480000,44.092,
600550.SH,保变电气,2011-03-11,21.3351,21.4814,21.0335,21.1249,8845789,0.7573,26992480000,26992480000,43.6201,
600550.SH,保变电气,2011-03-14,21.1249,21.6002,21.0426,21.3991,8579311,0.7345,27342880000,27342880000,44.1864,
600550.SH,保变电气,2011-03-15,21.4448,22.5417,20.3205,22.1304,27724644,2.3737,28277280000,28277280000,45.6964,
600550.SH,保变电气,2011-03-16,22.1395,24.3425,22.1121,24.3425,81027318,6.9373,31103840000,31103840000,50.2641,
600550.SH,保变电气,2011-03-17,24.5893,25.476,23.5838,23.8489,60873482,5.2118,30473120000,30473120000,49.2449,
600550.SH,保变电气,2011-03-18,24.2054,25.3937,23.6844,24.6533,50574751,4.33,31500960000,31500960000,50.9059,
600550.SH,保变电气,2011-03-21,24.4065,24.4065,23.4376,23.6661,28915136,2.4756,30239520000,30239520000,48.8674,
600550.SH,保变电气,2011-03-22,23.6661,23.7575,22.8525,23.2639,19367019,1.6581,29725600000,29725600000,48.0369,
600550.SH,保变电气,2011-03-23,23.4376,23.9952,23.3279,23.5107,20530185,1.7577,30040960000,30040960000,48.5465,
600550.SH,保变电气,2011-03-24,23.401,24.178,23.1999,23.7392,19431371,1.6636,30332960000,30332960000,49.0184,
600550.SH,保变电气,2011-03-25,23.7209,24.0317,23.5381,23.7209,18294333,1.5663,30309600000,30309600000,48.9806,
600550.SH,保变电气,2011-03-28,23.9952,24.4065,23.2913,23.337,18742937,1.6047,29819040000,29819040000,48.1879,
600550.SH,保变电气,2011-03-29,23.1268,23.3004,21.9293,22.0664,23803609,2.038,28195520000,28195520000,45.5642,
600550.SH,保变电气,2011-03-30,22.2675,22.5417,21.8836,22.0664,15990140,1.369,28195520000,28195520000,45.5642,
600550.SH,保变电气,2011-03-31,22.2492,22.3772,21.4814,21.6459,14414413,1.2341,27658240000,27658240000,44.696,
600550.SH,保变电气,2011-04-01,21.7647,22.1212,21.6551,21.9476,10112805,0.8658,28043680000,28043680000,45.3189,
600550.SH,保变电气,2011-04-06,21.9933,22.0298,21.3534,21.5545,18427354,1.5777,27541440000,27541440000,44.5072,
600550.SH,保变电气,2011-04-07,21.5545,21.5545,21.5545,21.5545,--,--,27541440000,27541440000,44.5072,
600550.SH,保变电气,2011-04-08,21.5545,21.5545,21.5545,21.5545,--,--,27541440000,27541440000,44.5072,
600550.SH,保变电气,2011-04-11,21.5545,21.5545,21.5545,21.5545,--,--,27541440000,27541440000,44.5072,
600550.SH,保变电气,2011-04-12,21.5545,21.5545,21.5545,21.5545,--,--,27541440000,27541440000,44.5072,
600550.SH,保变电气,2011-04-13,21.5545,21.5545,21.5545,21.5545,--,--,27541440000,27541440000,44.5072,
600550.SH,保变电气,2011-04-14,21.5545,21.5545,21.5545,21.5545,--,--,27541440000,27541440000,44.5072,
600550.SH,保变电气,2011-04-15,21.861,22.5334,21.7523,22.0291,14355470,1.0456,30590237385.68,30590237385.68,42.0535,
600550.SH,保变电气,2011-04-18,21.9006,21.9302,21.4556,21.6336,8420542,0.6133,30041041023.28,30041041023.28,41.2985,
600550.SH,保变电气,2011-04-19,21.6435,21.6534,20.9316,21.0008,9977812,0.7267,29162326843.44,29162326843.44,40.0905,
600550.SH,保变电气,2011-04-20,21.0008,21.4359,21.0008,21.248,7053557,0.5137,29505574569.94,29505574569.94,40.5624,
600550.SH,保变电气,2011-04-21,21.0601,21.4062,21.0008,21.1096,11553239,0.8415,29313355843.1,29313355843.1,48.9308,
600550.SH,保变电气,2011-04-22,21.1195,21.6138,21.07,21.515,10883513,0.7927,29876282114.56,29876282114.56,49.8705,
600550.SH,保变电气,2011-04-25,21.6039,21.7028,20.9613,21.0404,8988381,0.6547,29217246479.68,29217246479.68,48.7704,
600550.SH,保变电气,2011-04-26,20.9613,21.1491,20.4076,20.4768,7584958,0.5524,28434641663.26,28434641663.26,47.4641,
600550.SH,保变电气,2011-04-27,20.5658,20.7141,19.9527,20.1703,7136814,0.5198,28009014482.4,28009014482.4,46.7536,
600550.SH,保变电气,2011-04-28,20.1802,20.4175,19.4979,19.5474,9210293,0.6708,27144030211.62,27144030211.62,45.3097,
600550.SH,保变电气,2011-04-29,19.6364,20.1999,19.5474,20.1307,6178001,0.45,27954094846.16,27954094846.16,46.6619,
600550.SH,保变电气,2011-05-03,20.1703,20.4175,20.022,20.3482,5284383,0.3849,28256152845.48,28256152845.48,47.1661,
600550.SH,保变电气,2011-05-04,20.3285,20.3285,19.6364,19.755,7490693,0.5456,27432358301.88,27432358301.88,45.791,
600550.SH,保变电气,2011-05-05,19.7451,19.8736,19.6364,19.7056,4640067,0.338,27363708756.58,27363708756.58,45.6764,
600550.SH,保变电气,2011-05-06,19.7056,19.7056,19.7056,19.7056,--,--,27363708756.58,27363708756.58,45.6764,
600550.SH,保变电气,2011-05-09,20.0417,20.4273,20.0417,20.2593,7593503,0.5531,28132583663.94,28132583663.94,46.9599,
600550.SH,保变电气,2011-05-10,20.368,20.3977,20.0912,20.3878,5835029,0.425,28311072481.72,28311072481.72,47.2578,
600550.SH,保变电气,2011-05-11,20.4768,20.724,20.3285,20.5658,7959968,0.5798,28558210844.8,28558210844.8,47.6703,
600550.SH,保变电气,2011-05-12,20.5361,20.5361,20.0912,20.1011,6410318,0.4669,27912905118.98,27912905118.98,46.5932,
600550.SH,保变电气,2011-05-13,20.2395,20.2988,19.8044,20.2098,5860007,0.4268,28063934118.64,28063934118.64,46.8453,
600550.SH,保变电气,2011-05-16,20.2494,20.6745,20.1703,20.5361,9037631,0.6582,28517021117.62,28517021117.62,47.6016,
600550.SH,保变电气,2011-05-17,20.4669,20.6943,20.0714,20.5855,7441295,0.542,28585670662.92,28585670662.92,47.7162,
600550.SH,保变电气,2011-05-18,20.5658,20.6548,20.3285,20.4768,5086206,0.3704,28434641663.26,28434641663.26,47.4641,
600550.SH,保变电气,2011-05-19,20.4966,20.6152,20.0714,20.1109,5855301,0.4265,27926635028.04,27926635028.04,46.6161,
600550.SH,保变电气,2011-05-20,20.0714,20.1109,19.6561,19.7056,8263268,0.6018,27363708756.58,27363708756.58,45.6764,
600550.SH,保变电气,2011-05-23,19.7056,19.7154,18.8454,18.8849,7943482,0.5786,26224126304.6,26224126304.6,43.7742,
600550.SH,保变电气,2011-05-24,18.875,19.0332,18.5389,18.8552,5947346,0.4332,26182936577.42,26182936577.42,43.7054,
600550.SH,保变电气,2011-05-25,18.875,18.9838,18.5389,18.5982,4127444,0.3006,25825958941.86,25825958941.86,43.1096,
600550.SH,保变电气,2011-05-26,18.6872,18.9343,18.4795,18.4894,5106368,0.3719,25674929942.2,25674929942.2,42.8575,
600550.SH,保变电气,2011-05-27,18.4696,18.8552,18.4696,18.4993,5289778,0.3853,25688659851.26,25688659851.26,42.8804,
600550.SH,保变电气,2011-05-30,18.44,18.5487,18.0939,18.1137,4571508,0.333,25153193397.92,25153193397.92,41.9866,
600550.SH,保变电气,2011-05-31,18.1532,18.5685,18.1236,18.5586,4197615,0.3057,25771039305.62,25771039305.62,43.0179,
600550.SH,保变电气,2011-06-01,18.5883,18.8552,18.4795,18.8058,5736396,0.4178,26114287032.12,26114287032.12,43.5908,
600550.SH,保变电气,2011-06-02,18.4696,18.529,18.0247,18.2323,5744436,0.4184,25317952306.64,25317952306.64,42.2616,
600550.SH,保变电气,2011-06-03,18.3905,19.0332,18.3807,18.6872,7168610,0.5221,25949528123.4,25949528123.4,43.3158,
600550.SH,保变电气,2011-06-07,18.6872,18.6872,18.6872,18.6872,--,--,25949528123.4,25949528123.4,43.3158,
600550.SH,保变电气,2011-06-08,18.7761,19.0332,18.6674,18.8948,8226116,0.5991,26237856213.66,26237856213.66,43.7971,
600550.SH,保变电气,2011-06-09,18.8849,18.8849,18.2917,18.3016,5293415,0.3855,25414061670.06,25414061670.06,42.422,
600550.SH,保变电气,2011-06-10,18.2719,18.3708,17.8467,18.2422,5050523,0.3678,25331682215.7,25331682215.7,42.2845,
600550.SH,保变电气,2011-06-13,18.0939,18.2917,17.8962,18.2818,2701221,0.1967,25386601851.94,25386601851.94,42.3762,
600550.SH,保变电气,2011-06-14,18.3411,18.5685,18.2126,18.4301,5234627,0.3813,25592550487.84,25592550487.84,42.7199,
600550.SH,保变电气,2011-06-15,18.3708,18.5685,18.084,18.1038,4475315,0.326,25139463488.86,25139463488.86,41.9636,
600550.SH,保变电气,2011-06-16,17.9753,17.995,17.8072,17.8171,4192790,0.3054,24741296126.12,24741296126.12,41.299,
600550.SH,保变电气,2011-06-17,17.8962,17.9555,17.3227,17.4315,4539171,0.3306,24205829672.78,24205829672.78,40.4052,
600550.SH,保变电气,2011-06-20,17.4216,17.4216,16.9173,17.036,4207622,0.3065,23656633310.38,23656633310.38,39.4884,
600550.SH,保变电气,2011-06-21,17.1348,17.293,16.8975,17.1348,4150457,0.3023,23793932400.98,23793932400.98,39.7176,
600550.SH,保变电气,2011-06-22,17.1843,17.2634,16.9074,17.0459,3909105,0.2847,23670363219.44,23670363219.44,39.5114,
600550.SH,保变电气,2011-06-23,16.8283,17.6589,16.7295,17.4908,6634108,0.4832,24288209127.14,24288209127.14,40.5427,
600550.SH,保变电气,2011-06-24,17.471,17.995,17.3524,17.8665,10199794,0.7429,24809945671.42,24809945671.42,41.4136,
600550.SH,保变电气,2011-06-27,17.8665,18.1829,17.8665,18.0049,7729010,0.5629,25002164398.26,25002164398.26,41.7345,
600550.SH,保变电气,2011-06-28,18.0049,18.0741,17.7577,17.9258,6374646,0.4643,24892325125.78,24892325125.78,41.5511,
600550.SH,保变电气,2011-06-29,17.9061,18.173,17.5501,17.56,6940742,0.5055,24384318490.56,24384318490.56,40.7031,
600550.SH,保变电气,2011-06-30,17.7281,18.1038,17.5897,17.8072,7342074,0.5348,24727566217.06,24727566217.06,41.2761,
600550.SH,保变电气,2011-07-01,17.8665,18.2225,17.8566,17.9852,7873946,0.5735,24974704580.14,24974704580.14,41.6886,
600550.SH,保变电气,2011-07-04,18.084,18.8849,18.0445,18.7168,14473848,1.0542,25990717850.58,25990717850.58,43.3846,
600550.SH,保变电气,2011-07-05,18.7366,19.3694,18.4894,18.9838,15167670,1.1047,26361425395.2,26361425395.2,44.0034,
600550.SH,保变电气,2011-07-06,18.9838,19.0233,18.6081,18.9146,7032528,0.5122,26265316031.78,26265316031.78,43.8429,
600550.SH,保变电气,2011-07-07,18.8849,19.1123,18.7069,18.7267,7959034,0.5797,26004447759.64,26004447759.64,43.4075,
600550.SH,保变电气,2011-07-08,18.7267,18.964,18.529,18.6278,5532599,0.403,25867148669.04,25867148669.04,43.1783,
600550.SH,保变电气,2011-07-11,18.6377,18.7465,18.5092,18.6476,5300148,0.386,25894608487.16,25894608487.16,43.2242,
600550.SH,保变电气,2011-07-12,18.44,18.5092,18.0247,18.0544,7832714,0.5705,25070813943.56,25070813943.56,41.849,
600550.SH,保变电气,2011-07-13,18.0148,18.4301,17.995,18.351,5384870,0.3922,25482711215.36,25482711215.36,42.5366,
600550.SH,保变电气,2011-07-14,18.3609,18.6476,18.3016,18.5586,6900665,0.5026,25771039305.62,25771039305.62,43.0179,
600550.SH,保变电气,2011-07-15,18.4993,18.5784,18.3016,18.4103,6011114,0.4378,25565090669.72,25565090669.72,42.6741,
600550.SH,保变电气,2011-07-18,18.5389,18.7761,18.5389,18.7069,9516771,0.6931,25976987941.52,25976987941.52,43.3617,
600550.SH,保变电气,2011-07-19,18.6773,18.964,18.3609,18.8058,12140028,0.8842,26114287032.12,26114287032.12,43.5908,
600550.SH,保变电气,2011-07-20,18.9937,19.0827,18.4301,18.5784,9762578,0.711,25798499123.74,25798499123.74,43.0637,
600550.SH,保变电气,2011-07-21,18.5784,18.5784,18.5784,18.5784,--,--,25798499123.74,25798499123.74,43.0637,
600550.SH,保变电气,2011-07-22,18.4103,18.4301,18.1928,18.2422,6803611,0.4955,25331682215.7,25331682215.7,42.2845,
600550.SH,保变电气,2011-07-25,18.1631,18.1631,17.1052,17.2535,8710730,0.6344,23958691309.7,23958691309.7,39.9927,
600550.SH,保变电气,2011-07-26,17.2535,17.4315,17.1546,17.4216,4748009,0.3458,24192099763.72,24192099763.72,40.3823,
600550.SH,保变电气,2011-07-27,17.3128,17.5798,17.1546,17.56,4695173,0.342,24384318490.56,24384318490.56,40.7031,
600550.SH,保变电气,2011-07-28,17.42,17.5,17.3,17.41,3037303,0.2212,23903771673.46,23903771673.46,39.901,
600550.SH,保变电气,2011-07-29,17.41,17.55,17.17,17.23,3587621,0.2613,23656633310.38,23656633310.38,39.4884,
600550.SH,保变电气,2011-08-01,17.26,17.84,17.26,17.73,4896053,0.3566,24343128763.38,24343128763.38,40.6344,
600550.SH,保变电气,2011-08-02,17.75,18.29,17.55,18.2,11335736,0.8256,24988434489.2,24988434489.2,41.7115,
600550.SH,保变电气,2011-08-03,17.99,18.08,17.77,17.97,5893027,0.4292,24672646580.82,24672646580.82,41.1844,
600550.SH,保变电气,2011-08-04,18.03,18.2,17.89,17.89,3458252,0.2519,24562807308.34,24562807308.34,41.0011,
600550.SH,保变电气,2011-08-05,17.3,17.58,17.04,17.27,5830371,0.4246,23711552946.62,23711552946.62,39.5801,
600550.SH,保变电气,2011-08-08,17,17,15.54,15.84,10105110,0.736,21748175951.04,21748175951.04,36.3028,
600550.SH,保变电气,2011-08-09,15.29,15.69,14.93,15.48,10066650,0.7332,21253899224.88,21253899224.88,35.4777,
600550.SH,保变电气,2011-08-10,15.75,15.92,15.51,15.6,6379782,0.4647,21418658133.6,21418658133.6,35.7527,
600550.SH,保变电气,2011-08-11,15.2,15.83,15.1,15.77,5932538,0.4321,21652066587.62,21652066587.62,36.1424,
600550.SH,保变电气,2011-08-12,15.9,16.09,15.82,15.97,6728282,0.49,21926664768.82,21926664768.82,36.6007,
600550.SH,保变电气,2011-08-15,16.07,16.27,15.9,16.23,4547565,0.3312,22283642404.38,22283642404.38,37.1966,
600550.SH,保变电气,2011-08-16,16.48,16.49,16,16.03,5165287,0.3762,22009044223.18,22009044223.18,36.7382,
600550.SH,保变电气,2011-08-17,16.03,16.06,15.84,15.85,3584054,0.261,21761905860.1,21761905860.1,36.3257,
600550.SH,保变电气,2011-08-18,15.9,16.08,15.57,15.61,4215225,0.307,21432388042.66,21432388042.66,35.7757,
600550.SH,保变电气,2011-08-19,15.25,15.5,15.11,15.31,4628833,0.3371,21020490770.86,21020490770.86,35.0881,
600550.SH,保变电气,2011-08-22,15.3,15.49,15.16,15.19,3866004,0.2816,20855731862.14,20855731862.14,47.9275,
600550.SH,保变电气,2011-08-23,15.3,15.5,15.26,15.49,3715714,0.2706,21267629133.94,21267629133.94,48.8741,
600550.SH,保变电气,2011-08-24,15.65,15.79,15.47,15.49,5036274,0.3668,21267629133.94,21267629133.94,48.8741,
600550.SH,保变电气,2011-08-25,15.6,16.06,15.47,16.05,7199454,0.5244,22036504041.3,22036504041.3,50.641,
600550.SH,保变电气,2011-08-26,15.9,16.05,15.82,15.97,4243541,0.3091,21926664768.82,21926664768.82,50.3886,
600550.SH,保变电气,2011-08-29,15.98,16.48,15.81,16.08,8491016,0.6184,22077693768.48,22077693768.48,50.7357,
600550.SH,保变电气,2011-08-30,16.19,16.43,15.9,15.91,6996814,0.5096,21844285314.46,21844285314.46,50.1993,
600550.SH,保变电气,2011-08-31,15.91,16.06,15.68,15.8,3368908,0.2454,21693256314.8,21693256314.8,49.8522,
600550.SH,保变电气,2011-09-01,15.9,15.97,15.66,15.71,3084746,0.2247,21569687133.26,21569687133.26,49.5682,
600550.SH,保变电气,2011-09-02,15.68,15.7,15.28,15.41,4098380,0.2985,21157789861.46,21157789861.46,48.6217,
600550.SH,保变电气,2011-09-05,15.34,15.34,14.97,15.05,4083927,0.2974,20663513135.3,20663513135.3,47.4858,
600550.SH,保变电气,2011-09-06,14.95,15.19,14.9,15.09,3220699,0.2346,20718432771.54,20718432771.54,47.612,
600550.SH,保变电气,2011-09-07,15.19,15.38,15.05,15.36,3336914,0.243,21089140316.16,21089140316.16,48.4639,
600550.SH,保变电气,2011-09-08,15.46,15.47,15.14,15.15,2724330,0.1984,20800812225.9,20800812225.9,47.8013,
600550.SH,保变电气,2011-09-09,15.18,15.47,15.02,15.07,2690967,0.196,20690972953.42,20690972953.42,47.5489,
600550.SH,保变电气,2011-09-13,14.9,14.97,14.78,14.84,2879982,0.2098,20375185045.04,20375185045.04,46.8232,
600550.SH,保变电气,2011-09-14,14.95,15.14,14.75,15.12,3176813,0.2314,20759622498.72,20759622498.72,47.7067,
600550.SH,保变电气,2011-09-15,15.08,15.2,14.93,14.97,4903451,0.3571,20553673862.82,20553673862.82,47.2334,
600550.SH,保变电气,2011-09-16,15.07,15.1,14.97,15,2715545,0.1978,20594863590,20594863590,47.328,
600550.SH,保变电气,2011-09-19,15.07,15.07,14.61,14.62,3145782,0.2291,20073127045.72,20073127045.72,46.1291,
600550.SH,保变电气,2011-09-20,14.62,14.86,14.58,14.76,2056678,0.1498,20265345772.56,20265345772.56,46.5708,
600550.SH,保变电气,2011-09-21,14.8,15.3,14.65,15.18,5486013,0.3996,20842001953.08,20842001953.08,47.896,
600550.SH,保变电气,2011-09-22,15.08,15.18,14.67,14.69,4913782,0.3579,20169236409.14,20169236409.14,46.3499,
600550.SH,保变电气,2011-09-23,14.45,14.67,14.38,14.6,3527320,0.2569,20045667227.6,20045667227.6,46.066,
600550.SH,保变电气,2011-09-26,14.49,14.71,14.35,14.38,2834115,0.2064,19743609228.28,19743609228.28,45.3718,
600550.SH,保变电气,2011-09-27,14.52,14.75,14.39,14.56,3354896,0.2443,19990747591.36,19990747591.36,45.9397,
600550.SH,保变电气,2011-09-28,14.58,14.84,14.39,14.44,4741181,0.3453,19825988682.64,19825988682.64,45.5611,
600550.SH,保变电气,2011-09-29,14.36,14.64,14.33,14.37,5167454,0.3764,19729879319.22,19729879319.22,45.3403,
600550.SH,保变电气,2011-09-30,14.5,14.5,13.8,13.96,4581597,0.3337,19166953047.76,19166953047.76,44.0466,
600550.SH,保变电气,2011-10-10,13.95,14.07,13.75,13.79,2693115,0.1961,18933544593.74,18933544593.74,43.5102,
600550.SH,保变电气,2011-10-11,14.09,14.18,13.68,13.79,3995284,0.291,18933544593.74,18933544593.74,43.5102,
600550.SH,保变电气,2011-10-12,13.79,14.24,13.7,14.21,4991406,0.3635,19510200774.26,19510200774.26,44.8354,
600550.SH,保变电气,2011-10-13,14.24,14.41,14.12,14.28,5269178,0.3838,19606310137.68,19606310137.68,45.0563,
600550.SH,保变电气,2011-10-14,14.24,14.37,14.18,14.32,3674313,0.2676,19661229773.92,19661229773.92,45.1825,
600550.SH,保变电气,2011-10-17,14.36,14.52,14.22,14.27,4302978,0.3134,19592580228.62,19592580228.62,45.0247,
600550.SH,保变电气,2011-10-18,14.11,14.25,13.79,13.81,4479343,0.3262,18961004411.86,18961004411.86,43.5733,
600550.SH,保变电气,2011-10-19,13.93,13.98,13.71,13.75,2378446,0.1732,18878624957.5,18878624957.5,43.384,
600550.SH,保变电气,2011-10-20,13.75,13.75,13.75,13.75,--,--,18878624957.5,18878624957.5,43.384,
600550.SH,保变电气,2011-10-21,13.4,13.4,12.84,12.85,5251402,0.3825,17642933142.1,17642933142.1,56.3811,
600550.SH,保变电气,2011-10-24,12.86,13.14,12.76,13.05,4106924,0.2991,17917531323.3,17917531323.3,57.2586,
600550.SH,保变电气,2011-10-25,13.05,13.33,12.88,13.29,5654562,0.4118,18247049140.74,18247049140.74,58.3117,
600550.SH,保变电气,2011-10-26,13.13,13.65,13.08,13.47,6429155,0.4683,18494187503.82,18494187503.82,59.1014,
600550.SH,保变电气,2011-10-27,13.53,13.56,13.37,13.38,4580110,0.3336,18370618322.28,18370618322.28,58.7066,
600550.SH,保变电气,2011-10-28,13.55,13.79,13.45,13.72,7580490,0.5521,18837435230.32,18837435230.32,60.1984,
600550.SH,保变电气,2011-10-31,13.72,14.05,13.6,13.81,6350499,0.4625,18961004411.86,18961004411.86,60.5932,
600550.SH,保变电气,2011-11-01,13.7,14.1,13.58,14.04,7875338,0.5736,19276792320.24,19276792320.24,61.6024,
600550.SH,保变电气,2011-11-02,13.75,14.34,13.69,14.32,9670029,0.7043,19661229773.92,19661229773.92,62.8309,
600550.SH,保变电气,2011-11-03,14.4,14.75,14.2,14.23,16074278,1.1707,19537660592.38,19537660592.38,62.4361,
600550.SH,保变电气,2011-11-04,14.37,15.05,14.19,14.61,16202234,1.1801,20059397136.66,20059397136.66,64.1034,
600550.SH,保变电气,2011-11-07,14.4,14.59,14.26,14.26,7798929,0.568,19578850319.56,19578850319.56,62.5677,
600550.SH,保变电气,2011-11-08,14.3,14.44,13.96,13.97,5804770,0.4228,19180682956.82,19180682956.82,61.2953,
600550.SH,保变电气,2011-11-09,14,14.31,13.89,14.3,5293021,0.3855,19633769955.8,19633769955.8,62.7432,
600550.SH,保变电气,2011-11-10,14.11,14.61,14.03,14.31,9266379,0.6749,19647499864.86,19647499864.86,62.7871,
600550.SH,保变电气,2011-11-11,14.43,14.5,14.11,14.14,5150323,0.3751,19414091410.84,19414091410.84,62.0412,
600550.SH,保变电气,2011-11-14,14.3,14.5,14.25,14.42,6298067,0.4587,19798528864.52,19798528864.52,63.2697,
600550.SH,保变电气,2011-11-15,14.42,14.64,14.35,14.6,9877330,0.7194,20045667227.6,20045667227.6,64.0595,
600550.SH,保变电气,2011-11-16,14.99,15.29,14.38,14.53,17914879,1.3048,19949557864.18,19949557864.18,63.7523,
600550.SH,保变电气,2011-11-17,14.55,14.62,14.18,14.2,7221992,0.526,19496470865.2,19496470865.2,62.3044,
600550.SH,保变电气,2011-11-18,14.1,14.14,13.6,13.64,6591814,0.4801,18727595957.84,18727595957.84,59.8473,
600550.SH,保变电气,2011-11-21,13.54,13.78,13.54,13.7,2389876,0.1741,18809975412.2,18809975412.2,60.1106,
600550.SH,保变电气,2011-11-22,13.69,13.69,13.35,13.54,3420953,0.2492,18590296867.24,18590296867.24,59.4086,
600550.SH,保变电气,2011-11-23,13.56,13.72,13.33,13.38,2953039,0.2151,18370618322.28,18370618322.28,58.7066,
600550.SH,保变电气,2011-11-24,13.28,13.51,13.15,13.41,2635506,0.192,18411808049.46,18411808049.46,58.8382,
600550.SH,保变电气,2011-11-25,13.37,13.61,13.3,13.33,2680054,0.1952,18301968776.98,18301968776.98,58.4872,
600550.SH,保变电气,2011-11-28,13.36,13.45,13.05,13.26,3221197,0.2346,18205859413.56,18205859413.56,58.18,
600550.SH,保变电气,2011-11-29,13.38,13.5,13.26,13.45,2808461,0.2046,18466727685.7,18466727685.7,59.0137,
600550.SH,保变电气,2011-11-30,13.41,13.44,12.55,12.71,5704942,0.4155,17450714415.26,17450714415.26,55.7668,
600550.SH,保变电气,2011-12-01,13.04,13.38,12.99,13.15,7799844,0.5681,18054830413.9,18054830413.9,57.6974,
600550.SH,保变电气,2011-12-02,13.14,13.2,12.85,12.96,2827854,0.206,17793962141.76,17793962141.76,56.8638,
600550.SH,保变电气,2011-12-05,12.98,12.98,12.53,12.54,3145941,0.2291,17217305961.24,17217305961.24,55.0209,
600550.SH,保变电气,2011-12-06,12.6,12.65,12.3,12.4,2996082,0.2182,17025087234.4,17025087234.4,54.4067,
600550.SH,保变电气,2011-12-07,12.47,12.54,12.3,12.38,2882846,0.21,16997627416.28,16997627416.28,54.3189,
600550.SH,保变电气,2011-12-08,12.38,12.57,12.14,12.42,2730456,0.1989,17052547052.52,17052547052.52,54.4944,
600550.SH,保变电气,2011-12-09,12.34,12.45,12.15,12.2,2691812,0.1961,16750489053.2,16750489053.2,53.5292,
600550.SH,保变电气,2011-12-12,12.25,12.27,12.13,12.15,1814516,0.1322,16681839507.9,16681839507.9,53.3098,
600550.SH,保变电气,2011-12-13,12.14,12.2,11.65,11.73,4390859,0.3198,16105183327.38,16105183327.38,51.467,
600550.SH,保变电气,2011-12-14,11.77,11.79,11.22,11.35,3065979,0.2233,15583446783.1,15583446783.1,49.7997,
600550.SH,保变电气,2011-12-15,11.29,11.3,10.81,10.83,4449649,0.3241,14869491511.98,14869491511.98,47.5181,
600550.SH,保变电气,2011-12-16,10.83,11.2,10.83,11.18,3505547,0.2553,15350038329.08,15350038329.08,49.0538,
600550.SH,保变电气,2011-12-19,11.23,11.41,11,11.39,5963927,0.4344,15638366419.34,15638366419.34,49.9752,
600550.SH,保变电气,2011-12-20,11.35,11.49,11.17,11.18,3851051,0.2805,15350038329.08,15350038329.08,49.0538,
600550.SH,保变电气,2011-12-21,11.3,11.38,10.83,10.85,2751127,0.2004,14896951330.1,14896951330.1,47.6058,
600550.SH,保变电气,2011-12-22,10.78,10.9,10.21,10.72,4739310,0.3452,14718462512.32,14718462512.32,47.0354,
600550.SH,保变电气,2011-12-23,10.68,10.88,10.62,10.73,2911960,0.2121,14732192421.38,14732192421.38,47.0793,
600550.SH,保变电气,2011-12-26,10.72,10.86,10.28,10.5,3282657,0.2391,14416404513,14416404513,46.0702,
600550.SH,保变电气,2011-12-27,10.56,10.58,10.13,10.14,3037805,0.2213,13922127786.84,13922127786.84,44.4906,
600550.SH,保变电气,2011-12-28,10.12,10.46,9.92,10.39,3875205,0.2822,14265375513.34,14265375513.34,45.5875,
600550.SH,保变电气,2011-12-29,10.36,11.43,10.25,11.07,16208090,1.1805,15199009329.42,15199009329.42,48.5711,
600550.SH,保变电气,2011-12-30,11,11.29,10.9,11.18,6197097,0.4514,15350038329.08,15350038329.08,49.0538,
600550.SH,保变电气,2012-01-04,11.21,11.35,10.63,10.66,5160222,0.3758,14636083057.96,14636083057.96,46.7722,
600550.SH,保变电气,2012-01-05,10.69,10.75,10.3,10.43,4300530,0.3132,14320295149.58,14320295149.58,45.763,
600550.SH,保变电气,2012-01-06,10.39,10.73,10.23,10.66,3824712,0.2786,14636083057.96,14636083057.96,46.7722,
600550.SH,保变电气,2012-01-09,10.69,11.13,10.42,11.07,5217465,0.38,15199009329.42,15199009329.42,48.5711,
600550.SH,保变电气,2012-01-10,11.09,11.65,10.96,11.58,11402239,0.8305,15899234691.48,15899234691.48,50.8088,
600550.SH,保变电气,2012-01-11,11.57,11.64,11.36,11.46,6658564,0.485,15734475782.76,15734475782.76,50.2823,
600550.SH,保变电气,2012-01-12,11.61,12.24,11.54,11.57,9372240,0.6826,15885504782.42,15885504782.42,50.7649,
600550.SH,保变电气,2012-01-13,11.5,11.7,11.16,11.23,5050668,0.3679,15418687874.38,15418687874.38,49.2731,
600550.SH,保变电气,2012-01-16,11.23,11.23,11.23,11.23,--,--,15418687874.38,15418687874.38,49.2731,
600550.SH,保变电气,2012-01-17,10.89,11.75,10.85,11.73,7847666,0.5716,16105183327.38,16105183327.38,51.467,
600550.SH,保变电气,2012-01-18,11.73,11.73,11.25,11.31,8279288,0.603,15528527146.86,15528527146.86,49.6242,
600550.SH,保变电气,2012-01-19,11.2,11.52,11.19,11.35,5813896,0.4234,15583446783.1,15583446783.1,49.7997,
600550.SH,保变电气,2012-01-20,11.35,11.47,11.1,11.25,5082263,0.3702,15446147692.5,15446147692.5,49.3609,
600550.SH,保变电气,2012-01-30,11.3,11.36,11.11,11.25,3302271,0.2405,15446147692.5,15446147692.5,49.3609,
600550.SH,保变电气,2012-01-31,11.25,11.3,11.07,11.17,2507343,0.1826,15336308420.02,15336308420.02,49.0099,
600550.SH,保变电气,2012-02-01,11.23,11.29,10.97,11,3256298,0.2372,15102899966,15102899966,48.264,
600550.SH,保变电气,2012-02-02,11.05,11.16,10.85,11.16,5252122,0.3825,15322578510.96,15322578510.96,48.966,
600550.SH,保变电气,2012-02-03,11.1,11.31,10.98,11.3,7899733,0.5754,15514797237.8,15514797237.8,49.5803,
600550.SH,保变电气,2012-02-06,11.3,11.45,11.23,11.38,9088637,0.662,15624636510.28,15624636510.28,49.9313,
600550.SH,保变电气,2012-02-07,11.35,11.35,10.93,11.02,5633134,0.4103,15130359784.12,15130359784.12,48.3517,
600550.SH,保变电气,2012-02-08,11,11.35,11,11.3,6153919,0.4482,15514797237.8,15514797237.8,49.5803,
600550.SH,保变电气,2012-02-09,11.31,11.66,11.31,11.44,10353639,0.7541,15707015964.64,15707015964.64,50.1945,
600550.SH,保变电气,2012-02-10,11.4,11.7,11.4,11.54,8657261,0.6305,15844315055.24,15844315055.24,50.6333,
600550.SH,保变电气,2012-02-13,11.4,11.88,11.35,11.68,11097536,0.8083,16036533782.08,16036533782.08,51.2476,
600550.SH,保变电气,2012-02-14,11.63,11.75,11.5,11.7,6945764,0.5059,16063993600.2,16063993600.2,51.3353,
600550.SH,保变电气,2012-02-15,11.67,12.08,11.53,12,12938097,0.9423,16475890872,16475890872,52.6516,
600550.SH,保变电气,2012-02-16,12,12,11.74,11.94,12479355,0.9089,16393511417.64,16393511417.64,52.3884,
600550.SH,保变电气,2012-02-17,11.95,12.09,11.78,11.84,8034109,0.5852,16256212327.04,16256212327.04,51.9496,
600550.SH,保变电气,2012-02-20,12.02,12.03,11.72,11.82,7977112,0.581,16228752508.92,16228752508.92,51.8619,
600550.SH,保变电气,2012-02-21,12,12.47,11.97,12.19,18860298,1.3737,16736759144.14,16736759144.14,53.4853,
600550.SH,保变电气,2012-02-22,12.13,12.37,11.88,12.28,15938918,1.1609,16860328325.68,16860328325.68,53.8802,
600550.SH,保变电气,2012-02-23,12.2,12.38,12.15,12.32,11322921,0.8247,16915247961.92,16915247961.92,54.0557,
600550.SH,保变电气,2012-02-24,12.32,12.48,12.2,12.41,10110861,0.7364,17038817143.46,17038817143.46,54.4506,
600550.SH,保变电气,2012-02-27,12.5,12.82,12.41,12.46,16619058,1.2104,17107466688.76,17107466688.76,54.6699,
600550.SH,保变电气,2012-02-28,12.41,12.57,12.23,12.41,8338516,0.6073,17038817143.46,17038817143.46,54.4506,
600550.SH,保变电气,2012-02-29,12.37,12.46,12.22,12.29,5118524,0.3728,16874058234.74,16874058234.74,53.924,
600550.SH,保变电气,2012-03-01,12.5,12.59,12.18,12.38,7997623,0.5825,16997627416.28,16997627416.28,54.3189,
600550.SH,保变电气,2012-03-02,12.38,12.57,12.3,12.56,7020104,0.5113,17244765779.36,17244765779.36,55.1087,
600550.SH,保变电气,2012-03-05,12.59,12.76,12.51,12.54,7259161,0.5287,17217305961.24,17217305961.24,55.0209,
600550.SH,保变电气,2012-03-06,12.42,12.52,12.15,12.19,6651979,0.4845,16736759144.14,16736759144.14,53.4853,
600550.SH,保变电气,2012-03-07,12.09,12.17,11.92,11.96,6674337,0.4861,16420971235.76,16420971235.76,52.4761,
600550.SH,保变电气,2012-03-08,12.01,12.26,12,12.25,7340077,0.5346,16819138598.5,16819138598.5,53.7485,
600550.SH,保变电气,2012-03-09,12.5,12.6,12.23,12.52,8562105,0.6236,17189846143.12,17189846143.12,54.9332,
600550.SH,保变电气,2012-03-12,12.54,12.83,12.41,12.62,12013999,0.875,17327145233.72,17327145233.72,55.372,
600550.SH,保变电气,2012-03-13,12.8,12.82,12.48,12.64,10091527,0.735,17354605051.84,17354605051.84,55.4597,
600550.SH,保变电气,2012-03-14,12.8,12.83,12.08,12.28,16741257,1.2193,16860328325.68,16860328325.68,53.8802,
600550.SH,保变电气,2012-03-15,12.26,12.55,11.94,12.44,17447577,1.2708,17080006870.64,17080006870.64,54.5822,
600550.SH,保变电气,2012-03-16,12.7,12.7,12.26,12.56,11488222,0.8367,17244765779.36,17244765779.36,55.1087,
600550.SH,保变电气,2012-03-19,12.45,12.48,12.21,12.46,7833060,0.5705,17107466688.76,17107466688.76,54.6699,
600550.SH,保变电气,2012-03-20,12.36,12.36,11.9,11.94,12376849,0.9015,16393511417.64,16393511417.64,466.2627,
600550.SH,保变电气,2012-03-21,12.05,12.13,11.7,11.83,7723444,0.5625,16242482417.98,16242482417.98,461.9672,
600550.SH,保变电气,2012-03-22,11.81,11.81,11.4,11.62,6329197,0.461,15954154327.72,15954154327.72,453.7666,
600550.SH,保变电气,2012-03-23,11.58,11.65,11.3,11.4,7176255,0.5227,15652096328.4,15652096328.4,445.1755,
600550.SH,保变电气,2012-03-26,11.4,11.4,11.4,11.4,--,--,15652096328.4,15652096328.4,445.1755,
600550.SH,保变电气,2012-03-27,11.4,11.6,11.11,11.3,8639579,0.6293,15514797237.8,15514797237.8,441.2704,
600550.SH,保变电气,2012-03-28,11.49,12.1,11.15,11.34,20836402,1.5176,15569716874.04,15569716874.04,442.8325,
600550.SH,保变电气,2012-03-29,11.88,11.88,10.6,10.62,16877682,1.2293,14581163421.72,14581163421.72,414.7161,
600550.SH,保变电气,2012-03-30,10.38,10.46,9.98,10.16,13094331,0.9537,13949587604.96,13949587604.96,396.7529,
600550.SH,保变电气,2012-04-05,10.25,10.37,10.1,10.33,6209305,0.4522,14182996058.98,14182996058.98,403.3915,
600550.SH,保变电气,2012-04-06,10.34,10.43,10.26,10.34,5095611,0.3711,14196725968.04,14196725968.04,403.782,
600550.SH,保变电气,2012-04-09,10.33,10.33,10.13,10.16,3989067,0.2905,13949587604.96,13949587604.96,396.7529,
600550.SH,保变电气,2012-04-10,10.15,10.23,9.88,10.19,6916617,0.5038,13990777332.14,13990777332.14,397.9244,
600550.SH,保变电气,2012-04-11,10.05,10.18,9.93,10.1,7657847,0.5577,13867208150.6,13867208150.6,394.4099,
600550.SH,保变电气,2012-04-12,10.1,10.1,10.1,10.1,--,--,13867208150.6,13867208150.6,394.4099,
600550.SH,保变电气,2012-04-13,10.3,10.44,10.2,10.43,13876837,1.0107,14320295149.58,14320295149.58,407.2965,
600550.SH,保变电气,2012-04-16,10.33,10.55,10.32,10.51,8601809,0.6265,14430134422.06,14430134422.06,410.4206,
600550.SH,保变电气,2012-04-17,10.49,10.53,10.33,10.46,5480834,0.3992,14361484876.76,14361484876.76,408.468,
600550.SH,保变电气,2012-04-18,10.52,10.66,10.2,10.61,9798063,0.7136,14567433512.66,14567433512.66,414.3256,
600550.SH,保变电气,2012-04-19,10.61,10.66,10.47,10.51,6293876,0.4584,14430134422.06,14430134422.06,410.4206,
600550.SH,保变电气,2012-04-20,10.5,10.61,10.44,10.55,6269402,0.4566,14485054058.3,14485054058.3,411.9826,
600550.SH,保变电气,2012-04-23,10.5,10.52,10.1,10.22,10418800,0.7588,14031967059.32,14031967059.32,-63.1061,
600550.SH,保变电气,2012-04-24,10.14,10.29,9.98,10.13,7482613,0.545,13908397877.78,13908397877.78,-62.5504,
600550.SH,保变电气,2012-04-25,10.15,10.28,10.1,10.26,6129334,0.4464,14086886695.56,14086886695.56,-63.3531,
600550.SH,保变电气,2012-04-26,10.27,10.59,10.27,10.39,9032439,0.6579,14265375513.34,14265375513.34,-64.1558,
600550.SH,保变电气,2012-04-27,10.44,10.45,10.26,10.32,4384760,0.3194,14169266149.92,14169266149.92,-63.7236,
600550.SH,保变电气,2012-05-02,10.51,10.55,10.3,10.49,7605424,0.5539,14402674603.94,14402674603.94,-64.7733,
600550.SH,保变电气,2012-05-03,10.49,10.5,10.2,10.34,6331824,0.4612,14196725968.04,14196725968.04,-63.8471,
600550.SH,保变电气,2012-05-04,10.38,10.56,10.38,10.51,7454177,0.5429,14430134422.06,14430134422.06,-64.8968,
600550.SH,保变电气,2012-05-07,10.45,10.74,10.4,10.7,9569443,0.697,14691002694.2,14691002694.2,-66.07,
600550.SH,保变电气,2012-05-08,10.74,10.76,10.58,10.68,8508224,0.6197,14663542876.08,14663542876.08,-65.9465,
600550.SH,保变电气,2012-05-09,10.63,10.63,10.38,10.38,5989158,0.4362,14251645604.28,14251645604.28,-64.0941,
600550.SH,保变电气,2012-05-10,10.38,10.46,10.31,10.36,3999047,0.2913,14224185786.16,14224185786.16,-63.9706,
600550.SH,保变电气,2012-05-11,10.35,10.38,10.2,10.21,4188392,0.3051,14018237150.26,14018237150.26,-63.0444,
600550.SH,保变电气,2012-05-14,10.3,10.35,10.18,10.19,4015327,0.2925,13990777332.14,13990777332.14,-62.9209,
600550.SH,保变电气,2012-05-15,10.14,10.16,9.98,10.09,5448380,0.3968,13853478241.54,13853478241.54,-62.3034,
600550.SH,保变电气,2012-05-16,10.01,10.14,9.99,9.99,4241762,0.3089,13716179150.94,13716179150.94,-61.6859,
600550.SH,保变电气,2012-05-17,9.98,10.12,9.98,10.11,3989248,0.2906,13880938059.66,13880938059.66,-62.4269,
600550.SH,保变电气,2012-05-18,10.06,10.07,9.88,9.9,4962906,0.3615,13592609969.4,13592609969.4,-61.1302,
600550.SH,保变电气,2012-05-21,9.94,9.96,9.61,9.78,4659388,0.3394,13427851060.68,13427851060.68,-60.3892,
600550.SH,保变电气,2012-05-22,9.82,9.91,9.81,9.85,3047115,0.2219,13523960424.1,13523960424.1,-60.8214,
600550.SH,保变电气,2012-05-23,9.85,9.86,9.65,9.68,4713396,0.3433,13290551970.08,13290551970.08,-59.7717,
600550.SH,保变电气,2012-05-24,9.69,10.48,9.69,10.06,14018157,1.021,13812288514.36,13812288514.36,-62.1181,
600550.SH,保变电气,2012-05-25,10.03,10.2,9.94,10.07,6929474,0.5047,13826018423.42,13826018423.42,-62.1799,
600550.SH,保变电气,2012-05-28,10,10.22,9.74,10.21,8004239,0.583,14018237150.26,14018237150.26,-63.0444,
600550.SH,保变电气,2012-05-29,10.21,10.33,10.1,10.3,11136265,0.8111,14141806331.8,14141806331.8,-63.6001,
600550.SH,保变电气,2012-05-30,10.22,10.34,10.06,10.16,10083470,0.7344,13949587604.96,13949587604.96,-62.7356,
600550.SH,保变电气,2012-05-31,10.08,10.15,10.02,10.08,6240508,0.4545,13839748332.48,13839748332.48,-62.2416,
600550.SH,保变电气,2012-06-01,10.06,10.19,10,10.03,4890781,0.3562,13771098787.18,13771098787.18,-61.9329,
600550.SH,保变电气,2012-06-04,9.87,9.87,9.61,9.64,7796494,0.5678,13235632333.84,13235632333.84,-59.5247,
600550.SH,保变电气,2012-06-05,9.64,9.77,9.62,9.63,3752494,0.2733,13221902424.78,13221902424.78,-59.463,
600550.SH,保变电气,2012-06-06,9.67,9.72,9.56,9.62,3364655,0.2451,13208172515.72,13208172515.72,-59.4012,
600550.SH,保变电气,2012-06-07,9.69,9.75,9.49,9.5,3475021,0.2531,13043413607,13043413607,-58.6603,
600550.SH,保变电气,2012-06-08,9.6,9.63,9.43,9.44,3128608,0.2279,12961034152.64,12961034152.64,-58.2898,
600550.SH,保变电气,2012-06-11,9.49,9.62,9.46,9.58,2906730,0.2117,13153252879.48,13153252879.48,-59.1543,
600550.SH,保变电气,2012-06-12,9.54,9.59,9.46,9.47,2756915,0.2008,13002223879.82,13002223879.82,-58.475,
600550.SH,保变电气,2012-06-13,9.47,9.61,9.37,9.58,3488638,0.2541,13153252879.48,13153252879.48,-59.1543,
600550.SH,保变电气,2012-06-14,9.53,9.62,9.49,9.5,3893268,0.2836,13043413607,13043413607,-58.6603,
600550.SH,保变电气,2012-06-15,9.57,9.65,9.47,9.55,3802222,0.2769,13112063152.3,13112063152.3,-58.969,
600550.SH,保变电气,2012-06-18,9.6,9.68,9.54,9.59,3671738,0.2674,13166982788.54,13166982788.54,-59.216,
600550.SH,保变电气,2012-06-19,9.56,9.64,9.48,9.62,4262042,0.3104,13208172515.72,13208172515.72,-59.4012,
600550.SH,保变电气,2012-06-20,9.63,9.64,9.54,9.56,2616162,0.1905,13125793061.36,13125793061.36,-59.0308,
600550.SH,保变电气,2012-06-21,9.59,9.59,9.3,9.32,4077977,0.297,12796275243.92,12796275243.92,-57.5488,
600550.SH,保变电气,2012-06-25,9.31,9.31,8.98,9,4652232,0.3388,12356918154,12356918154,-55.5729,
600550.SH,保变电气,2012-06-26,8.95,9.16,8.94,9.08,3442714,0.2507,12466757426.48,12466757426.48,-56.0669,
600550.SH,保变电气,2012-06-27,9.07,9.1,8.82,8.84,4141867,0.3017,12137239609.04,12137239609.04,-54.5849,
600550.SH,保变电气,2012-06-28,8.86,8.89,8.58,8.59,5183790,0.3776,11793991882.54,11793991882.54,-53.0412,
600550.SH,保变电气,2012-06-29,8.57,8.78,8.45,8.73,4749329,0.3459,11986210609.38,11986210609.38,-53.9057,
600550.SH,保变电气,2012-07-02,8.78,8.9,8.68,8.75,4320272,0.3147,12013670427.5,12013670427.5,-54.0292,
600550.SH,保变电气,2012-07-03,8.74,8.79,8.66,8.71,4182818,0.3047,11958750791.26,11958750791.26,-53.7822,
600550.SH,保变电气,2012-07-04,8.7,8.88,8.58,8.86,5107949,0.372,12164699427.16,12164699427.16,-54.7084,
600550.SH,保变电气,2012-07-05,8.81,8.81,8.49,8.54,4467457,0.3254,11725342337.24,11725342337.24,-52.7325,
600550.SH,保变电气,2012-07-06,8.58,8.69,8.43,8.66,3540523,0.2579,11890101245.96,11890101245.96,-53.4735,
600550.SH,保变电气,2012-07-09,8.58,8.68,8.37,8.39,3487647,0.254,11519393701.34,11519393701.34,-51.8063,
600550.SH,保变电气,2012-07-10,8.35,8.59,8.27,8.44,4519947,0.3292,11588043246.64,11588043246.64,-52.115,
600550.SH,保变电气,2012-07-11,8.4,8.5,8.35,8.43,2210047,0.161,11574313337.58,11574313337.58,-52.0533,
600550.SH,保变电气,2012-07-12,8.44,8.55,8.33,8.5,4364244,0.3179,11670422701,11670422701,-52.4855,
600550.SH,保变电气,2012-07-13,8.55,8.62,8.48,8.48,3181080,0.2317,11642962882.88,11642962882.88,-52.362,
600550.SH,保变电气,2012-07-16,8.5,8.51,7.97,7.98,6641969,0.4838,10956467429.88,10956467429.88,-49.2746,
600550.SH,保变电气,2012-07-17,7.98,8.09,7.98,8.03,2772585,0.2019,11025116975.18,11025116975.18,-49.5834,
600550.SH,保变电气,2012-07-18,8.05,8.12,7.96,8.12,2544084,0.1853,11148686156.72,11148686156.72,-50.1391,
600550.SH,保变电气,2012-07-19,8.12,8.25,8.05,8.19,4392304,0.3199,11244795520.14,11244795520.14,-50.5713,
600550.SH,保变电气,2012-07-20,8.14,8.34,8.14,8.19,3796753,0.2765,11244795520.14,11244795520.14,-50.5713,
600550.SH,保变电气,2012-07-23,8.08,8.15,8,8.04,2499072,0.182,11038846884.24,11038846884.24,-49.6451,
600550.SH,保变电气,2012-07-24,8.04,8.17,8,8.1,2820464,0.2054,11121226338.6,11121226338.6,-50.0156,
600550.SH,保变电气,2012-07-25,8.02,8.13,7.99,8.01,3496356,0.2547,10997657157.06,10997657157.06,-49.4599,
600550.SH,保变电气,2012-07-26,7.98,8.06,7.92,7.95,3372089,0.2456,10915277702.7,10915277702.7,-49.0894,
600550.SH,保变电气,2012-07-27,7.97,8.02,7.96,7.98,2090336,0.1522,10956467429.88,10956467429.88,-49.2746,
600550.SH,保变电气,2012-07-30,7.98,8.27,7.96,8.01,5676137,0.4134,10997657157.06,10997657157.06,-49.4599,
600550.SH,保变电气,2012-07-31,8,8.03,7.63,7.78,4919744,0.3583,10681869248.68,10681869248.68,-48.0397,
600550.SH,保变电气,2012-08-01,7.78,7.95,7.78,7.86,2043878,0.1489,10791708521.16,10791708521.16,-48.5337,
600550.SH,保变电气,2012-08-02,7.85,7.93,7.73,7.73,1736559,0.1265,10613219703.38,10613219703.38,-47.7309,
600550.SH,保变电气,2012-08-03,7.75,7.85,7.73,7.84,2301961,0.1677,10764248703.04,10764248703.04,-48.4102,
600550.SH,保变电气,2012-08-06,7.84,8.04,7.84,8.03,3034201,0.221,11025116975.18,11025116975.18,-49.5834,
600550.SH,保变电气,2012-08-07,8.01,8.22,8,8.16,6229982,0.4538,11203605792.96,11203605792.96,-50.3861,
600550.SH,保变电气,2012-08-08,8.19,8.2,8,8.03,4198589,0.3058,11025116975.18,11025116975.18,-49.5834,
600550.SH,保变电气,2012-08-09,8.02,8.09,7.9,8.08,3338743,0.2432,11093766520.48,11093766520.48,-49.8921,
600550.SH,保变电气,2012-08-10,8.1,8.35,8.04,8.23,6713672,0.489,11299715156.38,11299715156.38,-50.8183,
600550.SH,保变电气,2012-08-13,8.13,8.16,8,8.01,3980716,0.2899,10997657157.06,10997657157.06,-49.4599,
600550.SH,保变电气,2012-08-14,8.07,8.07,7.88,8,3095091,0.2254,10983927248,10983927248,-49.3981,
600550.SH,保变电气,2012-08-15,7.96,7.98,7.8,7.85,2892662,0.2107,10777978612.1,10777978612.1,-48.4719,
600550.SH,保变电气,2012-08-16,7.81,7.9,7.74,7.77,1985765,0.1446,10668139339.62,10668139339.62,-47.9779,
600550.SH,保变电气,2012-08-17,7.83,7.87,7.74,7.81,2716260,0.1978,10723058975.86,10723058975.86,-48.2249,
600550.SH,保变电气,2012-08-20,7.72,7.78,7.65,7.74,2754617,0.2006,10626949612.44,10626949612.44,-47.7927,
600550.SH,保变电气,2012-08-21,7.77,7.88,7.72,7.8,3716958,0.2707,10709329066.8,10709329066.8,-48.1632,
600550.SH,保变电气,2012-08-22,7.83,7.86,7.67,7.69,2694699,0.1963,10558300067.14,10558300067.14,-47.484,
600550.SH,保变电气,2012-08-23,7.68,7.82,7.64,7.79,4043806,0.2945,10695599157.74,10695599157.74,-48.1014,
600550.SH,保变电气,2012-08-24,7.7,7.77,7.47,7.48,4241959,0.309,10269971976.88,10269971976.88,-46.1872,
600550.SH,保变电气,2012-08-27,7.43,7.44,7.15,7.21,4683220,0.3411,9899264432.26,9899264432.26,-44.5201,
600550.SH,保变电气,2012-08-28,7.05,7.3,7.05,7.19,3473546,0.253,9871804614.14,9871804614.14,-18.3162,
600550.SH,保变电气,2012-08-29,7.18,7.37,7.08,7.2,4255560,0.3099,9885534523.2,9885534523.2,-18.3417,
600550.SH,保变电气,2012-08-30,7.18,7.24,7.02,7.04,3653901,0.2661,9665855978.24,9665855978.24,-17.9341,
600550.SH,保变电气,2012-08-31,7.04,7.25,7.04,7.13,2623376,0.1911,9789425159.78,9789425159.78,-18.1634,
600550.SH,保变电气,2012-09-03,7.13,7.19,7.05,7.16,2919103,0.2126,9830614886.96,9830614886.96,-18.2398,
600550.SH,保变电气,2012-09-04,7.16,7.19,7.02,7.04,4163737,0.3033,9665855978.24,9665855978.24,-17.9341,
600550.SH,保变电气,2012-09-05,7.02,7.06,6.85,6.88,4729351,0.3445,9446177433.28,9446177433.28,-17.5265,
600550.SH,保变电气,2012-09-06,6.88,6.99,6.88,6.97,2957313,0.2154,9569746614.82,9569746614.82,-17.7558,
600550.SH,保变电气,2012-09-07,7.01,7.44,6.96,7.34,12102868,0.8815,10077753250.04,10077753250.04,-18.6984,
600550.SH,保变电气,2012-09-10,7.32,7.45,7.28,7.38,6862515,0.4998,10132672886.28,10132672886.28,-18.8003,
600550.SH,保变电气,2012-09-11,7.38,7.54,7.29,7.53,8845525,0.6443,10338621522.18,10338621522.18,-19.1824,
600550.SH,保变电气,2012-09-12,7.53,7.6,7.4,7.47,6249519,0.4552,10256242067.82,10256242067.82,-19.0295,
600550.SH,保变电气,2012-09-13,7.48,7.78,7.44,7.46,11513377,0.8386,10242512158.76,10242512158.76,-19.0041,
600550.SH,保变电气,2012-09-14,7.54,7.59,7.37,7.45,6359900,0.4632,10228782249.7,10228782249.7,-18.9786,
600550.SH,保变电气,2012-09-17,7.4,7.48,7.1,7.12,5950728,0.4334,9775695250.72,9775695250.72,-18.1379,
600550.SH,保变电气,2012-09-18,7.12,7.2,7.06,7.08,3458872,0.2519,9720775614.48,9720775614.48,-18.036,
600550.SH,保变电气,2012-09-19,7.06,7.17,7.04,7.14,3121855,0.2274,9803155068.84,9803155068.84,-18.1889,
600550.SH,保变电气,2012-09-20,7.1,7.1,6.84,6.85,4635643,0.3376,9404987706.1,9404987706.1,-17.4501,
600550.SH,保变电气,2012-09-21,6.87,6.93,6.79,6.8,2810080,0.2047,9336338160.8,9336338160.8,-17.3227,
600550.SH,保变电气,2012-09-24,6.8,6.87,6.63,6.81,3211979,0.2339,9350068069.86,9350068069.86,-17.3482,
600550.SH,保变电气,2012-09-25,6.76,6.88,6.71,6.74,2017069,0.1469,9253958706.44,9253958706.44,-17.1699,
600550.SH,保变电气,2012-09-26,6.8,6.87,6.55,6.61,2994226,0.2181,9075469888.66,9075469888.66,-16.8387,
600550.SH,保变电气,2012-09-27,6.66,6.88,6.61,6.81,5409970,0.394,9350068069.86,9350068069.86,-17.3482,
600550.SH,保变电气,2012-09-28,6.76,7.07,6.75,7.06,7530648,0.5485,9693315796.36,9693315796.36,-17.9851,
600550.SH,保变电气,2012-10-08,7.06,7.09,6.92,6.97,4891898,0.3563,9569746614.82,9569746614.82,-17.7558,
600550.SH,保变电气,2012-10-09,7.03,7.17,6.99,7.13,4793835,0.3492,9789425159.78,9789425159.78,-18.1634,
600550.SH,保变电气,2012-10-10,7.11,7.22,7.11,7.18,4974635,0.3623,9858074705.08,9858074705.08,-18.2908,
600550.SH,保变电气,2012-10-11,7.11,7.14,7.01,7.05,5329843,0.3882,9679585887.3,9679585887.3,-17.9596,
600550.SH,保变电气,2012-10-12,7.05,7.14,6.94,6.99,3336520,0.243,9597206432.94,9597206432.94,-17.8068,
600550.SH,保变电气,2012-10-15,7.04,7.05,6.82,6.88,2827368,0.2059,9446177433.28,9446177433.28,-17.5265,
600550.SH,保变电气,2012-10-16,6.9,7.06,6.9,6.95,3736700,0.2722,9542286796.7,9542286796.7,-17.7049,
600550.SH,保变电气,2012-10-17,6.97,7.16,6.91,7.08,5325110,0.3878,9720775614.48,9720775614.48,-18.036,
600550.SH,保变电气,2012-10-18,7.11,7.2,7.05,7.19,6294690,0.4585,9871804614.14,9871804614.14,-18.3162,
600550.SH,保变电气,2012-10-19,7.21,7.21,7.1,7.12,3729484,0.2716,9775695250.72,9775695250.72,-18.1379,
600550.SH,保变电气,2012-10-22,7.06,7.14,7.01,7.13,3141003,0.2288,9789425159.78,9789425159.78,-18.1634,
600550.SH,保变电气,2012-10-23,7.12,7.16,7.03,7.03,3284609,0.2392,9652126069.18,9652126069.18,-17.9087,
600550.SH,保变电气,2012-10-24,7.01,7.12,7,7.11,3027690,0.2205,9761965341.66,9761965341.66,-18.1125,
600550.SH,保变电气,2012-10-25,7.15,7.32,7.1,7.11,8588675,0.6255,9761965341.66,9761965341.66,-18.1125,
600550.SH,保变电气,2012-10-26,7.08,7.11,6.8,6.81,6126020,0.4462,9350068069.86,9350068069.86,-17.3482,
600550.SH,保变电气,2012-10-29,6.81,6.93,6.76,6.8,3196926,0.2328,9336338160.8,9336338160.8,-17.3227,
600550.SH,保变电气,2012-10-30,6.85,6.9,6.71,6.74,3450937,0.2513,9253958706.44,9253958706.44,-10.1837,
600550.SH,保变电气,2012-10-31,6.75,6.78,6.65,6.69,2875227,0.2094,9185309161.14,9185309161.14,-10.1082,
600550.SH,保变电气,2012-11-01,6.69,6.91,6.67,6.9,5125346,0.3733,9473637251.4,9473637251.4,-10.4254,
600550.SH,保变电气,2012-11-02,6.93,7.06,6.84,7.03,6067860,0.4419,9652126069.18,9652126069.18,-10.6219,
600550.SH,保变电气,2012-11-05,7,7.03,6.91,6.97,3270534,0.2382,9569746614.82,9569746614.82,-10.5312,
600550.SH,保变电气,2012-11-06,7.02,7.05,6.8,6.91,4605884,0.3355,9487367160.46,9487367160.46,-10.4406,
600550.SH,保变电气,2012-11-07,6.9,7.03,6.89,6.96,2977135,0.2168,9556016705.76,9556016705.76,-10.5161,
600550.SH,保变电气,2012-11-08,6.81,6.89,6.7,6.74,4272369,0.3112,9253958706.44,9253958706.44,-10.1837,
600550.SH,保变电气,2012-11-09,6.7,6.75,6.59,6.64,2929379,0.2134,9116659615.84,9116659615.84,-10.0326,
600550.SH,保变电气,2012-11-12,6.64,6.7,6.58,6.67,2613559,0.1904,9157849343.02,9157849343.02,-10.0779,
600550.SH,保变电气,2012-11-13,6.68,6.68,6.49,6.5,3222370,0.2347,8924440889,8924440889,-9.8211,
600550.SH,保变电气,2012-11-14,6.51,6.56,6.46,6.54,1703291,0.1241,8979360525.24,8979360525.24,-9.8815,
600550.SH,保变电气,2012-11-15,6.48,6.54,6.3,6.31,2855989,0.208,8663572616.86,8663572616.86,-9.534,
600550.SH,保变电气,2012-11-16,6.32,6.35,6.1,6.19,3087396,0.2249,8498813708.14,8498813708.14,-9.3527,
600550.SH,保变电气,2012-11-19,6.19,6.24,6.13,6.2,2242210,0.1633,8512543617.2,8512543617.2,-9.3678,
600550.SH,保变电气,2012-11-20,6.25,6.26,6.16,6.21,1953549,0.1423,8526273526.26,8526273526.26,-9.3829,
600550.SH,保变电气,2012-11-21,6.22,6.33,6.15,6.32,2836261,0.2066,8677302525.92,8677302525.92,-9.5491,
600550.SH,保变电气,2012-11-22,6.31,6.34,6.19,6.23,1780920,0.1297,8553733344.38,8553733344.38,-9.4131,
600550.SH,保变电气,2012-11-23,6.29,6.3,6.23,6.26,1675423,0.122,8594923071.56,8594923071.56,-9.4585,
600550.SH,保变电气,2012-11-26,6.23,6.27,6.06,6.07,2851605,0.2077,8334054799.42,8334054799.42,-9.1714,
600550.SH,保变电气,2012-11-27,6.07,6.07,5.77,5.8,4211834,0.3068,7963347254.8,7963347254.8,-8.7634,
600550.SH,保变电气,2012-11-28,5.8,5.83,5.71,5.76,3010884,0.2193,7908427618.56,7908427618.56,-8.703,
600550.SH,保变电气,2012-11-29,5.74,5.83,5.7,5.71,2545320,0.1854,7839778073.26,7839778073.26,-8.6274,
600550.SH,保变电气,2012-11-30,5.71,5.81,5.7,5.76,1885301,0.1373,7908427618.56,7908427618.56,-8.703,
600550.SH,保变电气,2012-12-03,5.75,5.8,5.52,5.53,2807173,0.2045,7592639710.18,7592639710.18,-8.3555,
600550.SH,保变电气,2012-12-04,5.52,5.63,5.43,5.6,3399479,0.2476,7688749073.6,7688749073.6,-8.4612,
600550.SH,保变电气,2012-12-05,5.58,5.89,5.58,5.81,6056811,0.4411,7977077163.86,7977077163.86,-8.7785,
600550.SH,保变电气,2012-12-06,5.82,5.86,5.76,5.77,2499353,0.182,7922157527.62,7922157527.62,-8.7181,
600550.SH,保变电气,2012-12-07,5.77,5.95,5.77,5.94,5837513,0.4252,8155565981.64,8155565981.64,-8.975,
600550.SH,保变电气,2012-12-10,5.95,6.1,5.92,6.09,5818597,0.4238,8361514617.54,8361514617.54,-9.2016,
600550.SH,保变电气,2012-12-11,6.06,6.07,5.98,6,4818178,0.3509,8237945436,8237945436,-9.0656,
600550.SH,保变电气,2012-12-12,6.04,6.06,5.92,6.02,3520246,0.2564,8265405254.12,8265405254.12,-9.0958,
600550.SH,保变电气,2012-12-13,6.01,6.11,5.93,5.96,4533057,0.3302,8183025799.76,8183025799.76,-9.0052,
600550.SH,保变电气,2012-12-14,5.98,6.27,5.96,6.24,9545313,0.6952,8567463253.44,8567463253.44,-9.4282,
600550.SH,保变电气,2012-12-17,6.25,6.38,6.18,6.32,10194520,0.7425,8677302525.92,8677302525.92,-9.5491,
600550.SH,保变电气,2012-12-18,6.28,6.4,6.22,6.3,7947069,0.5788,8649842707.8,8649842707.8,-9.5189,
600550.SH,保变电气,2012-12-19,6.3,6.48,6.26,6.26,4740481,0.3453,8594923071.56,8594923071.56,-9.4585,
600550.SH,保变电气,2012-12-20,6.46,6.53,6.26,6.32,9721856,0.7081,8677302525.92,8677302525.92,-9.5491,
600550.SH,保变电气,2012-12-21,6.32,6.4,6.23,6.24,5673081,0.4132,8567463253.44,8567463253.44,-9.4282,
600550.SH,保变电气,2012-12-24,6.24,6.29,6.17,6.19,4975821,0.3624,8498813708.14,8498813708.14,-9.3527,
600550.SH,保变电气,2012-12-25,6.19,6.38,6.15,6.35,7567319,0.5512,8718492253.1,8718492253.1,-9.5944,
600550.SH,保变电气,2012-12-26,6.35,6.41,6.3,6.4,6738782,0.4908,8787141798.4,8787141798.4,-9.67,
600550.SH,保变电气,2012-12-27,6.43,6.46,6.3,6.31,7039343,0.5127,8663572616.86,8663572616.86,-9.534,
600550.SH,保变电气,2012-12-28,6.29,6.37,6.27,6.35,6463189,0.4707,8718492253.1,8718492253.1,-9.5944,
600550.SH,保变电气,2012-12-31,6.37,6.52,6.29,6.51,12013382,0.875,8938170798.06,8938170798.06,-9.8362,
600550.SH,保变电气,2013-01-04,6.62,6.74,6.5,6.71,21599010,1.5731,9212768979.26,9212768979.26,-10.1384,
600550.SH,保变电气,2013-01-07,6.68,6.8,6.55,6.69,10532311,0.7671,9185309161.14,9185309161.14,-10.1082,
600550.SH,保变电气,2013-01-08,6.7,6.74,6.56,6.68,9301832,0.6775,9171579252.08,9171579252.08,-10.093,
600550.SH,保变电气,2013-01-09,6.78,7,6.68,6.9,20048244,1.4602,9473637251.4,9473637251.4,-10.4254,
600550.SH,保变电气,2013-01-10,7.03,7.4,6.9,7.29,31759344,2.3132,10009103704.74,10009103704.74,-11.0147,
600550.SH,保变电气,2013-01-11,7.21,7.35,7.01,7.1,22579023,1.6445,9748235432.6,9748235432.6,-10.7276,
600550.SH,保变电气,2013-01-14,7.05,7.26,7.01,7.25,16215378,1.181,9954184068.5,9954184068.5,-10.9543,
600550.SH,保变电气,2013-01-15,7.24,7.65,7.15,7.43,20484069,1.4919,10201322431.58,10201322431.58,-11.2262,
600550.SH,保变电气,2013-01-16,7.48,7.53,7.17,7.31,13988036,1.0188,10036563522.86,10036563522.86,-11.0449,
600550.SH,保变电气,2013-01-17,7.3,7.3,7.1,7.16,10055469,0.7324,9830614886.96,9830614886.96,-10.8183,
600550.SH,保变电气,2013-01-18,7.2,7.49,7.17,7.3,10649357,0.7756,10022833613.8,10022833613.8,-11.0298,
600550.SH,保变电气,2013-01-21,7.31,7.31,7.09,7.13,14374170,1.0469,9789425159.78,9789425159.78,-10.773,
600550.SH,保变电气,2013-01-22,7.13,7.18,6.95,6.96,10090215,0.7349,9556016705.76,9556016705.76,-10.5161,
600550.SH,保变电气,2013-01-23,6.96,7.04,6.88,7.01,6238786,0.4544,9624666251.06,9624666251.06,-10.5917,
600550.SH,保变电气,2013-01-24,7.01,7.09,6.77,6.78,11946783,0.8701,9308878342.68,9308878342.68,-10.2441,
600550.SH,保变电气,2013-01-25,6.77,6.84,6.69,6.72,5140565,0.3744,9226498888.32,9226498888.32,-10.1535,
600550.SH,保变电气,2013-01-28,6.76,6.91,6.75,6.91,7769074,0.5659,9487367160.46,9487367160.46,-10.4406,
600550.SH,保变电气,2013-01-29,6.93,6.97,6.83,6.88,6455310,0.4702,9446177433.28,9446177433.28,-10.3952,
600550.SH,保变电气,2013-01-30,6.8,6.84,6.63,6.69,13517053,0.9845,9185309161.14,9185309161.14,-10.1082,
600550.SH,保变电气,2013-01-31,6.7,6.75,6.63,6.74,6180390,0.4501,9253958706.44,9253958706.44,-10.1837,
600550.SH,保变电气,2013-02-01,6.71,6.72,6.64,6.69,6477395,0.4718,9185309161.14,9185309161.14,-10.1082,
600550.SH,保变电气,2013-02-04,6.74,6.75,6.61,6.64,6892484,0.502,9116659615.84,9116659615.84,-10.0326,
600550.SH,保变电气,2013-02-05,6.63,6.76,6.55,6.74,6601552,0.4808,9253958706.44,9253958706.44,-10.1837,
600550.SH,保变电气,2013-02-06,6.76,6.83,6.72,6.79,6335146,0.4614,9322608251.74,9322608251.74,-10.2592,
600550.SH,保变电气,2013-02-07,6.71,6.78,6.66,6.72,4507704,0.3283,9226498888.32,9226498888.32,-10.1535,
600550.SH,保变电气,2013-02-08,6.73,6.85,6.72,6.8,5364994,0.3908,9336338160.8,9336338160.8,-10.2744,
600550.SH,保变电气,2013-02-18,6.84,7.07,6.82,7.05,13136724,0.9568,9679585887.3,9679585887.3,-10.6521,
600550.SH,保变电气,2013-02-19,7.08,7.14,6.92,7,10026221,0.7302,9610936342,9610936342,-10.5765,
600550.SH,保变电气,2013-02-20,6.98,7.08,6.98,7.08,7457447,0.5432,9720775614.48,9720775614.48,-10.6974,
600550.SH,保变电气,2013-02-21,7.05,7.05,6.58,6.71,10453654,0.7614,9212768979.26,9212768979.26,-10.1384,
600550.SH,保变电气,2013-02-22,6.7,6.77,6.57,6.59,5494418,0.4002,9048010070.54,9048010070.54,-9.9571,
600550.SH,保变电气,2013-02-25,6.65,6.76,6.65,6.69,3978673,0.2898,9185309161.14,9185309161.14,-10.1082,
600550.SH,保变电气,2013-02-26,6.66,6.75,6.5,6.51,5785695,0.4214,8938170798.06,8938170798.06,-9.8362,
600550.SH,保变电气,2013-02-27,6.52,6.62,6.5,6.53,4940819,0.3599,8965630616.18,8965630616.18,-9.8664,
600550.SH,保变电气,2013-02-28,6.65,7.18,6.64,7.18,14814021,1.079,9858074705.08,9858074705.08,-10.8485,
600550.SH,保变电气,2013-03-01,7.3,7.83,7.28,7.49,48788780,3.5535,10283701885.94,10283701885.94,-11.3169,
600550.SH,保变电气,2013-03-04,7.45,7.71,7.3,7.63,32749113,2.3852,10475920612.78,10475920612.78,-11.5284,
600550.SH,保变电气,2013-03-05,7.63,7.69,7.43,7.6,19752979,1.4387,10434730885.6,10434730885.6,-11.4831,
600550.SH,保变电气,2013-03-06,7.6,7.6,7.44,7.51,16132550,1.175,10311161704.06,10311161704.06,-11.3471,
600550.SH,保变电气,2013-03-07,7.47,7.47,7.19,7.27,17457348,1.2715,9981643886.62,9981643886.62,-10.9845,
600550.SH,保变电气,2013-03-08,7.24,7.34,7.2,7.23,9021822,0.6571,9926724250.38,9926724250.38,-10.9241,
600550.SH,保变电气,2013-03-11,7.24,7.24,7.01,7.17,8325119,0.6063,9844344796.02,9844344796.02,-10.8334,
600550.SH,保变电气,2013-03-12,7.2,7.23,6.82,6.89,10757865,0.7835,9459907342.34,9459907342.34,-10.4103,
600550.SH,保变电气,2013-03-13,6.88,6.96,6.81,6.94,6256357,0.4557,9528556887.64,9528556887.64,-10.4859,
600550.SH,保变电气,2013-03-14,6.88,6.96,6.81,6.83,5411103,0.3941,9377527887.98,9377527887.98,-10.3197,
600550.SH,保变电气,2013-03-15,6.87,7.15,6.65,6.84,9403926,0.6849,9391257797.04,9391257797.04,-10.3348,
600550.SH,保变电气,2013-03-18,6.84,6.88,6.49,6.59,8689121,0.6329,9048010070.54,9048010070.54,-9.9571,
600550.SH,保变电气,2013-03-19,6.56,6.65,6.5,6.62,4642068,0.3381,9089199797.72,9089199797.72,-10.0024,
600550.SH,保变电气,2013-03-20,6.62,7.27,6.59,7.12,16872966,1.2289,9775695250.72,9775695250.72,-10.7579,
600550.SH,保变电气,2013-03-21,7.02,7.17,7,7.06,11280183,0.8216,9693315796.36,9693315796.36,-10.6672,
600550.SH,保变电气,2013-03-22,7,7.05,6.88,7.02,6711599,0.4888,9638396160.12,9638396160.12,-10.6068,
600550.SH,保变电气,2013-03-25,7.01,7.05,6.9,6.92,4719581,0.3437,9501097069.52,9501097069.52,-10.4557,
600550.SH,保变电气,2013-03-26,6.89,6.89,6.68,6.81,7465098,0.5437,9350068069.86,9350068069.86,-6.1327,
600550.SH,保变电气,2013-03-27,6.78,6.92,6.75,6.86,6550558,0.4771,9418717615.16,9418717615.16,-6.1777,
600550.SH,保变电气,2013-03-28,6.78,6.78,6.63,6.69,7100728,0.5172,9185309161.14,9185309161.14,-6.0246,
600550.SH,保变电气,2013-03-29,6.64,6.99,6.61,6.62,8080025,0.5885,9089199797.72,9089199797.72,-5.9616,
600550.SH,保变电气,2013-04-01,6.59,6.63,6.51,6.55,4684065,0.3412,8993090434.3,8993090434.3,-5.8985,
600550.SH,保变电气,2013-04-02,6.57,6.66,6.54,6.61,4117864,0.2999,9075469888.66,9075469888.66,-5.9526,
600550.SH,保变电气,2013-04-03,6.67,6.69,6.5,6.52,3668998,0.2672,8951900707.12,8951900707.12,-5.8715,
600550.SH,保变电气,2013-04-08,6.38,6.38,6.15,6.29,5327444,0.388,8636112798.74,8636112798.74,-5.6644,
600550.SH,保变电气,2013-04-09,6.34,6.44,6.29,6.43,4735407,0.3449,8828331525.58,8828331525.58,-5.7905,
600550.SH,保变电气,2013-04-10,6.58,6.69,6.42,6.44,4052887,0.2952,8842061434.64,8842061434.64,-5.7995,
600550.SH,保变电气,2013-04-11,6.5,6.56,6.44,6.5,4133926,0.3011,8924440889,8924440889,-5.8535,
600550.SH,保变电气,2013-04-12,6.5,6.81,6.46,6.64,8753575,0.6376,9116659615.84,9116659615.84,-5.9796,
600550.SH,保变电气,2013-04-15,6.55,6.73,6.36,6.45,7732037,0.5632,8855791343.7,8855791343.7,-5.8085,
600550.SH,保变电气,2013-04-16,6.46,6.86,6.45,6.62,7291562,0.5311,9089199797.72,9089199797.72,-5.9616,
600550.SH,保变电气,2013-04-17,6.58,6.62,6.5,6.56,4115289,0.2997,9006820343.36,9006820343.36,-5.9075,
600550.SH,保变电气,2013-04-18,6.55,6.56,6.38,6.38,4572655,0.333,8759681980.28,8759681980.28,-5.6368,
600550.SH,保变电气,2013-04-19,6.4,6.66,6.33,6.6,8456721,0.6159,9061739979.6,9061739979.6,-5.8312,
600550.SH,保变电气,2013-04-22,6.54,6.68,6.48,6.67,8785746,0.6399,9157849343.02,9157849343.02,-5.893,
600550.SH,保变电气,2013-04-23,6.68,6.68,6.45,6.55,8276813,0.6028,8993090434.3,8993090434.3,-5.787,
600550.SH,保变电气,2013-04-24,6.6,6.66,6.5,6.57,13668121,0.9955,9020550252.42,9020550252.42,-5.8047,
600550.SH,保变电气,2013-04-25,6.54,6.78,6.38,6.75,16191251,1.1793,9267688615.5,9267688615.5,-5.9637,
600550.SH,保变电气,2013-04-26,6.62,6.91,6.58,6.74,17103484,1.2457,9253958706.44,9253958706.44,-5.9549,
600550.SH,保变电气,2013-05-02,6.69,6.97,6.65,6.77,18879899,1.3751,9295148433.62,9295148433.62,-5.9814,
600550.SH,保变电气,2013-05-03,6.79,6.83,6.68,6.72,14614613,1.0644,9226498888.32,9226498888.32,-5.9372,
600550.SH,保变电气,2013-05-06,6.68,6.72,6.51,6.6,11484217,0.8364,9061739979.6,9061739979.6,-5.8312,
600550.SH,保变电气,2013-05-07,6.6,6.62,6.51,6.61,5866411,0.4273,9075469888.66,9075469888.66,-5.84,
600550.SH,保变电气,2013-05-08,6.64,6.65,6.45,6.48,11883305,0.8655,8896981070.88,8896981070.88,-5.7251,
600550.SH,保变电气,2013-05-09,6.38,6.43,6.25,6.3,10658757,0.7763,8649842707.8,8649842707.8,-5.5661,
600550.SH,保变电气,2013-05-10,6.26,6.4,6.25,6.38,6632595,0.4831,8759681980.28,8759681980.28,-5.6368,
600550.SH,保变电气,2013-05-13,6.41,6.49,6.35,6.47,7578958,0.552,8883251161.82,8883251161.82,-5.7163,
600550.SH,保变电气,2013-05-14,6.5,6.74,6.27,6.68,21145923,1.5401,9171579252.08,9171579252.08,-5.9018,
600550.SH,保变电气,2013-05-15,6.6,7.14,6.52,7.08,33014565,2.4046,9720775614.48,9720775614.48,-6.2552,
600550.SH,保变电气,2013-05-16,7,7.18,6.88,6.94,34299559,2.4982,9528556887.64,9528556887.64,-6.1316,
600550.SH,保变电气,2013-05-17,6.95,7.03,6.85,6.93,16382391,1.1932,9514826978.58,9514826978.58,-6.1227,
600550.SH,保变电气,2013-05-20,6.93,7.17,6.88,7.05,22612859,1.647,9679585887.3,9679585887.3,-6.2287,
600550.SH,保变电气,2013-05-21,7.2,7.38,7.03,7.11,27311808,1.9892,9761965341.66,9761965341.66,-6.2818,
600550.SH,保变电气,2013-05-22,7.21,7.32,7.07,7.18,24646510,1.7951,9858074705.08,9858074705.08,-6.3436,
600550.SH,保变电气,2013-05-23,6.97,7.07,6.87,6.96,22160900,1.6141,9556016705.76,9556016705.76,-6.1492,
600550.SH,保变电气,2013-05-24,6.94,7.09,6.91,7.04,12331078,0.8981,9665855978.24,9665855978.24,-6.2199,
600550.SH,保变电气,2013-05-27,7.1,7.33,7,7.31,25097530,1.8279,10036563522.86,10036563522.86,-6.4585,
600550.SH,保变电气,2013-05-28,7.35,7.4,7.16,7.31,21410690,1.5594,10036563522.86,10036563522.86,-6.4585,
600550.SH,保变电气,2013-05-29,7.31,7.41,7.24,7.32,14228482,1.0363,10050293431.92,10050293431.92,-6.4673,
600550.SH,保变电气,2013-05-30,7.32,7.47,7.25,7.46,21338018,1.5541,10242512158.76,10242512158.76,-6.591,
600550.SH,保变电气,2013-05-31,7.4,7.54,7.11,7.12,30136452,2.1949,9775695250.72,9775695250.72,-6.2906,
600550.SH,保变电气,2013-06-03,7.35,7.48,7.15,7.21,19413397,1.4139,9899264432.26,9899264432.26,-6.3701,
600550.SH,保变电气,2013-06-04,7.15,7.34,6.98,7.28,21325588,1.5532,9995373795.68,9995373795.68,-6.432,
600550.SH,保变电气,2013-06-05,7.18,7.2,7.05,7.09,11031308,0.8035,9734505523.54,9734505523.54,-6.2641,
600550.SH,保变电气,2013-06-06,6.99,6.99,6.8,6.81,14101344,1.0271,9350068069.86,9350068069.86,-6.0167,
600550.SH,保变电气,2013-06-07,6.78,6.94,6.6,6.87,11725546,0.854,9432447524.22,9432447524.22,-6.0697,
600550.SH,保变电气,2013-06-13,6.75,7.19,6.51,7.05,22853517,1.6645,9679585887.3,9679585887.3,-6.2287,
600550.SH,保变电气,2013-06-14,6.9,7.02,6.87,6.92,18378522,1.3386,9501097069.52,9501097069.52,-6.1139,
600550.SH,保变电气,2013-06-17,7,7.07,6.85,6.87,11282273,0.8217,9432447524.22,9432447524.22,-6.0697,
600550.SH,保变电气,2013-06-18,6.87,6.92,6.73,6.75,8352633,0.6084,9267688615.5,9267688615.5,-5.9637,
600550.SH,保变电气,2013-06-19,6.72,6.72,6.5,6.64,8444023,0.615,9116659615.84,9116659615.84,-5.8665,
600550.SH,保变电气,2013-06-20,6.59,6.6,6.33,6.37,7449037,0.5425,8745952071.22,8745952071.22,-5.628,
600550.SH,保变电气,2013-06-21,6.2,6.48,6.18,6.4,5996762,0.4368,8787141798.4,8787141798.4,-5.6545,
600550.SH,保变电气,2013-06-24,6.36,6.39,5.76,5.82,8880370,0.6468,7990807072.92,7990807072.92,-5.142,
600550.SH,保变电气,2013-06-25,5.78,5.95,5.25,5.69,11374354,0.8284,7812318255.14,7812318255.14,-5.0272,
600550.SH,保变电气,2013-06-26,5.66,5.77,5.6,5.73,6963097,0.5071,7867237891.38,7867237891.38,-5.0625,
600550.SH,保变电气,2013-06-27,5.74,5.8,5.54,5.55,7984688,0.5816,7620099528.3,7620099528.3,-4.9035,
600550.SH,保变电气,2013-06-28,5.49,5.6,5.31,5.46,7985444,0.5816,7496530346.76,7496530346.76,-4.824,
600550.SH,保变电气,2013-07-01,5.49,5.58,5.41,5.57,5017879,0.3655,7647559346.42,7647559346.42,-4.9211,
600550.SH,保变电气,2013-07-02,5.58,5.68,5.44,5.67,6666407,0.4855,7784858437.02,7784858437.02,-5.0095,
600550.SH,保变电气,2013-07-03,5.66,5.84,5.51,5.71,11583335,0.8437,7839778073.26,7839778073.26,-5.0448,
600550.SH,保变电气,2013-07-04,5.63,5.78,5.53,5.68,9123070,0.6645,7798588346.08,7798588346.08,-5.0183,
600550.SH,保变电气,2013-07-05,5.67,5.74,5.6,5.62,6600503,0.4807,7716208891.72,7716208891.72,-4.9653,
600550.SH,保变电气,2013-07-08,5.58,5.58,5.21,5.23,7253564,0.5283,7180742438.38,7180742438.38,-4.6208,
600550.SH,保变电气,2013-07-09,5.26,5.33,5.19,5.23,5530803,0.4028,7180742438.38,7180742438.38,-4.6208,
600550.SH,保变电气,2013-07-10,5.27,5.41,5.22,5.39,5053266,0.368,7400420983.34,7400420983.34,-4.7621,
600550.SH,保变电气,2013-07-11,5.42,5.63,5.37,5.57,8766948,0.6385,7647559346.42,7647559346.42,-4.9211,
600550.SH,保变电气,2013-07-12,5.56,5.67,5.46,5.46,6796399,0.495,7496530346.76,7496530346.76,-4.824,
600550.SH,保变电气,2013-07-15,5.48,5.66,5.48,5.6,5736576,0.4178,7688749073.6,7688749073.6,-4.9477,
600550.SH,保变电气,2013-07-16,5.79,6.04,5.75,5.86,14841926,1.081,8045726709.16,8045726709.16,-5.1774,
600550.SH,保变电气,2013-07-17,5.8,5.83,5.71,5.73,6216366,0.4528,7867237891.38,7867237891.38,-5.0625,
600550.SH,保变电气,2013-07-18,5.68,5.77,5.65,5.73,5371111,0.3912,7867237891.38,7867237891.38,-5.0625,
600550.SH,保变电气,2013-07-19,5.84,5.92,5.53,5.55,6049227,0.4406,7620099528.3,7620099528.3,-4.9035,
600550.SH,保变电气,2013-07-22,5.42,5.68,5.37,5.66,4972235,0.3621,7771128527.96,7771128527.96,-5.0007,
600550.SH,保变电气,2013-07-23,5.62,5.8,5.62,5.72,5009335,0.3648,7853507982.32,7853507982.32,-5.0537,
600550.SH,保变电气,2013-07-24,5.65,5.76,5.56,5.75,6611536,0.4815,7894697709.5,7894697709.5,-5.0802,
600550.SH,保变电气,2013-07-25,5.74,5.93,5.67,5.87,11841423,0.8625,8059456618.22,8059456618.22,-5.1862,
600550.SH,保变电气,2013-07-26,5.82,5.98,5.71,5.86,12551026,0.9141,8045726709.16,8045726709.16,-5.1774,
600550.SH,保变电气,2013-07-29,6.02,6.2,5.88,5.89,18638665,1.3575,8086916436.34,8086916436.34,-5.2039,
600550.SH,保变电气,2013-07-30,5.8,5.88,5.66,5.73,8187103,0.5963,7867237891.38,7867237891.38,-5.0625,
600550.SH,保变电气,2013-07-31,5.7,5.79,5.62,5.67,5316167,0.3872,7784858437.02,7784858437.02,-5.0095,
600550.SH,保变电气,2013-08-01,5.68,5.77,5.67,5.74,5456945,0.3974,7880967800.44,7880967800.44,-5.0713,
600550.SH,保变电气,2013-08-02,5.79,5.84,5.69,5.72,6405554,0.4665,7853507982.32,7853507982.32,-5.0537,
600550.SH,保变电气,2013-08-05,5.75,5.76,5.66,5.75,5318999,0.3874,7894697709.5,7894697709.5,-5.0802,
600550.SH,保变电气,2013-08-06,5.74,5.81,5.68,5.8,6427769,0.4682,7963347254.8,7963347254.8,-5.1244,
600550.SH,保变电气,2013-08-07,5.81,6.08,5.72,5.87,14050259,1.0233,8059456618.22,8059456618.22,-5.1862,
600550.SH,保变电气,2013-08-08,5.83,5.9,5.76,5.81,6678564,0.4864,7977077163.86,7977077163.86,-5.1332,
600550.SH,保变电气,2013-08-09,5.87,5.87,5.69,5.78,6923876,0.5043,7935887436.68,7935887436.68,-5.1067,
600550.SH,保变电气,2013-08-12,5.8,5.94,5.76,5.93,10310797,0.751,8141836072.58,8141836072.58,-5.2392,
600550.SH,保变电气,2013-08-13,5.91,6.07,5.9,6.05,10802429,0.7868,8306594981.3,8306594981.3,-5.3452,
600550.SH,保变电气,2013-08-14,6.03,6.35,5.98,6.24,26657105,1.9415,8567463253.44,8567463253.44,-5.5131,
600550.SH,保变电气,2013-08-15,6.21,6.34,6.18,6.2,27919473,2.0335,8512543617.2,8512543617.2,-5.4778,
600550.SH,保变电气,2013-08-16,6.18,6.23,5.96,5.98,15175658,1.1053,8210485617.88,8210485617.88,-5.2834,
600550.SH,保变电气,2013-08-19,6,6.13,5.95,6.07,5805696,0.4229,8334054799.42,8334054799.42,-5.3629,
600550.SH,保变电气,2013-08-20,6.09,6.22,6.04,6.16,9731665,0.7088,8457623980.96,8457623980.96,-5.4424,
600550.SH,保变电气,2013-08-21,6.18,6.4,6.09,6.35,17972144,1.309,8718492253.1,8718492253.1,-5.6103,
600550.SH,保变电气,2013-08-22,6.39,6.45,6.25,6.28,20075834,1.4622,8622382889.68,8622382889.68,-5.5484,
600550.SH,保变电气,2013-08-23,6.26,6.3,6.04,6.14,9869651,0.7188,8430164162.84,8430164162.84,-5.4248,
600550.SH,保变电气,2013-08-26,6.15,6.3,6.05,6.28,7703206,0.5611,8622382889.68,8622382889.68,-5.5484,
600550.SH,保变电气,2013-08-27,6.18,6.79,6.13,6.63,24944881,1.8168,9102929706.78,9102929706.78,-3.9961,
600550.SH,保变电气,2013-08-28,6.5,6.67,6.38,6.4,29878054,2.1761,8787141798.4,8787141798.4,-3.8575,
600550.SH,保变电气,2013-08-29,6.35,6.38,6.19,6.22,10033872,0.7308,8540003435.32,8540003435.32,-3.749,
600550.SH,保变电气,2013-08-30,6.22,6.35,6.19,6.24,8777410,0.6393,8567463253.44,8567463253.44,-3.7611,
600550.SH,保变电气,2013-09-02,6.3,6.34,6.21,6.27,6915178,0.5037,8608652980.62,8608652980.62,-3.7791,
600550.SH,保变电气,2013-09-03,6.34,6.43,6.23,6.38,10552350,0.7686,8759681980.28,8759681980.28,-3.8454,
600550.SH,保变电气,2013-09-04,6.36,6.39,6.24,6.27,8221788,0.5988,8608652980.62,8608652980.62,-3.7791,
600550.SH,保变电气,2013-09-05,6.31,6.42,6.26,6.31,12688079,0.9241,8663572616.86,8663572616.86,-3.8032,
600550.SH,保变电气,2013-09-06,6.26,6.3,6.1,6.13,13244222,0.9646,8416434253.78,8416434253.78,-3.6948,
600550.SH,保变电气,2013-09-09,6.12,6.28,6.07,6.25,12059276,0.8783,8581193162.5,8581193162.5,-3.7671,
600550.SH,保变电气,2013-09-10,6.27,6.38,6.2,6.35,11180161,0.8143,8718492253.1,8718492253.1,-3.8274,
600550.SH,保变电气,2013-09-11,6.36,6.44,6.26,6.35,11282326,0.8217,8718492253.1,8718492253.1,-3.8274,
600550.SH,保变电气,2013-09-12,6.35,6.58,6.27,6.54,31754583,2.3128,8979360525.24,8979360525.24,-3.9419,
600550.SH,保变电气,2013-09-13,6.5,6.54,6.4,6.42,17866582,1.3013,8814601616.52,8814601616.52,-3.8695,
600550.SH,保变电气,2013-09-16,6.4,6.59,6.34,6.48,15591229,1.1356,8896981070.88,8896981070.88,-3.9057,
600550.SH,保变电气,2013-09-17,6.49,6.49,6.26,6.43,9460826,0.6891,8828331525.58,8828331525.58,-3.8756,
600550.SH,保变电气,2013-09-18,6.4,6.51,6.33,6.43,17095247,1.2451,8828331525.58,8828331525.58,-3.8756,
600550.SH,保变电气,2013-09-23,6.44,6.68,6.34,6.54,19806737,1.4426,8979360525.24,8979360525.24,-3.9419,
600550.SH,保变电气,2013-09-24,6.48,6.49,6.35,6.36,12677100,0.9233,8732222162.16,8732222162.16,-3.8334,
600550.SH,保变电气,2013-09-25,6.32,6.41,6.28,6.3,9205789,0.6705,8649842707.8,8649842707.8,-3.7972,
600550.SH,保变电气,2013-09-26,6.29,6.33,6.15,6.31,11013752,0.8022,8663572616.86,8663572616.86,-3.8032,
600550.SH,保变电气,2013-09-27,6.31,6.41,6.28,6.31,5045905,0.3675,8663572616.86,8663572616.86,-3.8032,
600550.SH,保变电气,2013-09-30,6.35,6.48,6.32,6.34,10476017,0.763,8704762344.04,8704762344.04,-3.8213,
600550.SH,保变电气,2013-10-08,6.33,6.46,6.22,6.41,8246971,0.6007,8800871707.46,8800871707.46,-3.8635,
600550.SH,保变电气,2013-10-09,6.4,6.43,6.29,6.4,11203608,0.816,8787141798.4,8787141798.4,-3.8575,
600550.SH,保变电气,2013-10-10,6.45,6.55,6.2,6.21,16868193,1.2286,8526273526.26,8526273526.26,-3.743,
600550.SH,保变电气,2013-10-11,6.22,6.32,6.16,6.24,10281637,0.7488,8567463253.44,8567463253.44,-3.7611,
600550.SH,保变电气,2013-10-14,6.25,6.45,6.2,6.36,15588939,1.1354,8732222162.16,8732222162.16,-3.8334,
600550.SH,保变电气,2013-10-15,6.34,6.34,6.16,6.23,13289864,0.9679,8553733344.38,8553733344.38,-3.755,
600550.SH,保变电气,2013-10-16,6.16,6.55,6.11,6.36,22811888,1.6615,8732222162.16,8732222162.16,-3.8334,
600550.SH,保变电气,2013-10-17,6.37,6.49,6.22,6.26,21941900,1.5981,8594923071.56,8594923071.56,-3.7731,
600550.SH,保变电气,2013-10-18,6.25,6.31,6.16,6.21,8253403,0.6011,8526273526.26,8526273526.26,-3.743,
600550.SH,保变电气,2013-10-21,6.2,6.29,6.16,6.25,8222096,0.5988,8581193162.5,8581193162.5,-3.7671,
600550.SH,保变电气,2013-10-22,6.27,6.52,6.25,6.37,19774770,1.4403,8745952071.22,8745952071.22,-3.8394,
600550.SH,保变电气,2013-10-23,6.36,6.38,6.15,6.16,12806477,0.9327,8457623980.96,8457623980.96,-3.7128,
600550.SH,保变电气,2013-10-24,6.14,6.18,6.02,6.03,7315174,0.5328,8279135163.18,8279135163.18,-3.6345,
600550.SH,保变电气,2013-10-25,6.06,6.09,5.74,5.81,8035356,0.5852,7977077163.86,7977077163.86,-3.5019,
600550.SH,保变电气,2013-10-28,5.78,5.93,5.75,5.78,5159450,0.3758,7935887436.68,7935887436.68,-3.4838,
600550.SH,保变电气,2013-10-29,5.71,5.71,5.32,5.42,13151831,0.9579,7441610710.52,7441610710.52,-2.4687,
600550.SH,保变电气,2013-10-30,5.43,5.48,5.38,5.46,6161745,0.4488,7496530346.76,7496530346.76,-2.4869,
600550.SH,保变电气,2013-10-31,5.45,5.45,5.31,5.35,7604442,0.5539,7345501347.1,7345501347.1,-2.4368,
600550.SH,保变电气,2013-11-01,5.32,5.45,5.23,5.4,7033936,0.5123,7414150892.4,7414150892.4,-2.4596,
600550.SH,保变电气,2013-11-04,5.47,5.48,5.38,5.4,4642599,0.3381,7414150892.4,7414150892.4,-2.4596,
600550.SH,保变电气,2013-11-05,5.4,5.46,5.32,5.44,3875409,0.2823,7469070528.64,7469070528.64,-2.4778,
600550.SH,保变电气,2013-11-06,5.4,5.47,5.38,5.39,5382866,0.3921,7400420983.34,7400420983.34,-2.455,
600550.SH,保变电气,2013-11-07,5.38,5.39,5.26,5.27,5579212,0.4064,7235662074.62,7235662074.62,-2.4004,
600550.SH,保变电气,2013-11-08,5.26,5.3,5.13,5.17,5105116,0.3718,7098362984.02,7098362984.02,-2.3548,
600550.SH,保变电气,2013-11-11,5.17,5.22,5.13,5.21,3083358,0.2246,7153282620.26,7153282620.26,-2.373,
600550.SH,保变电气,2013-11-12,5.21,5.26,5.19,5.24,3383626,0.2464,7194472347.44,7194472347.44,-2.3867,
600550.SH,保变电气,2013-11-13,5.2,5.23,5.13,5.15,3757488,0.2737,7070903165.9,7070903165.9,-2.3457,
600550.SH,保变电气,2013-11-14,5.16,5.21,5.14,5.19,3141860,0.2288,7125822802.14,7125822802.14,-2.3639,
600550.SH,保变电气,2013-11-15,5.19,5.32,5.19,5.28,6070977,0.4422,7249391983.68,7249391983.68,-2.4049,
600550.SH,保变电气,2013-11-18,5.29,5.37,5.27,5.35,7186890,0.5234,7345501347.1,7345501347.1,-2.4368,
600550.SH,保变电气,2013-11-19,5.35,5.42,5.32,5.36,5068403,0.3692,7359231256.16,7359231256.16,-2.4414,
600550.SH,保变电气,2013-11-20,5.38,5.42,5.34,5.41,5401339,0.3934,7427880801.46,7427880801.46,-2.4641,
600550.SH,保变电气,2013-11-21,5.41,5.46,5.33,5.37,7632068,0.5559,7372961165.22,7372961165.22,-2.4459,
600550.SH,保变电气,2013-11-22,5.39,5.4,5.27,5.29,7394036,0.5385,7263121892.74,7263121892.74,-2.4095,
600550.SH,保变电气,2013-11-25,5.29,5.82,5.23,5.82,21360069,1.5557,7990807072.92,7990807072.92,-2.6509,
600550.SH,保变电气,2013-11-26,5.82,5.87,5.63,5.71,18438593,1.343,7839778073.26,7839778073.26,-2.6008,
600550.SH,保变电气,2013-11-27,5.79,5.79,5.62,5.69,11303650,0.8233,7812318255.14,7812318255.14,-2.5917,
600550.SH,保变电气,2013-11-28,5.67,5.75,5.63,5.69,13923483,1.0141,7812318255.14,7812318255.14,-2.5917,
600550.SH,保变电气,2013-11-29,5.69,5.77,5.66,5.67,7832381,0.5705,7784858437.02,7784858437.02,-2.5826,
600550.SH,保变电气,2013-12-02,5.67,5.67,5.67,5.67,--,--,7784858437.02,7784858437.02,-2.5826,
600550.SH,保变电气,2013-12-03,5.67,5.67,5.67,5.67,--,--,7784858437.02,7784858437.02,-2.5826,
600550.SH,保变电气,2013-12-04,5.67,5.67,5.67,5.67,--,--,7784858437.02,7784858437.02,-2.5826,
600550.SH,保变电气,2013-12-05,5.67,5.67,5.67,5.67,--,--,7784858437.02,7784858437.02,-2.5826,
600550.SH,保变电气,2013-12-06,5.79,5.92,5.59,5.61,14079786,1.0255,7702478982.66,7702478982.66,-2.5552,
600550.SH,保变电气,2013-12-09,5.56,5.61,5.49,5.54,8974762,0.6537,7606369619.24,7606369619.24,-2.5234,
600550.SH,保变电气,2013-12-10,5.56,5.56,5.45,5.48,7306536,0.5322,7523990164.88,7523990164.88,-2.496,
600550.SH,保变电气,2013-12-11,5.48,5.48,5.34,5.36,6987848,0.509,7359231256.16,7359231256.16,-2.4414,
600550.SH,保变电气,2013-12-12,5.35,5.42,5.31,5.38,6803530,0.4955,7386691074.28,7386691074.28,-2.4505,
600550.SH,保变电气,2013-12-13,5.33,5.39,5.31,5.32,6237921,0.4543,7304311619.92,7304311619.92,-2.4231,
600550.SH,保变电气,2013-12-16,5.32,5.37,5.2,5.35,9918729,0.7224,7345501347.1,7345501347.1,-2.4368,
600550.SH,保变电气,2013-12-17,5.31,5.32,5.25,5.28,5469647,0.3984,7249391983.68,7249391983.68,-2.4049,
600550.SH,保变电气,2013-12-18,5.28,5.34,5.25,5.27,3880106,0.2826,7235662074.62,7235662074.62,-2.4004,
600550.SH,保变电气,2013-12-19,5.3,5.36,5.27,5.29,5174830,0.3769,7263121892.74,7263121892.74,-2.4095,
600550.SH,保变电气,2013-12-20,5.28,5.29,5.17,5.21,5094721,0.3711,7153282620.26,7153282620.26,-2.373,
600550.SH,保变电气,2013-12-23,5.18,5.26,5.11,5.23,3974357,0.2895,7180742438.38,7180742438.38,-2.3822,
600550.SH,保变电气,2013-12-24,5.24,5.35,5.24,5.29,5376494,0.3916,7263121892.74,7263121892.74,-2.4095,
600550.SH,保变电气,2013-12-25,5.34,5.36,5.23,5.28,4002385,0.2915,7249391983.68,7249391983.68,-2.4049,
600550.SH,保变电气,2013-12-26,5.28,5.29,5.14,5.15,4914813,0.358,7070903165.9,7070903165.9,-2.3457,
600550.SH,保变电气,2013-12-27,5.15,5.22,5.14,5.19,4605579,0.3354,7125822802.14,7125822802.14,-2.3639,
600550.SH,保变电气,2013-12-30,5.2,5.25,5.12,5.17,4193579,0.3054,7098362984.02,7098362984.02,-2.3548,
600550.SH,保变电气,2013-12-31,5.14,5.24,5.13,5.2,3736192,0.2721,7139552711.2,7139552711.2,-2.3685,
600550.SH,保变电气,2014-01-02,5.22,5.32,5.19,5.3,4944554,0.3601,7276851801.8,7276851801.8,-2.414,
600550.SH,保变电气,2014-01-03,5.32,5.32,5.18,5.2,4315762,0.3143,7139552711.2,7139552711.2,-2.3685,
600550.SH,保变电气,2014-01-06,5.16,5.16,4.94,4.96,8274808,0.6027,6810034893.76,6810034893.76,-2.2592,
600550.SH,保变电气,2014-01-07,4.94,5.01,4.9,4.98,4121917,0.3002,6837494711.88,6837494711.88,-2.2683,
600550.SH,保变电气,2014-01-08,4.98,5.02,4.91,4.94,4571329,0.3329,6782575075.64,6782575075.64,-2.2501,
600550.SH,保变电气,2014-01-09,4.93,4.96,4.72,4.73,8828719,0.643,6494246985.38,6494246985.38,-2.1544,
600550.SH,保变电气,2014-01-10,4.74,4.75,4.58,4.6,6345689,0.4622,6315758167.6,6315758167.6,-2.0952,
600550.SH,保变电气,2014-01-13,4.6,4.64,4.54,4.58,3422860,0.2493,6288298349.48,6288298349.48,-2.0861,
600550.SH,保变电气,2014-01-14,4.57,4.64,4.55,4.64,3532248,0.2573,6370677803.84,6370677803.84,-2.1134,
600550.SH,保变电气,2014-01-15,4.64,4.65,4.59,4.63,2310955,0.1683,6356947894.78,6356947894.78,-2.1089,
600550.SH,保变电气,2014-01-16,4.63,4.7,4.6,4.66,3357990,0.2446,6398137621.96,6398137621.96,-2.1225,
600550.SH,保变电气,2014-01-17,4.65,4.66,4.48,4.49,4308451,0.3138,6164729167.94,6164729167.94,-2.0451,
600550.SH,保变电气,2014-01-20,4.45,4.51,4.42,4.48,3372813,0.2457,6150999258.88,6150999258.88,-2.0405,
600550.SH,保变电气,2014-01-21,4.52,4.54,4.49,4.51,2511758,0.1829,6192188986.06,6192188986.06,-2.0542,
600550.SH,保变电气,2014-01-22,4.5,4.61,4.49,4.6,5128731,0.3735,6315758167.6,6315758167.6,-2.0952,
600550.SH,保变电气,2014-01-23,4.6,4.71,4.6,4.66,5703205,0.4154,6398137621.96,6398137621.96,-2.1225,
600550.SH,保变电气,2014-01-24,4.65,4.71,4.6,4.69,3786118,0.2758,6439327349.14,6439327349.14,-2.1362,
600550.SH,保变电气,2014-01-27,4.65,4.67,4.58,4.58,4133624,0.3011,6288298349.48,6288298349.48,-2.0861,
600550.SH,保变电气,2014-01-28,4.6,4.67,4.59,4.64,2800510,0.204,6370677803.84,6370677803.84,-2.1134,
600550.SH,保变电气,2014-01-29,4.5,4.5,4.18,4.18,19898000,1.4492,5739101987.08,5739101987.08,-1.9039,
600550.SH,保变电气,2014-01-30,3.9,3.98,3.84,3.96,14653231,1.0672,5437043987.76,5437043987.76,-1.8037,
600550.SH,保变电气,2014-02-07,3.91,4.07,3.89,4.03,8682246,0.6324,5533153351.18,5533153351.18,-1.8356,
600550.SH,保变电气,2014-02-10,4.03,4.15,4.02,4.14,8444095,0.615,5684182350.84,5684182350.84,-1.8857,
600550.SH,保变电气,2014-02-11,4.14,4.17,4.09,4.13,7824314,0.5699,5670452441.78,5670452441.78,-1.8811,
600550.SH,保变电气,2014-02-12,4.14,4.23,4.11,4.21,10158885,0.7399,5780291714.26,5780291714.26,-1.9176,
600550.SH,保变电气,2014-02-13,4.21,4.24,4.13,4.14,7857625,0.5723,5684182350.84,5684182350.84,-1.8857,
600550.SH,保变电气,2014-02-14,4.14,4.18,4.12,4.18,4853803,0.3535,5739101987.08,5739101987.08,-1.9039,
600550.SH,保变电气,2014-02-17,4.16,4.6,4.16,4.6,25572717,1.8626,6315758167.6,6315758167.6,-2.0952,
600550.SH,保变电气,2014-02-18,4.73,5.06,4.71,5.06,46808809,3.4093,6947333984.36,6947333984.36,-2.3047,
600550.SH,保变电气,2014-02-19,5.2,5.4,5,5.05,62655835,4.5635,6933604075.3,6933604075.3,-2.3002,
600550.SH,保变电气,2014-02-20,5,5.02,4.8,4.84,31533949,2.2967,6645275985.04,6645275985.04,-2.2045,
600550.SH,保变电气,2014-02-21,4.77,4.83,4.72,4.79,16205816,1.1803,6576626439.74,6576626439.74,-2.1817,
600550.SH,保变电气,2014-02-24,4.79,4.79,4.65,4.72,12087473,0.8804,6480517076.32,6480517076.32,-2.1499,
600550.SH,保变电气,2014-02-25,4.71,4.94,4.5,4.56,21551697,1.5697,6260838531.36,6260838531.36,-2.077,
600550.SH,保变电气,2014-02-26,4.53,4.54,4.34,4.52,12186201,0.8876,6205918895.12,6205918895.12,-2.0588,
600550.SH,保变电气,2014-02-27,4.56,4.97,4.56,4.97,36070613,2.6272,6823764802.82,6823764802.82,-2.2637,
600550.SH,保变电气,2014-02-28,4.96,5.25,4.85,5.14,46276117,3.3705,7057173256.84,7057173256.84,-2.3412,
600550.SH,保变电气,2014-03-03,5,5.1,4.79,5,28371122,2.0664,6864954530,6864954530,-2.2774,
600550.SH,保变电气,2014-03-04,4.91,4.97,4.8,4.9,16728690,1.2184,6727655439.4,6727655439.4,-2.2318,
600550.SH,保变电气,2014-03-05,4.9,5.08,4.86,4.9,18504063,1.3477,6727655439.4,6727655439.4,-2.2318,
600550.SH,保变电气,2014-03-06,4.87,4.92,4.75,4.82,11221157,0.8173,6617816166.92,6617816166.92,-2.1954,
600550.SH,保变电气,2014-03-07,4.84,4.9,4.76,4.83,10405970,0.7579,6631546075.98,6631546075.98,-2.2,
600550.SH,保变电气,2014-03-10,4.78,4.78,4.51,4.52,12110510,0.8821,6205918895.12,6205918895.12,-2.0588,
600550.SH,保变电气,2014-03-11,4.52,4.52,4.52,4.52,--,--,6205918895.12,6205918895.12,-1.1858,
600550.SH,保变电气,2014-03-12,4.29,4.29,4.29,4.29,564400,0.0411,5890130986.74,5890130986.74,-1.1255,
600550.SH,保变电气,2014-03-13,4.08,4.08,4.08,4.08,729200,0.0531,5601802896.48,5601802896.48,-1.0704,
600550.SH,保变电气,2014-03-14,3.88,4,3.88,3.88,32827898,2.391,5327204715.28,5327204715.28,-1.0179,
600550.SH,保变电气,2014-03-17,3.86,3.92,3.86,3.91,14189251,1.0335,5368394442.46,5368394442.46,-1.0258,
600550.SH,保变电气,2014-03-18,3.91,3.92,3.83,3.86,11007281,0.8017,5299744897.16,5299744897.16,-1.0127,
600550.SH,保变电气,2014-03-19,3.87,4.05,3.86,4.05,13041407,0.9499,5560613169.3,5560613169.3,-1.0625,
600550.SH,保变电气,2014-03-20,4.05,4.24,4.01,4.08,21460103,1.563,5601802896.48,5601802896.48,-1.0704,
600550.SH,保变电气,2014-03-21,4.05,4.13,4.01,4.09,11111034,0.8093,5615532805.54,5615532805.54,-1.073,
600550.SH,保变电气,2014-03-24,4.11,4.28,4.1,4.23,12384414,0.902,5807751532.38,5807751532.38,-1.1098,
600550.SH,保变电气,2014-03-25,4.24,4.27,4.15,4.17,8709943,0.6344,5725372078.02,5725372078.02,-1.094,
600550.SH,保变电气,2014-03-26,4.16,4.23,4.14,4.15,6380585,0.4647,5697912259.9,5697912259.9,-1.0888,
600550.SH,保变电气,2014-03-27,4.25,4.29,4.1,4.11,11157842,0.8127,5642992623.66,5642992623.66,-1.0783,
600550.SH,保变电气,2014-03-28,4.2,4.32,4.18,4.32,15493170,1.1284,5931320713.92,5931320713.92,-1.1334,
600550.SH,保变电气,2014-03-31,4.45,4.53,4.2,4.23,14887727,1.0843,5807751532.38,5807751532.38,-1.1098,
600550.SH,保变电气,2014-04-01,4.18,4.31,4.17,4.3,8011891,0.5835,5903860895.8,5903860895.8,-1.1281,
600550.SH,保变电气,2014-04-02,4.28,4.46,4.27,4.32,6821535,0.4968,5931320713.92,5931320713.92,-1.1334,
600550.SH,保变电气,2014-04-03,4.34,4.4,4.28,4.32,4778325,0.348,5931320713.92,5931320713.92,-1.1334,
600550.SH,保变电气,2014-04-04,4.32,4.44,4.31,4.41,6461133,0.4706,6054889895.46,6054889895.46,-1.157,
600550.SH,保变电气,2014-04-08,4.36,4.42,4.34,4.38,5478037,0.399,6013700168.28,6013700168.28,-1.1491,
600550.SH,保变电气,2014-04-09,4.38,4.47,4.37,4.42,5747937,0.4186,6068619804.52,6068619804.52,-1.1596,
600550.SH,保变电气,2014-04-10,4.45,4.64,4.42,4.52,10624797,0.7738,6205918895.12,6205918895.12,-1.1858,
600550.SH,保变电气,2014-04-11,4.59,4.75,4.56,4.67,14463694,1.0534,6411867531.02,6411867531.02,-1.3223,
600550.SH,保变电气,2014-04-14,4.67,4.67,4.53,4.62,8138946,0.5928,6343217985.72,6343217985.72,-1.3082,
600550.SH,保变电气,2014-04-15,4.58,4.65,4.48,4.52,6758438,0.4922,6205918895.12,6205918895.12,-1.2798,
600550.SH,保变电气,2014-04-16,4.5,4.55,4.47,4.51,4217725,0.3072,6192188986.06,6192188986.06,-1.277,
600550.SH,保变电气,2014-04-17,4.53,4.6,4.5,4.58,4912437,0.3578,6288298349.48,6288298349.48,-1.2968,
600550.SH,保变电气,2014-04-18,4.57,4.65,4.53,4.63,4574789,0.3332,6356947894.78,6356947894.78,-1.311,
600550.SH,保变电气,2014-04-21,4.65,4.84,4.6,4.67,11061252,0.8056,6411867531.02,6411867531.02,-1.3223,
600550.SH,保变电气,2014-04-22,4.7,4.8,4.67,4.75,7630893,0.5558,6521706803.5,6521706803.5,-1.345,
600550.SH,保变电气,2014-04-23,4.76,4.94,4.76,4.89,9825348,0.7156,6713925530.34,6713925530.34,-1.3846,
600550.SH,保变电气,2014-04-24,4.89,4.98,4.65,4.67,15085727,1.0987,6411867531.02,6411867531.02,-1.3223,
600550.SH,保变电气,2014-04-25,4.67,4.83,4.67,4.73,8832128,0.6433,6494246985.38,6494246985.38,-1.3393,
600550.SH,保变电气,2014-04-28,4.74,4.74,4.49,4.49,7575706,0.5518,6164729167.94,6164729167.94,-1.2713,
600550.SH,保变电气,2014-04-29,4.46,4.6,4.45,4.5,4653643,0.3389,6178459077,6178459077,-1.2742,
600550.SH,保变电气,2014-04-30,4.5,4.73,4.48,4.73,5097694,0.3713,6494246985.38,6494246985.38,-1.3393,
600550.SH,保变电气,2014-05-05,4.71,4.88,4.68,4.85,6897863,0.5024,6659005894.1,6659005894.1,-1.3733,
600550.SH,保变电气,2014-05-06,4.85,4.88,4.76,4.83,4400176,0.3205,6631546075.98,6631546075.98,-1.3676,
600550.SH,保变电气,2014-05-07,4.85,4.89,4.77,4.83,4630552,0.3373,6631546075.98,6631546075.98,-1.3676,
600550.SH,保变电气,2014-05-08,4.81,4.94,4.8,4.83,4849075,0.3532,6631546075.98,6631546075.98,-1.3676,
600550.SH,保变电气,2014-05-09,4.86,4.9,4.75,4.76,4590627,0.3344,6535436712.56,6535436712.56,-1.3478,
600550.SH,保变电气,2014-05-12,4.81,4.9,4.78,4.88,6371151,0.464,6700195621.28,6700195621.28,-1.3818,
600550.SH,保变电气,2014-05-13,4.87,4.91,4.83,4.85,3472794,0.2529,6659005894.1,6659005894.1,-1.3733,
600550.SH,保变电气,2014-05-14,4.86,5.02,4.84,4.96,7811240,0.5689,6810034893.76,6810034893.76,-1.4044,
600550.SH,保变电气,2014-05-15,4.95,4.99,4.78,4.83,5929152,0.4318,6631546075.98,6631546075.98,-1.3676,
600550.SH,保变电气,2014-05-16,4.79,4.88,4.78,4.84,3640779,0.2652,6645275985.04,6645275985.04,-1.3704,
600550.SH,保变电气,2014-05-19,4.84,4.84,4.68,4.72,4646283,0.3384,6480517076.32,6480517076.32,-1.3365,
600550.SH,保变电气,2014-05-20,4.75,4.8,4.56,4.61,5984082,0.4358,6329488076.66,6329488076.66,-1.3053,
600550.SH,保变电气,2014-05-21,4.58,4.68,4.58,4.68,2513383,0.1831,6425597440.08,6425597440.08,-1.3251,
600550.SH,保变电气,2014-05-22,4.66,4.71,4.62,4.68,2993286,0.218,6425597440.08,6425597440.08,-1.3251,
600550.SH,保变电气,2014-05-23,4.67,4.73,4.63,4.7,2117213,0.1542,6453057258.2,6453057258.2,-1.3308,
600550.SH,保变电气,2014-05-26,4.7,4.72,4.61,4.65,2906033,0.2117,6384407712.9,6384407712.9,-1.3166,
600550.SH,保变电气,2014-05-27,4.62,4.63,4.55,4.56,3320606,0.2419,6260838531.36,6260838531.36,-1.2912,
600550.SH,保变电气,2014-05-28,4.56,4.63,4.53,4.63,2616963,0.1906,6356947894.78,6356947894.78,-1.311,
600550.SH,保变电气,2014-05-29,4.64,4.64,4.55,4.56,2238884,0.1631,6260838531.36,6260838531.36,-1.2912,
600550.SH,保变电气,2014-05-30,4.56,4.63,4.54,4.61,2471477,0.18,6329488076.66,6329488076.66,-1.3053,
600550.SH,保变电气,2014-06-03,4.61,4.63,4.56,4.57,1644686,0.1198,6274568440.42,6274568440.42,-1.294,
600550.SH,保变电气,2014-06-04,4.56,4.56,4.48,4.5,2338799,0.1703,6178459077,6178459077,-1.2742,
600550.SH,保变电气,2014-06-05,4.5,4.6,4.49,4.56,2858273,0.2082,6260838531.36,6260838531.36,-1.2912,
600550.SH,保变电气,2014-06-06,4.56,4.58,4.52,4.58,1748253,0.1273,6288298349.48,6288298349.48,-1.2968,
600550.SH,保变电气,2014-06-09,4.55,4.61,4.54,4.55,1922974,0.1401,6247108622.3,6247108622.3,-1.2883,
600550.SH,保变电气,2014-06-10,4.55,4.59,4.51,4.58,2126617,0.1549,6288298349.48,6288298349.48,-1.2968,
600550.SH,保变电气,2014-06-11,4.59,4.62,4.57,4.59,2077712,0.1513,6302028258.54,6302028258.54,-1.2997,
600550.SH,保变电气,2014-06-12,4.59,4.61,4.56,4.58,1387877,0.1011,6288298349.48,6288298349.48,-1.2968,
600550.SH,保变电气,2014-06-13,4.57,4.57,4.5,4.54,4731351,0.3446,6233378713.24,6233378713.24,-1.2855,
600550.SH,保变电气,2014-06-16,4.55,4.55,4.48,4.52,3030165,0.2207,6205918895.12,6205918895.12,-1.2798,
600550.SH,保变电气,2014-06-17,4.52,4.52,4.29,4.32,8716694,0.6349,5931320713.92,5931320713.92,-1.2232,
600550.SH,保变电气,2014-06-18,4.32,4.37,4.3,4.33,3848770,0.2803,5945050622.98,5945050622.98,-1.226,
600550.SH,保变电气,2014-06-19,4.33,4.35,4.18,4.19,3597184,0.262,5752831896.14,5752831896.14,-1.1864,
600550.SH,保变电气,2014-06-20,4.19,4.22,4.13,4.17,3541558,0.2579,5725372078.02,5725372078.02,-1.1807,
600550.SH,保变电气,2014-06-23,4.17,4.25,4.17,4.2,2578651,0.1878,5766561805.2,5766561805.2,-1.1892,
600550.SH,保变电气,2014-06-24,4.2,4.41,4.18,4.41,6878831,0.501,6054889895.46,6054889895.46,-1.2487,
600550.SH,保变电气,2014-06-25,4.41,4.43,4.3,4.32,4542814,0.3309,5931320713.92,5931320713.92,-1.2232,
600550.SH,保变电气,2014-06-26,4.3,4.4,4.3,4.36,3088719,0.225,5986240350.16,5986240350.16,-1.2345,
600550.SH,保变电气,2014-06-27,4.36,4.37,4.31,4.35,4121992,0.3002,5972510441.1,5972510441.1,-1.2317,
600550.SH,保变电气,2014-06-30,4.35,4.41,4.32,4.4,4130408,0.3008,6041159986.4,6041159986.4,-1.2459,
600550.SH,保变电气,2014-07-01,4.4,4.41,4.34,4.4,2841719,0.207,6041159986.4,6041159986.4,-1.2459,
600550.SH,保变电气,2014-07-02,4.42,4.48,4.34,4.45,4728139,0.3444,6109809531.7,6109809531.7,-1.26,
600550.SH,保变电气,2014-07-03,4.43,4.49,4.42,4.43,3018671,0.2199,6082349713.58,6082349713.58,-1.2544,
600550.SH,保变电气,2014-07-04,4.43,4.5,4.42,4.45,2626010,0.1913,6109809531.7,6109809531.7,-1.26,
600550.SH,保变电气,2014-07-07,4.43,4.45,4.37,4.43,2763550,0.2013,6082349713.58,6082349713.58,-1.2544,
600550.SH,保变电气,2014-07-08,4.43,4.43,4.37,4.39,2246794,0.1636,6027430077.34,6027430077.34,-1.243,
600550.SH,保变电气,2014-07-09,4.4,4.4,4.3,4.3,4298218,0.3131,5903860895.8,5903860895.8,-1.2175,
600550.SH,保变电气,2014-07-10,4.32,4.35,4.3,4.34,2726019,0.1985,5958780532.04,5958780532.04,-1.2289,
600550.SH,保变电气,2014-07-11,4.34,4.41,4.31,4.39,3090390,0.2251,6027430077.34,6027430077.34,-1.243,
600550.SH,保变电气,2014-07-14,4.43,4.54,4.42,4.5,5598574,0.4078,6178459077,6178459077,-1.2742,
600550.SH,保变电气,2014-07-15,4.51,4.57,4.47,4.51,6205501,0.452,6192188986.06,6192188986.06,-1.277,
600550.SH,保变电气,2014-07-16,4.53,4.61,4.51,4.54,5888511,0.4289,6233378713.24,6233378713.24,-1.2855,
600550.SH,保变电气,2014-07-17,4.53,4.57,4.45,4.48,3513705,0.2559,6150999258.88,6150999258.88,-1.2685,
600550.SH,保变电气,2014-07-18,4.49,4.53,4.46,4.49,2994501,0.2181,6164729167.94,6164729167.94,-1.2713,
600550.SH,保变电气,2014-07-21,4.51,4.51,4.44,4.47,2405233,0.1752,6137269349.82,6137269349.82,-1.2657,
600550.SH,保变电气,2014-07-22,4.45,4.52,4.44,4.49,2974318,0.2166,6164729167.94,6164729167.94,-1.2713,
600550.SH,保变电气,2014-07-23,4.49,4.62,4.46,4.6,6952301,0.5064,6315758167.6,6315758167.6,-1.3025,
600550.SH,保变电气,2014-07-24,4.62,4.63,4.54,4.61,4720306,0.3438,6329488076.66,6329488076.66,-1.3053,
600550.SH,保变电气,2014-07-25,4.61,4.65,4.57,4.61,4343052,0.3163,6329488076.66,6329488076.66,-1.3053,
600550.SH,保变电气,2014-07-28,4.65,4.75,4.63,4.73,7771176,0.566,6494246985.38,6494246985.38,-1.3393,
600550.SH,保变电气,2014-07-29,4.74,4.74,4.67,4.71,5104721,0.3718,6466787167.26,6466787167.26,-1.3336,
600550.SH,保变电气,2014-07-30,4.7,4.71,4.67,4.7,4474168,0.3259,6453057258.2,6453057258.2,-1.3308,
600550.SH,保变电气,2014-07-31,4.67,4.73,4.67,4.73,4620563,0.3365,6494246985.38,6494246985.38,-1.3393,
600550.SH,保变电气,2014-08-01,4.74,4.8,4.66,4.67,5279350,0.3845,6411867531.02,6411867531.02,-1.3223,
600550.SH,保变电气,2014-08-04,4.67,4.83,4.64,4.8,8656521,0.6305,6590356348.8,6590356348.8,-1.3591,
600550.SH,保变电气,2014-08-05,4.82,4.88,4.76,4.81,7171047,0.5223,6604086257.86,6604086257.86,-1.362,
600550.SH,保变电气,2014-08-06,4.81,5.04,4.77,4.93,12723319,0.9267,6768845166.58,6768845166.58,-1.3959,
600550.SH,保变电气,2014-08-07,4.95,5.09,4.92,4.95,13066187,0.9517,6796304984.7,6796304984.7,-1.4016,
600550.SH,保变电气,2014-08-08,4.93,4.99,4.89,4.94,7283640,0.5305,6782575075.64,6782575075.64,-1.3988,
600550.SH,保变电气,2014-08-11,4.95,5.06,4.95,5.04,8106392,0.5904,6919874166.24,6919874166.24,-1.4271,
600550.SH,保变电气,2014-08-12,5.1,5.22,5.1,5.18,10980824,0.7998,7112092893.08,7112092893.08,-1.4667,
600550.SH,保变电气,2014-08-13,5.19,5.33,5.17,5.31,14236345,1.0369,7290581710.86,7290581710.86,-1.5035,
600550.SH,保变电气,2014-08-14,5.29,5.35,5.2,5.23,9951956,0.7248,7180742438.38,7180742438.38,-1.4809,
600550.SH,保变电气,2014-08-15,5.22,5.28,5.2,5.25,7106394,0.5176,7208202256.5,7208202256.5,-1.4865,
600550.SH,保变电气,2014-08-18,5.27,5.51,5.25,5.51,17006304,1.2386,7565179892.06,7565179892.06,-1.5602,
600550.SH,保变电气,2014-08-19,5.54,5.65,5.41,5.52,18688341,1.3611,7578909801.12,7578909801.12,-1.9537,
600550.SH,保变电气,2014-08-20,5.49,5.64,5.46,5.55,11137032,0.8112,7620099528.3,7620099528.3,-1.9643,
600550.SH,保变电气,2014-08-21,5.55,5.64,5.47,5.56,10317386,0.7515,7633829437.36,7633829437.36,-1.9679,
600550.SH,保变电气,2014-08-22,5.57,5.57,5.38,5.45,13046557,0.9502,7482800437.7,7482800437.7,-1.9289,
600550.SH,保变电气,2014-08-25,5.41,5.48,5.18,5.18,16713309,1.2173,7112092893.08,7112092893.08,-1.8334,
600550.SH,保变电气,2014-08-26,5.18,5.27,5.11,5.21,10920761,0.7954,7153282620.26,7153282620.26,-1.844,
600550.SH,保变电气,2014-08-27,5.21,5.25,5.16,5.2,6737593,0.4907,7139552711.2,7139552711.2,-1.8404,
600550.SH,保变电气,2014-08-28,5.22,5.36,5.18,5.25,7209009,0.5251,7208202256.5,7208202256.5,-1.8581,
600550.SH,保变电气,2014-08-29,5.25,5.35,5.22,5.33,6170227,0.4494,7318041528.98,7318041528.98,-1.8865,
600550.SH,保变电气,2014-09-01,5.37,5.57,5.33,5.52,9970571,0.7262,7578909801.12,7578909801.12,-1.9537,
600550.SH,保变电气,2014-09-02,5.52,5.68,5.52,5.56,11578837,0.8433,7633829437.36,7633829437.36,-1.9679,
600550.SH,保变电气,2014-09-03,5.57,5.61,5.51,5.6,9573741,0.6973,7688749073.6,7688749073.6,-1.982,
600550.SH,保变电气,2014-09-04,5.6,5.73,5.54,5.65,9840317,0.7167,7757398618.9,7757398618.9,-1.9997,
600550.SH,保变电气,2014-09-05,5.65,5.68,5.6,5.65,7735098,0.5634,7757398618.9,7757398618.9,-1.9997,
600550.SH,保变电气,2014-09-09,5.66,5.7,5.56,5.6,8577016,0.6247,7688749073.6,7688749073.6,-1.982,
600550.SH,保变电气,2014-09-10,5.56,5.63,5.52,5.59,7181441,0.5231,7675019164.54,7675019164.54,-1.9785,
600550.SH,保变电气,2014-09-11,5.6,5.87,5.57,5.87,22599222,1.646,8059456618.22,8059456618.22,-2.0776,
600550.SH,保变电气,2014-09-12,5.82,6.16,5.81,6.16,22439831,1.6344,8457623980.96,8457623980.96,-2.1802,
600550.SH,保变电气,2014-09-15,6.12,6.39,6.08,6.11,18681828,1.3607,8388974435.66,8388974435.66,-2.1625,
600550.SH,保变电气,2014-09-16,6.12,6.28,5.97,5.98,17976227,1.3093,8210485617.88,8210485617.88,-2.1165,
600550.SH,保变电气,2014-09-17,6.03,6.28,6.03,6.28,16383040,1.1932,8622382889.68,8622382889.68,-2.2227,
600550.SH,保变电气,2014-09-18,6.4,6.55,6.25,6.26,16684397,1.2152,8594923071.56,8594923071.56,-2.2156,
600550.SH,保变电气,2014-09-19,6.25,6.42,6.21,6.39,8216550,0.5984,8773411889.34,8773411889.34,-2.2616,
600550.SH,保变电气,2014-09-22,6.39,6.53,6.25,6.43,10507895,0.7653,8828331525.58,8828331525.58,-2.2758,
600550.SH,保变电气,2014-09-23,6.45,6.75,6.38,6.75,16473698,1.1998,9267688615.5,9267688615.5,-2.389,
600550.SH,保变电气,2014-09-24,6.71,7.09,6.67,6.98,19450953,1.4167,9583476523.88,9583476523.88,-2.4704,
600550.SH,保变电气,2014-09-25,7,7.2,7,7.06,16311094,1.188,9693315796.36,9693315796.36,-2.4988,
600550.SH,保变电气,2014-09-26,7.05,7.29,7.05,7.29,13884414,1.0113,10009103704.74,10009103704.74,-2.5802,
600550.SH,保变电气,2014-09-29,7.36,7.65,7.29,7.65,19955677,1.4534,10503380430.9,10503380430.9,-2.7076,
600550.SH,保变电气,2014-09-30,7.74,8.03,7.34,7.42,41341783,3.0111,10187592522.52,10187592522.52,-2.6262,
600550.SH,保变电气,2014-10-08,7.45,7.64,7.2,7.6,20926140,1.5241,10434730885.6,10434730885.6,-2.6899,
600550.SH,保变电气,2014-10-09,7.54,7.98,7.53,7.94,28455948,2.0726,10901547793.64,10901547793.64,-2.8102,
600550.SH,保变电气,2014-10-10,7.97,8.05,7.76,7.81,17362922,1.2646,10723058975.86,10723058975.86,-2.7642,
600550.SH,保变电气,2014-10-13,7.8,7.82,7.42,7.55,21430660,1.5609,10366081340.3,10366081340.3,-2.6722,
600550.SH,保变电气,2014-10-14,7.46,7.67,7.17,7.18,28089957,2.0459,9858074705.08,9858074705.08,-2.5412,
600550.SH,保变电气,2014-10-15,7.21,7.41,7.08,7.29,13561070,0.9877,10009103704.74,10009103704.74,-2.5802,
600550.SH,保变电气,2014-10-16,7.46,7.49,7.08,7.1,14587411,1.0625,9748235432.6,9748235432.6,-2.5129,
600550.SH,保变电气,2014-10-17,7.12,7.19,6.8,6.95,15890630,1.1574,9542286796.7,9542286796.7,-2.4598,
600550.SH,保变电气,2014-10-20,6.9,7.27,6.87,7.27,14065803,1.0245,9981643886.62,9981643886.62,-2.5731,
600550.SH,保变电气,2014-10-21,7.14,7.33,7.03,7.1,15638140,1.139,9748235432.6,9748235432.6,-2.5129,
600550.SH,保变电气,2014-10-22,7.05,7.14,6.89,6.97,9997136,0.7281,9569746614.82,9569746614.82,-2.4669,
600550.SH,保变电气,2014-10-23,6.91,6.96,6.63,6.67,14371332,1.0467,9157849343.02,9157849343.02,-2.3607,
600550.SH,保变电气,2014-10-24,6.6,6.77,6.52,6.58,8724674,0.6355,9034280161.48,9034280161.48,-2.3289,
600550.SH,保变电气,2014-10-27,6.6,6.82,6.6,6.76,8673868,0.6317,9281418524.56,9281418524.56,-2.3926,
600550.SH,保变电气,2014-10-28,6.86,6.96,6.8,6.96,9507892,0.6925,9556016705.76,9556016705.76,-2.4634,
600550.SH,保变电气,2014-10-29,7.02,7.07,6.92,6.94,13773313,1.0032,9528556887.64,9528556887.64,-2.4563,
600550.SH,保变电气,2014-10-30,7.03,7.14,6.99,7,11377769,0.8287,9610936342,9610936342,-3.5086,
600550.SH,保变电气,2014-10-31,7.11,7.18,6.96,7.06,8905764,0.6486,9693315796.36,9693315796.36,-3.5387,
600550.SH,保变电气,2014-11-03,7.06,7.1,6.91,6.95,10594761,0.7717,9542286796.7,9542286796.7,-3.4835,
600550.SH,保变电气,2014-11-04,6.94,7.17,6.89,7.09,11430620,0.8325,9734505523.54,9734505523.54,-3.5537,
600550.SH,保变电气,2014-11-05,7.11,7.17,7.02,7.03,6643523,0.4839,9652126069.18,9652126069.18,-3.5236,
600550.SH,保变电气,2014-11-06,7.03,7.04,6.96,7.03,6005234,0.4374,9652126069.18,9652126069.18,-3.5236,
600550.SH,保变电气,2014-11-07,7.03,7.28,6.99,7.12,14977776,1.0909,9775695250.72,9775695250.72,-3.5688,
600550.SH,保变电气,2014-11-10,7.11,7.25,7.1,7.17,8500078,0.6191,9844344796.02,9844344796.02,-3.5938,
600550.SH,保变电气,2014-11-11,7.16,7.16,6.81,6.81,15475752,1.1272,9350068069.86,9350068069.86,-3.4134,
600550.SH,保变电气,2014-11-12,6.7,6.89,6.67,6.86,8820485,0.6424,9418717615.16,9418717615.16,-3.4384,
600550.SH,保变电气,2014-11-13,6.85,6.92,6.59,6.65,9959308,0.7254,9130389524.9,9130389524.9,-3.3332,
600550.SH,保变电气,2014-11-14,6.61,6.79,6.56,6.74,5562666,0.4051,9253958706.44,9253958706.44,-3.3783,
600550.SH,保变电气,2014-11-17,6.78,6.86,6.63,6.8,6979825,0.5084,9336338160.8,9336338160.8,-3.4084,
600550.SH,保变电气,2014-11-18,6.8,7.14,6.75,7.12,12497228,0.9102,9775695250.72,9775695250.72,-3.5688,
600550.SH,保变电气,2014-11-19,7.12,7.17,7.05,7.1,8084546,0.5888,9748235432.6,9748235432.6,-3.5587,
600550.SH,保变电气,2014-11-20,7.09,7.26,7.05,7.16,9540924,0.6949,9830614886.96,9830614886.96,-3.5888,
600550.SH,保变电气,2014-11-21,7.16,7.25,7.08,7.15,5379436,0.3918,9816884977.9,9816884977.9,-3.5838,
600550.SH,保变电气,2014-11-24,7.17,7.24,7.09,7.12,8648349,0.6299,9775695250.72,9775695250.72,-3.5688,
600550.SH,保变电气,2014-11-25,7.11,7.25,7.1,7.16,7924550,0.5772,9830614886.96,9830614886.96,-3.5888,
600550.SH,保变电气,2014-11-26,7.16,7.23,7.1,7.18,7490748,0.5456,9858074705.08,9858074705.08,-3.5988,
600550.SH,保变电气,2014-11-27,7.2,7.53,7.2,7.38,16110345,1.1734,10132672886.28,10132672886.28,-3.6991,
600550.SH,保变电气,2014-11-28,7.39,7.39,7.26,7.3,9622983,0.7009,10022833613.8,10022833613.8,-3.659,
600550.SH,保变电气,2014-12-01,7.32,7.34,7.08,7.11,11343834,0.8262,9761965341.66,9761965341.66,-3.5637,
600550.SH,保变电气,2014-12-02,7.1,7.21,7.08,7.17,8110041,0.5907,9844344796.02,9844344796.02,-3.5938,
600550.SH,保变电气,2014-12-03,7.18,7.19,7.05,7.14,11226375,0.8177,9803155068.84,9803155068.84,-3.5788,
600550.SH,保变电气,2014-12-04,7.12,7.22,7.08,7.19,12857910,0.9365,9871804614.14,9871804614.14,-3.6038,
600550.SH,保变电气,2014-12-05,7.19,7.19,7.19,7.19,--,--,9871804614.14,9871804614.14,-3.6038,
600550.SH,保变电气,2014-12-08,7.19,7.19,7.19,7.19,--,--,9871804614.14,9871804614.14,-3.6038,
600550.SH,保变电气,2014-12-09,7.19,7.19,7.19,7.19,--,--,9871804614.14,9871804614.14,-3.6038,
600550.SH,保变电气,2014-12-10,7.19,7.19,7.19,7.19,--,--,9871804614.14,9871804614.14,-3.6038,
600550.SH,保变电气,2014-12-11,7.55,7.55,7.17,7.18,23653677,1.7228,9858074705.08,9858074705.08,-3.5988,
600550.SH,保变电气,2014-12-12,7.13,7.14,6.95,7,15358941,1.1186,9610936342,9610936342,-3.5086,
600550.SH,保变电气,2014-12-15,6.96,6.99,6.87,6.96,11169763,0.8135,9556016705.76,9556016705.76,-3.4886,
600550.SH,保变电气,2014-12-16,6.98,7.02,6.93,6.95,10742141,0.7824,9542286796.7,9542286796.7,-3.4835,
600550.SH,保变电气,2014-12-17,6.96,6.97,6.6,6.67,20810855,1.5157,9157849343.02,9157849343.02,-3.3432,
600550.SH,保变电气,2014-12-18,6.65,6.75,6.51,6.71,10918270,0.7952,9212768979.26,9212768979.26,-3.3633,
600550.SH,保变电气,2014-12-19,6.67,6.68,6.4,6.42,14223428,1.0359,8814601616.52,8814601616.52,-3.2179,
600550.SH,保变电气,2014-12-22,6.42,6.42,6.1,6.1,15421938,1.1232,8375244526.6,8375244526.6,-3.0575,
600550.SH,保变电气,2014-12-23,6.06,6.26,5.92,6.14,10795754,0.7863,8430164162.84,8430164162.84,-3.0776,
600550.SH,保变电气,2014-12-24,6.17,6.35,6.17,6.34,11763180,0.8568,8704762344.04,8704762344.04,-3.1778,
600550.SH,保变电气,2014-12-25,6.35,6.62,6.3,6.53,11014507,0.8022,8965630616.18,8965630616.18,-3.273,
600550.SH,保变电气,2014-12-26,6.59,6.7,6.5,6.65,8369051,0.6095,9130389524.9,9130389524.9,-3.3332,
600550.SH,保变电气,2014-12-29,6.66,6.7,6.43,6.46,9645632,0.7025,8869521252.76,8869521252.76,-3.2379,
600550.SH,保变电气,2014-12-30,6.36,6.52,6.32,6.37,6592422,0.4802,8745952071.22,9775447016.79,-3.1928,
600550.SH,保变电气,2014-12-31,6.38,6.69,6.34,6.69,6658213,0.4849,9185309161.14,10266521278.23,-3.3532,
600550.SH,保变电气,2015-01-05,6.89,7.02,6.77,7.02,5961244,0.4342,9638396160.12,10772941610.34,-3.9328,
600550.SH,保变电气,2015-01-06,7.3,7.37,7.28,7.37,8133774,0.5924,10118942977.22,11310054083.79,-4.1289,
600550.SH,保变电气,2015-01-07,7.74,7.74,7.74,7.74,3157418,0.23,10626949612.44,11877858698.58,-4.3362,
600550.SH,保变电气,2015-01-08,8.13,8.13,8.13,8.13,3257728,0.2373,11162416065.78,12476355454.71,-4.5547,
600550.SH,保变电气,2015-01-09,8.54,8.54,7.72,7.72,39379333,2.8681,10599489794.32,11847166557.24,-4.325,
600550.SH,保变电气,2015-01-12,7.51,7.51,7.33,7.33,14974452,1.0906,10064023340.98,11248669801.11,-4.1065,
600550.SH,保变电气,2015-01-13,7.13,7.7,7.13,7.4,16861126,1.2281,10160132704.4,11356092295.8,-4.1457,
600550.SH,保变电气,2015-01-14,7.4,7.63,7.35,7.45,10795332,0.7863,10228782249.7,11432822649.15,-4.1737,
600550.SH,保变电气,2015-01-15,7.5,7.74,7.39,7.66,11695150,0.8518,10517110339.96,11755090133.22,-4.2914,
600550.SH,保变电气,2015-01-16,7.76,7.82,7.6,7.73,11963958,0.8714,10613219703.38,11862512627.91,-4.3306,
600550.SH,保变电气,2015-01-19,7.5,7.7,7.34,7.34,15695818,1.1432,10077753250.04,11264015871.78,-4.1121,
600550.SH,保变电气,2015-01-20,7.4,7.48,7.17,7.29,20390188,1.4851,10009103704.74,11187285518.43,-4.0841,
600550.SH,保变电气,2015-01-21,7.35,7.58,7.31,7.52,12497720,0.9103,10324891613.12,11540245143.84,-4.2129,
600550.SH,保变电气,2015-01-22,7.51,7.71,7.5,7.64,11459823,0.8347,10489650521.84,11724397991.88,-4.2802,
600550.SH,保变电气,2015-01-23,7.7,7.76,7.57,7.6,11855207,0.8635,10434730885.6,11663013709.2,-4.2577,
600550.SH,保变电气,2015-01-26,7.63,7.98,7.58,7.98,17745504,1.2925,10956467429.88,12246164394.66,-4.4706,
600550.SH,保变电气,2015-01-27,8.04,8.32,7.9,8.15,25097031,1.8279,11189875883.9,12507047596.05,-4.5659,
600550.SH,保变电气,2015-01-28,8.11,8.16,7.95,8.08,13209430,0.9621,11093766520.48,12399625101.36,-4.5267,
600550.SH,保变电气,2015-01-29,8.03,8.38,7.98,8.26,16634624,1.2116,11340904883.56,12675854373.42,-4.6275,
600550.SH,保变电气,2015-01-30,8.31,8.47,8.23,8.26,17002353,1.2383,11340904883.56,12675854373.42,-4.6275,
600550.SH,保变电气,2015-02-02,7.98,8.17,7.92,7.97,15519179,1.1303,10942737520.82,12230818323.99,-4.465,
600550.SH,保变电气,2015-02-03,8,8.1,7.96,8.04,7574519,0.5517,11038846884.24,12338240818.68,-4.5043,
600550.SH,保变电气,2015-02-04,8.06,8.2,8.04,8.05,7902829,0.5756,11052576793.3,12353586889.35,-4.5099,
600550.SH,保变电气,2015-02-05,8.13,8.15,7.7,7.71,15362553,1.1189,10585759885.26,11831820486.57,-4.3194,
600550.SH,保变电气,2015-02-06,7.67,7.8,7.42,7.51,10726321,0.7812,10311161704.06,11524899073.17,-4.2073,
600550.SH,保变电气,2015-02-09,7.51,7.89,7.47,7.89,9028523,0.6576,10832898248.34,12108049758.63,-4.4202,
600550.SH,保变电气,2015-02-10,8.01,8.06,7.65,7.77,11510899,0.8384,10668139339.62,11923896910.59,-4.353,
600550.SH,保变电气,2015-02-11,7.87,7.98,7.76,7.91,7182863,0.5232,10860358066.46,12138741899.97,-4.4314,
600550.SH,保变电气,2015-02-12,7.91,8.06,7.85,8.01,6112657,0.4452,10997657157.06,12292202606.67,-4.4874,
600550.SH,保变电气,2015-02-13,8.06,8.19,8.04,8.15,8650548,0.6301,11189875883.9,12507047596.05,-4.5659,
600550.SH,保变电气,2015-02-16,8.16,8.26,8.1,8.15,8684945,0.6326,11189875883.9,12507047596.05,-4.5659,
600550.SH,保变电气,2015-02-17,8.18,8.27,8.12,8.2,6531153,0.4757,11258525429.2,12583777949.4,-4.5939,
600550.SH,保变电气,2015-02-25,8.22,8.38,8.17,8.27,7446873,0.5424,11354634792.62,12691200444.09,-4.6331,
600550.SH,保变电气,2015-02-26,8.29,8.4,8.26,8.37,7112453,0.518,11491933883.22,12844661150.79,-4.6891,
600550.SH,保变电气,2015-02-27,8.32,8.79,8.32,8.67,21240621,1.547,11903831155.02,13305043270.89,-4.8572,
600550.SH,保变电气,2015-03-02,8.7,9.1,8.6,9.1,21938686,1.5979,12494217244.6,13964924309.7,-5.0981,
600550.SH,保变电气,2015-03-03,9.05,9.25,8.98,9.02,19409540,1.4137,12384377972.12,13842155744.34,-5.0533,
600550.SH,保变电气,2015-03-04,9,9.14,8.88,8.97,13733909,1.0003,12315728426.82,13765425390.99,-5.0253,
600550.SH,保变电气,2015-03-05,9.02,9.42,8.99,9.42,18758370,1.3662,12933574334.52,14455998571.14,-5.2774,
600550.SH,保变电气,2015-03-06,9.53,9.89,9.43,9.62,24412788,1.7781,13208172515.72,14762919984.54,-5.3894,
600550.SH,保变电气,2015-03-09,9.6,9.88,9.55,9.63,13903256,1.0126,13221902424.78,14778266055.21,-5.395,
600550.SH,保变电气,2015-03-10,9.6,9.72,9.16,9.27,19799568,1.4421,12727625698.62,14225807511.09,-5.1933,
600550.SH,保变电气,2015-03-11,9.27,9.73,9.19,9.73,18800857,1.3693,13359201515.38,14931726761.91,-5.451,
600550.SH,保变电气,2015-03-12,9.86,10,9.3,9.48,21670713,1.5784,13015953788.88,14548074995.16,214.8654,
600550.SH,保变电气,2015-03-13,9.54,9.72,9.42,9.7,11575594,0.8431,13318011788.2,14885688549.9,219.8518,
600550.SH,保变电气,2015-03-16,9.75,10.18,9.68,10.14,17897094,1.3035,13922127786.84,15560915659.38,229.8244,
600550.SH,保变电气,2015-03-17,10.14,10.14,10.14,10.14,--,--,13922127786.84,15560915659.38,229.8244,
600550.SH,保变电气,2015-03-18,10.95,10.95,10.23,10.25,57188728,4.1653,14073156786.5,15729722436.75,232.3176,
600550.SH,保变电气,2015-03-19,10.2,11.28,10,11.28,46916072,3.4171,15487337419.68,17310367715.76,255.6627,
600550.SH,保变电气,2015-03-20,11.76,12.11,11.4,11.56,59194461,4.3114,15871774873.36,17740057694.52,262.0089,
600550.SH,保变电气,2015-03-23,11.73,11.75,11.36,11.66,33451472,2.4364,16009073963.96,17893518401.22,264.2754,
600550.SH,保变电气,2015-03-24,11.66,11.67,11,11.52,38297933,2.7894,15816855237.12,17678673411.84,261.1023,
600550.SH,保变电气,2015-03-25,11.47,11.47,11.1,11.23,23777144,1.7318,15418687874.38,17233637362.41,254.5294,
600550.SH,保变电气,2015-03-26,11.23,11.78,11.01,11.36,31088655,2.2643,15597176692.16,17433136281.12,257.4759,
600550.SH,保变电气,2015-03-27,11.35,11.49,11.2,11.34,18139592,1.3212,15569716874.04,17402444139.78,257.0226,
600550.SH,保变电气,2015-03-30,11.35,11.72,11.34,11.49,33995261,2.476,15775665509.94,17632635199.83,260.4224,
600550.SH,保变电气,2015-03-31,11.49,11.59,11.3,11.46,25197952,1.8353,15734475782.76,17586596987.82,259.7424,
600550.SH,保变电气,2015-04-01,11.55,12.61,11.35,12.61,54406649,3.9626,17313415324.66,19351395114.87,285.8073,
600550.SH,保变电气,2015-04-02,12.88,12.94,12.5,12.66,53311000,3.8828,17382064869.96,19428125468.22,286.9406,
600550.SH,保变电气,2015-04-03,12.74,12.78,12.37,12.52,28678358,2.0888,17189846143.12,19213280478.84,283.7674,
600550.SH,保变电气,2015-04-07,12.52,13.27,12.43,12.78,42884681,3.1234,17546823778.68,19612278316.26,289.6604,
600550.SH,保变电气,2015-04-08,12.8,12.93,12.15,12.44,32670175,2.3795,17080006870.64,19090511913.48,281.9542,
600550.SH,保变电气,2015-04-09,12.45,12.5,11.7,11.96,28630781,2.0853,16420971235.76,18353900521.32,271.075,
600550.SH,保变电气,2015-04-10,11.9,12.36,11.8,12.16,23536448,1.7142,16695569416.96,18660821934.72,275.608,
600550.SH,保变电气,2015-04-13,12.16,12.53,12.01,12.36,28381993,2.0672,16970167598.16,18967743348.12,280.141,
600550.SH,保变电气,2015-04-14,12.35,12.67,12.17,12.48,31454373,2.2909,17134926506.88,19151896196.16,282.8608,
600550.SH,保变电气,2015-04-15,12.43,12.43,11.75,11.77,29951573,2.1815,16160102963.62,18062325178.59,266.7686,
600550.SH,保变电气,2015-04-16,11.77,12.76,11.77,12.32,40506549,2.9502,16915247961.92,18906359065.44,372.9866,
600550.SH,保变电气,2015-04-17,12.53,12.88,12.32,12.58,52971807,3.8581,17272225597.48,19305356902.86,380.8581,
600550.SH,保变电气,2015-04-20,12.5,12.97,12,12.92,63157969,4.6,17739042505.52,19827123305.64,391.1516,
600550.SH,保变电气,2015-04-21,12.93,13.5,12.8,12.97,45204588,3.2924,17807692050.82,19903853658.99,392.6653,
600550.SH,保变电气,2015-04-22,12.7,13.5,12.5,13.46,76053482,5.5393,18480457594.76,20655811121.82,407.5,
600550.SH,保变电气,2015-04-23,13.47,14.18,13.21,13.5,63556251,4.629,18535377231,20717195404.5,408.711,
600550.SH,保变电气,2015-04-24,13.2,13.41,12.89,13.03,41033077,2.9886,17890071505.18,19995930083.01,394.4818,
600550.SH,保变电气,2015-04-27,13,13.3,12.85,13.24,40952601,2.9827,18178399595.44,20318197567.08,400.8395,
600550.SH,保变电气,2015-04-28,13.1,13.11,12.45,12.48,37657735,2.7428,17134926506.88,19151896196.16,377.8306,
600550.SH,保变电气,2015-04-29,12.24,12.59,12.08,12.37,22239351,1.6198,16983897507.22,18983089418.79,374.5004,
600550.SH,保变电气,2015-04-30,12.38,12.67,12.31,12.36,20182584,1.47,16970167598.16,18967743348.12,374.1976,
600550.SH,保变电气,2015-05-04,12.65,13.14,12.55,13.12,36619505,2.6671,18013640686.72,20134044719.04,397.2065,
600550.SH,保变电气,2015-05-05,13.19,13.2,12.1,12.28,29116949,2.1207,16860328325.68,18844974782.76,371.7756,
600550.SH,保变电气,2015-05-06,12.35,12.48,11.5,11.69,24589911,1.791,16050263691.14,17939556613.23,353.9135,
600550.SH,保变电气,2015-05-07,11.6,11.62,11,11.09,23117326,1.6837,15226469147.54,17018792373.03,335.7485,
600550.SH,保变电气,2015-05-08,11.11,11.49,11.1,11.43,18869975,1.3744,15693286055.58,17540558775.81,346.042,
600550.SH,保变电气,2015-05-11,11.59,11.97,11.44,11.96,21110180,1.5375,16420971235.76,18353900521.32,362.0876,
600550.SH,保变电气,2015-05-12,11.98,12.36,11.93,12.27,24132006,1.7576,16846598416.62,18829628712.09,371.4729,
600550.SH,保变电气,2015-05-13,12.25,12.74,11.9,12.11,27938219,2.0348,16626919871.66,18584091581.37,366.6289,
600550.SH,保变电气,2015-05-14,12.35,12.75,12.26,12.63,36259456,2.6409,17340875142.78,19382087256.21,382.3718,
600550.SH,保变电气,2015-05-15,12.59,12.59,12.04,12.18,22857285,1.6648,16723029235.08,18691514076.06,368.7481,
600550.SH,保变电气,2015-05-18,11.95,12.36,11.76,11.92,20227723,1.4733,16366051599.52,18292516238.64,360.8767,
600550.SH,保变电气,2015-05-19,11.91,12.4,11.81,12.29,24321456,1.7714,16874058234.74,18860320853.43,372.0784,
600550.SH,保变电气,2015-05-20,12.4,12.94,12.37,12.58,42183815,3.0724,17272225597.48,19305356902.86,380.8581,
600550.SH,保变电气,2015-05-21,12.6,12.89,12.53,12.88,39341078,2.8654,17684122869.28,19765739022.96,389.9406,
600550.SH,保变电气,2015-05-22,13.13,13.27,12.7,13.18,55917333,4.0727,18096020141.08,20226121143.06,399.023,
600550.SH,保变电气,2015-05-25,13.18,13.98,13.18,13.86,67617707,4.9248,19029653957.16,21269653948.62,419.61,
600550.SH,保变电气,2015-05-26,13.92,14.83,13.91,14.79,74459624,5.4232,20306535499.74,22696838520.93,447.7656,
600550.SH,保变电气,2015-05-27,14.79,14.79,14.02,14.37,69799282,5.0837,19729879319.22,22052303552.79,435.0501,
600550.SH,保变电气,2015-05-28,14.34,14.65,12.93,12.93,68292951,4.974,17752772414.58,19842469376.31,391.4543,
600550.SH,保变电气,2015-05-29,12.9,13.1,12,12.64,48416310,3.5263,17354605051.84,19397433326.88,382.6746,
600550.SH,保变电气,2015-06-01,12.93,13.59,12.78,13.56,46815546,3.4097,18617756685.36,20809271828.52,410.5275,
600550.SH,保变电气,2015-06-02,13.66,14.42,13.65,14.36,63996100,4.6611,19716149410.16,22036957482.12,434.7474,
600550.SH,保变电气,2015-06-03,14.5,14.57,13.7,14.15,51915225,3.7812,19427821319.9,21714689998.05,428.3896,
600550.SH,保变电气,2015-06-04,14.15,15.57,13.45,15.57,89070959,6.4874,21377468406.42,23893832033.19,471.38,
600550.SH,保变电气,2015-06-05,16.29,17.13,16.1,17.13,66000508,4.8071,23519334219.78,26287819057.71,518.6088,
600550.SH,保变电气,2015-06-08,18.57,18.57,16.25,16.43,114493964,8.339,22558240585.58,25213594110.81,497.4164,
600550.SH,保变电气,2015-06-09,16.24,17.66,15.89,17.29,74731351,5.443,23739012764.74,26533356188.43,523.4528,
600550.SH,保变电气,2015-06-10,17.29,17.35,16.45,16.99,50536622,3.6808,23327115492.94,26072974068.33,514.3704,
600550.SH,保变电气,2015-06-11,16.8,16.9,16.18,16.64,43852369,3.1939,22846568675.84,25535861594.88,503.7741,
600550.SH,保变电气,2015-06-12,16.63,17,16.41,16.76,40405260,2.9429,23011327584.56,25720014442.92,507.4071,
600550.SH,保变电气,2015-06-15,16.69,17.59,16.66,17.02,53339660,3.8849,23368305220.12,26119012280.34,515.2786,
600550.SH,保变电气,2015-06-16,16.8,18.07,16.53,17.85,79027019,5.7558,24507887672.1,27392736145.95,540.4067,
600550.SH,保变电气,2015-06-17,17.54,17.85,16.18,17.28,58703785,4.2756,23725282855.68,26518010117.76,523.1501,
600550.SH,保变电气,2015-06-18,16.98,17.2,15.91,16,38981505,2.8392,21967854496,24553713072,484.3982,
600550.SH,保变电气,2015-06-19,15.51,15.65,14.4,14.4,42354946,3.0849,19771069046.4,22098341764.8,435.9584,
600550.SH,保变电气,2015-06-23,14,14.39,12.96,13.98,46193324,3.3644,19194412865.88,21453806796.66,423.2429,
600550.SH,保变电气,2015-06-24,14.25,14.98,14.08,14.59,43775485,3.1883,20031937318.54,22389917107.53,441.7106,
600550.SH,保变电气,2015-06-25,14.81,15.16,13.57,14.06,42352919,3.0847,19304252138.36,21576575362.02,425.6649,
600550.SH,保变电气,2015-06-26,13.58,13.7,12.65,12.65,40064182,2.918,17368334960.9,19412779397.55,382.9773,
600550.SH,保变电气,2015-06-29,13.02,13.2,11.39,11.39,55484393,4.0411,15638366419.34,17479174493.13,344.831,
600550.SH,保变电气,2015-06-30,11.07,12.25,10.25,12.17,57598230,4.1951,16709299326.02,18676168005.39,368.4454,
600550.SH,保变电气,2015-07-01,11.9,12.59,10.96,10.99,43686737,3.1819,15089170056.94,16865331666.33,332.721,
600550.SH,保变电气,2015-07-02,11.05,11.31,9.89,9.93,42470367,3.0933,13633799696.58,15238648175.31,300.6296,
600550.SH,保变电气,2015-07-03,9.2,10.1,8.94,8.94,46852589,3.4124,12274538699.64,13719387178.98,270.6575,
600550.SH,保变电气,2015-07-06,9.83,9.83,8.05,8.47,52414108,3.8175,11629232973.82,12998121857.49,256.4283,
600550.SH,保变电气,2015-07-07,8.05,8.25,7.62,7.62,27873719,2.0301,10462190703.72,11693705850.54,230.6946,
600550.SH,保变电气,2015-07-08,6.86,7.32,6.86,6.86,49324277,3.5925,9418717615.16,10527404479.62,207.6857,
600550.SH,保变电气,2015-07-09,6.41,7.55,6.41,7.55,39460355,2.874,10366081340.3,11586283355.85,228.5754,
600550.SH,保变电气,2015-07-10,7.9,8.31,7.77,8.31,16702219,1.2165,11409554428.86,12752584726.77,251.5843,
600550.SH,保变电气,2015-07-13,9.14,9.14,8.7,9.14,66044140,4.8102,12549136880.84,14026308592.38,276.7125,
600550.SH,保变电气,2015-07-14,9.53,10.01,9.14,9.62,91931353,6.6957,13208172515.72,14762919984.54,291.2444,
600550.SH,保变电气,2015-07-15,9.2,9.5,8.66,8.66,53775092,3.9166,11890101245.96,13289697200.22,262.1805,
600550.SH,保变电气,2015-07-16,8,9.3,7.91,8.99,44415248,3.2349,12343188244.94,13796117532.33,272.1712,
600550.SH,保变电气,2015-07-17,9.1,9.77,9.04,9.68,45949618,3.3467,13290551970.08,14854996408.56,293.0609,
600550.SH,保变电气,2015-07-20,9.75,10.36,9.75,10.25,60767008,4.4259,14073156786.5,15729722436.75,310.3176,
600550.SH,保变电气,2015-07-21,10,10.46,9.82,10.2,45927087,3.345,14004507241.2,15652992083.4,308.8039,
600550.SH,保变电气,2015-07-22,10.2,10.33,9.86,10.2,41668492,3.0349,14004507241.2,15652992083.4,308.8039,
600550.SH,保变电气,2015-07-23,10.18,10.68,10.1,10.57,50334870,3.6661,14512513876.42,16220796698.19,320.0056,
600550.SH,保变电气,2015-07-24,10.65,10.94,10.05,10.21,56613570,4.1234,14018237150.26,15668338154.07,309.1066,
600550.SH,保变电气,2015-07-27,9.96,10.25,9.19,9.19,41672225,3.0351,12617786426.14,14103038945.73,278.2262,
600550.SH,保变电气,2015-07-28,8.31,9.19,8.31,8.55,45447213,3.3101,11739072246.3,13120890422.85,258.8503,
600550.SH,保变电气,2015-07-29,8.8,9.41,8.48,9.39,33646734,2.4506,12892384607.34,14409960359.13,284.2812,
600550.SH,保变电气,2015-07-30,9.3,10.14,9.16,9.41,49210867,3.5842,12919844425.46,14440652500.47,284.8867,
600550.SH,保变电气,2015-07-31,9.12,9.62,9.03,9.31,27151855,1.9776,12782545334.86,14287191793.77,281.8592,
600550.SH,保变电气,2015-08-03,9.16,9.3,8.49,8.79,27064299,1.9712,12068590063.74,13489196118.93,266.1163,
600550.SH,保变电气,2015-08-04,8.9,9.66,8.89,9.64,31836451,2.3188,13235632333.84,14793612125.88,291.8499,
600550.SH,保变电气,2015-08-05,9.7,9.89,9.32,9.49,34829914,2.5368,13029683697.94,14563421065.83,287.3087,
600550.SH,保变电气,2015-08-06,9.24,9.73,9.16,9.53,25176212,1.8337,13084603334.18,14624805348.51,288.5197,
600550.SH,保变电气,2015-08-07,9.7,9.93,9.64,9.87,34710906,2.5281,13551420242.22,15146571751.29,298.8131,
600550.SH,保变电气,2015-08-10,9.97,10.66,9.93,10.47,46338001,3.375,14375214785.82,16067335991.49,316.9781,
600550.SH,保变电气,2015-08-11,10.56,10.56,10.16,10.35,52511798,3.8246,14210455877.1,15883183143.45,313.3451,
600550.SH,保变电气,2015-08-12,10.14,10.52,10.1,10.11,34167606,2.4886,13880938059.66,15514877447.37,306.0791,
600550.SH,保变电气,2015-08-13,10.36,10.58,10.06,10.57,44892869,3.2697,14512513876.42,16220796698.19,320.0056,
600550.SH,保变电气,2015-08-14,10.62,10.85,10.43,10.66,45142870,3.2879,14636083057.96,16358911334.22,322.7303,
600550.SH,保变电气,2015-08-17,10.67,11.32,10.6,11.14,47511293,3.4604,15295118692.84,17095522726.38,337.2622,
600550.SH,保变电气,2015-08-18,11,11.11,10.03,10.03,53618981,3.9053,13771098787.18,15392108882.01,366.1313,
600550.SH,保变电气,2015-08-19,9.58,10.28,9.08,10.13,38668667,2.8164,13908397877.78,15545569588.71,369.7816,
600550.SH,保变电气,2015-08-20,9.89,10.16,9.57,9.59,24463384,1.7818,13166982788.54,14716881772.53,350.0697,
600550.SH,保变电气,2015-08-21,9.38,9.52,8.73,8.91,27532423,2.0053,12233348972.46,13673348966.97,325.2472,
600550.SH,保变电气,2015-08-24,8.5,8.5,8.02,8.02,23243809,1.6929,11011387066.12,12307548677.34,292.759,
600550.SH,保变电气,2015-08-25,7.22,7.45,7.22,7.22,18984317,1.3827,9912994341.32,11079863023.74,263.5561,
600550.SH,保变电气,2015-08-26,7.31,7.5,6.5,6.66,31502404,2.2944,9144119433.96,10220483066.22,243.1141,
600550.SH,保变电气,2015-08-27,6.92,7.15,6.51,7.13,24108507,1.7559,9789425159.78,10941748387.71,260.2708,
600550.SH,保变电气,2015-08-28,7.31,7.84,7.22,7.83,28781001,2.0962,10750518793.98,12015973334.61,285.8233,
600550.SH,保变电气,2015-08-31,7.73,7.94,7.42,7.73,26853809,1.9559,10613219703.38,11862512627.91,282.173,
600550.SH,保变电气,2015-09-01,7.61,7.61,6.97,6.98,24493462,1.7839,9583476523.88,10711557327.66,254.7953,
600550.SH,保变电气,2015-09-02,6.6,7.24,6.48,6.74,18021711,1.3126,9253958706.44,10343251631.58,246.0344,
600550.SH,保变电气,2015-09-07,6.87,7.19,6.87,6.9,15869014,1.1558,9473637251.4,10588788762.3,251.875,
600550.SH,保变电气,2015-09-08,6.9,7.37,6.82,7.33,14704496,1.071,10064023340.98,11248669801.11,267.5715,
600550.SH,保变电气,2015-09-09,7.43,7.64,7.36,7.59,21976363,1.6006,10421000976.54,11647667638.53,277.0625,
600550.SH,保变电气,2015-09-10,7.5,7.69,7.41,7.43,17034439,1.2407,10201322431.58,11402130507.81,271.2219,
600550.SH,保变电气,2015-09-11,7.45,7.57,7.27,7.47,13655765,0.9946,10256242067.82,11463514790.49,272.682,
600550.SH,保变电气,2015-09-14,7.52,7.6,6.72,6.78,20896437,1.522,9308878342.68,10404635914.26,247.4945,
600550.SH,保变电气,2015-09-15,6.7,6.79,6.12,6.27,19317069,1.4069,8608652980.62,9621986310.09,228.8777,
600550.SH,保变电气,2015-09-16,6.3,6.9,6.2,6.86,26758079,1.9489,9418717615.16,10527404479.62,250.4148,
600550.SH,保变电气,2015-09-17,6.85,6.97,6.53,6.61,27185444,1.98,9075469888.66,10143752712.87,241.2889,
600550.SH,保变电气,2015-09-18,6.63,6.73,6.49,6.65,13600954,0.9906,9130389524.9,10205136995.55,242.7491,
600550.SH,保变电气,2015-09-21,6.39,6.89,6.21,6.84,23242897,1.6929,9391257797.04,10496712338.28,249.6848,
600550.SH,保变电气,2015-09-22,6.84,6.9,6.69,6.86,20689054,1.5069,9418717615.16,10527404479.62,250.4148,
600550.SH,保变电气,2015-09-23,6.72,6.79,6.57,6.65,17038177,1.241,9130389524.9,10205136995.55,242.7491,
600550.SH,保变电气,2015-09-24,6.72,6.8,6.66,6.78,12101576,0.8814,9308878342.68,10404635914.26,247.4945,
600550.SH,保变电气,2015-09-25,6.75,6.9,6.52,6.61,15012700,1.0934,9075469888.66,10143752712.87,241.2889,
600550.SH,保变电气,2015-09-28,6.63,6.91,6.58,6.81,12704619,0.9253,9350068069.86,10450674126.27,248.5896,
600550.SH,保变电气,2015-09-29,6.63,6.79,6.62,6.69,9954502,0.725,9185309161.14,10266521278.23,244.2092,
600550.SH,保变电气,2015-09-30,6.75,6.89,6.67,6.78,8205850,0.5977,9308878342.68,10404635914.26,247.4945,
600550.SH,保变电气,2015-10-08,7.46,7.46,7,7.1,17627515,1.2839,9748235432.6,10895710175.7,259.1757,
600550.SH,保变电气,2015-10-09,7.06,7.28,7.06,7.25,16249706,1.1835,9954184068.5,11125901235.75,264.6512,
600550.SH,保变电气,2015-10-12,7.3,7.79,7.25,7.64,26157932,1.9052,10489650521.84,11724397991.88,278.8876,
600550.SH,保变电气,2015-10-13,7.6,7.88,7.53,7.8,24459521,1.7815,10709329066.8,11969935122.6,284.7282,
600550.SH,保变电气,2015-10-14,7.71,7.77,7.5,7.51,24329740,1.772,10311161704.06,11524899073.17,274.1422,
600550.SH,保变电气,2015-10-15,7.47,7.84,7.42,7.82,23257332,1.6939,10736788884.92,12000627263.94,285.4583,
600550.SH,保变电气,2015-10-16,7.88,8.03,7.69,7.99,29424820,2.1431,10970197338.94,12261510465.33,291.6639,
600550.SH,保变电气,2015-10-19,8.01,8.3,7.81,7.93,29945014,2.181,10887817884.58,12169434041.31,289.4737,
600550.SH,保变电气,2015-10-20,7.87,8.04,7.77,8.03,21261391,1.5485,11025116975.18,12322894748.01,293.1241,
600550.SH,保变电气,2015-10-21,8.03,8.03,7.23,7.24,31009999,2.2586,9940454159.44,11110555165.08,264.2862,
600550.SH,保变电气,2015-10-22,7.33,7.52,7.14,7.49,18838154,1.3721,10283701885.94,11494206931.83,273.4121,
600550.SH,保变电气,2015-10-23,7.59,7.75,7.42,7.67,21959680,1.5994,10530840249.02,11770436203.89,279.9828,
600550.SH,保变电气,2015-10-26,7.8,7.89,7.67,7.78,20376803,1.4841,10681869248.68,11939242981.26,283.9981,
600550.SH,保变电气,2015-10-27,7.7,7.75,7.23,7.7,26810649,1.9527,10572029976.2,11816474415.9,281.0779,
600550.SH,保变电气,2015-10-28,7.64,7.95,7.51,7.7,27186416,1.9801,10572029976.2,11816474415.9,281.0779,
600550.SH,保变电气,2015-10-29,7.74,7.86,7.59,7.74,18874790,1.3747,10626949612.44,11877858698.58,282.538,
600550.SH,保变电气,2015-10-30,7.69,7.83,7.53,7.68,16228002,1.1819,10544570158.08,11785782274.56,280.3478,
600550.SH,保变电气,2015-11-02,7.59,7.76,7.44,7.51,14122246,1.0286,10311161704.06,11524899073.17,9762.8857,
600550.SH,保变电气,2015-11-03,7.49,7.59,7.39,7.43,11383249,0.8291,10201322431.58,11402130507.81,9658.8867,
600550.SH,保变电气,2015-11-04,7.5,7.83,7.46,7.81,20995805,1.5292,10723058975.86,11985281193.27,10152.8818,
600550.SH,保变电气,2015-11-05,7.85,8.16,7.8,7.98,36448316,2.6547,10956467429.88,12246164394.66,10373.8789,
600550.SH,保变电气,2015-11-06,7.99,8.28,7.9,8.26,36582514,2.6644,11340904883.56,12675854373.42,10737.875,
600550.SH,保变电气,2015-11-09,8.27,8.35,8.04,8.2,31844986,2.3194,11258525429.2,12583777949.4,10659.875,
600550.SH,保变电气,2015-11-10,8.17,8.46,8.08,8.28,30034434,2.1875,11368364701.68,12706546514.76,10763.874,
600550.SH,保变电气,2015-11-11,8.32,8.45,8.22,8.43,29460637,2.1457,11574313337.58,12936737574.81,10958.8721,
600550.SH,保变电气,2015-11-12,8.45,8.49,8.11,8.26,30206062,2.2,11340904883.56,12675854373.42,10737.875,
600550.SH,保变电气,2015-11-13,8.15,8.23,8.03,8.08,20416086,1.487,11093766520.48,12399625101.36,10503.877,
600550.SH,保变电气,2015-11-16,7.94,8.39,7.88,8.38,23514779,1.7127,11505663792.28,12860007221.46,10893.873,
600550.SH,保变电气,2015-11-17,8.44,8.59,8.24,8.31,30724229,2.2378,11409554428.86,12752584726.77,10802.874,
600550.SH,保变电气,2015-11-18,8.31,8.36,8.04,8.12,18660436,1.3591,11148686156.72,12461009384.04,10555.877,
600550.SH,保变电气,2015-11-19,8.15,8.44,8.08,8.41,20188189,1.4704,11546853519.46,12906045433.47,10932.8721,
600550.SH,保变电气,2015-11-20,8.42,8.46,8.31,8.41,21625109,1.575,11546853519.46,12906045433.47,10932.8721,
600550.SH,保变电气,2015-11-23,8.38,8.64,8.38,8.48,27456636,1.9998,11642962882.88,13013467928.16,11023.8711,
600550.SH,保变电气,2015-11-24,8.47,8.48,8.2,8.42,16584246,1.2079,11560583428.52,12921391504.14,10945.8721,
600550.SH,保变电气,2015-11-25,8.44,8.8,8.38,8.78,33061743,2.408,12054860154.68,13473850048.26,11413.8662,
600550.SH,保变电气,2015-11-26,8.75,8.75,8.57,8.63,23782316,1.7322,11848911518.78,13243658988.21,11218.8691,
600550.SH,保变电气,2015-11-27,8.62,8.63,7.82,8,28037520,2.0421,10983927248,12276856536,10399.8789,
600550.SH,保变电气,2015-11-30,7.91,8.07,7.45,7.89,22512222,1.6396,10832898248.34,12108049758.63,10256.8799,
600550.SH,保变电气,2015-12-01,7.91,8.1,7.74,7.94,16513397,1.2027,10901547793.64,12184780111.98,10321.8789,
600550.SH,保变电气,2015-12-02,7.95,8.04,7.71,7.97,15402662,1.1218,10942737520.82,12230818323.99,10360.8789,
600550.SH,保变电气,2015-12-03,7.99,8.1,7.95,8.07,13329975,0.9709,11080036611.42,12384279030.69,10490.877,
600550.SH,保变电气,2015-12-04,8.14,8.88,8.08,8.88,30120863,2.1938,12192159245.28,13627310754.96,11543.8652,
600550.SH,保变电气,2015-12-07,9,9.49,8.9,9.29,91830462,6.6884,12755085516.74,14256499652.43,12076.8584,
600550.SH,保变电气,2015-12-08,9.02,9.14,8.8,8.83,43925891,3.1993,12123509699.98,13550580401.61,11478.8662,
600550.SH,保变电气,2015-12-09,8.69,8.89,8.55,8.76,26880390,1.9578,12027400336.56,13443157906.92,11387.8672,
600550.SH,保变电气,2015-12-10,8.65,9.1,8.65,8.83,34471744,2.5107,12123509699.98,13550580401.61,11478.8662,
600550.SH,保变电气,2015-12-11,8.8,9.01,8.63,8.86,24608101,1.7923,12164699427.16,13596618613.62,11517.8652,
600550.SH,保变电气,2015-12-14,8.75,9.17,8.67,9.13,28905269,2.1053,12535406971.78,14010962521.71,11868.8613,
600550.SH,保变电气,2015-12-15,9.14,9.27,8.95,9.04,23763766,1.7308,12411837790.24,13872847885.68,11751.8623,
600550.SH,保变电气,2015-12-16,9.1,9.15,8.91,8.97,19081047,1.3897,12315728426.82,13765425390.99,11660.8633,
600550.SH,保变电气,2015-12-17,9.09,9.34,9.03,9.16,32653708,2.3783,12576596698.96,14057000733.72,11907.8613,
600550.SH,保变电气,2015-12-18,9.61,9.81,9.24,9.25,43838909,3.1929,12700165880.5,14195115369.75,12024.8594,
600550.SH,保变电气,2015-12-21,9.19,9.19,8.99,9.15,27382067,1.9943,12562866789.9,14041654663.05,11894.8613,
600550.SH,保变电气,2015-12-22,9.27,9.31,9.08,9.18,19703804,1.4351,12604056517.08,14087692875.06,11933.8604,
600550.SH,保变电气,2015-12-23,9.22,9.22,8.94,8.99,22506662,1.6392,12343188244.94,13796117532.33,11686.8633,
600550.SH,保变电气,2015-12-24,9.02,9.02,8.73,8.89,15176629,1.1054,12205889154.34,13642656825.63,11556.8652,
600550.SH,保变电气,2015-12-25,8.94,9.09,8.9,9.05,14421564,1.0504,12425567699.3,13888193956.35,11764.8623,
600550.SH,保变电气,2015-12-28,9.08,9.16,8.7,8.75,19469661,1.418,12013670427.5,13427811836.25,11374.8672,
600550.SH,保变电气,2015-12-29,8.75,8.88,8.7,8.87,12712647,0.9259,12178429336.22,13611964684.29,11530.8652,
600550.SH,保变电气,2015-12-30,8.87,8.96,8.79,8.91,11041195,0.8042,12233348972.46,13673348966.97,11582.8643,
600550.SH,保变电气,2015-12-31,8.92,9.04,8.79,8.8,10437788,0.7602,12082319972.8,13504542189.6,11439.8662,
600550.SH,保变电气,2016-01-04,8.83,8.9,7.92,7.94,16728306,1.2184,10901547793.64,12184780111.98,10321.8789,
600550.SH,保变电气,2016-01-05,7.42,7.95,7.26,7.73,20757254,1.5118,10613219703.38,11862512627.91,10048.8828,
600550.SH,保变电气,2016-01-06,7.76,7.94,7.69,7.9,13170874,0.9593,10846628157.4,12123395829.3,10269.8799,
600550.SH,保变电气,2016-01-07,7.7,7.75,7.12,7.15,3854040,0.2807,9816884977.9,10972440529.05,9294.8916,
600550.SH,保变电气,2016-01-08,7.28,7.44,6.77,7.25,17230081,1.2549,9954184068.5,11125901235.75,9424.8896,
600550.SH,保变电气,2016-01-11,7.23,7.34,6.67,6.74,14250881,1.0379,9253958706.44,10343251631.58,8761.8975,
600550.SH,保变电气,2016-01-12,6.74,6.9,6.65,6.85,9596171,0.6989,9404987706.1,10512058408.95,8904.8955,
600550.SH,保变电气,2016-01-13,6.89,6.93,6.51,6.54,8721618,0.6352,8979360525.24,10036330218.18,8501.9004,
600550.SH,保变电气,2016-01-14,6.38,6.76,6.2,6.71,9662949,0.7038,9212768979.26,10297213419.57,8722.8984,
600550.SH,保变电气,2016-01-15,6.7,6.78,6.35,6.42,9246416,0.6735,8814601616.52,9852177370.14,8345.9023,
600550.SH,保变电气,2016-01-18,6.3,6.59,6.24,6.47,7546288,0.5496,8883251161.82,9928907723.49,8410.9014,
600550.SH,保变电气,2016-01-19,6.47,6.71,6.41,6.69,9528205,0.694,9185309161.14,10266521278.23,8696.8984,
600550.SH,保变电气,2016-01-20,6.67,6.78,6.55,6.65,10562750,0.7693,9130389524.9,10205136995.55,8644.8994,
600550.SH,保变电气,2016-01-21,6.5,6.69,6.37,6.38,7872151,0.5734,8759681980.28,9790793087.46,8293.9033,
600550.SH,保变电气,2016-01-22,6.42,6.51,6.29,6.46,6977899,0.5082,8869521252.76,9913561652.82,8397.9023,
600550.SH,保变电气,2016-01-25,6.5,6.64,6.48,6.58,6440995,0.4691,9034280161.48,10097714500.86,8553.9004,
600550.SH,保变电气,2016-01-26,6.47,6.53,6,6,10184503,0.7418,8237945436,9207642402,7799.9087,
600550.SH,保变电气,2016-01-27,6.01,6.07,5.63,5.89,10735468,0.7819,8086916436.34,9038835624.63,7656.9106,
600550.SH,保变电气,2016-01-28,5.84,5.9,5.55,5.6,7480809,0.5449,7688749073.6,8593799575.2,7279.915,
600550.SH,保变电气,2016-01-29,5.6,5.85,5.6,5.8,7142484,0.5202,7963347254.8,8900720988.6,7539.9121,
600550.SH,保变电气,2016-02-01,5.8,5.84,5.62,5.69,5620021,0.4093,7812318255.14,8731914211.23,7396.9136,
600550.SH,保变电气,2016-02-02,5.68,5.92,5.68,5.91,7282184,0.5304,8114376254.46,9069527765.97,7682.9102,
600550.SH,保变电气,2016-02-03,5.83,5.95,5.76,5.94,5158472,0.3757,8155565981.64,9115565977.98,7721.9097,
600550.SH,保变电气,2016-02-04,5.98,6.08,5.93,6.02,6679864,0.4865,8265405254.12,9238334543.34,7825.9087,
600550.SH,保变电气,2016-02-05,6.16,6.2,6.01,6.02,6468275,0.4711,8265405254.12,9238334543.34,7825.9087,
600550.SH,保变电气,2016-02-15,5.8,6.02,5.65,5.96,5507979,0.4012,8183025799.76,9146258119.32,7747.9097,
600550.SH,保变电气,2016-02-16,6,6.26,5.97,6.21,7830979,0.5704,8526273526.26,9529909886.07,8072.9058,
600550.SH,保变电气,2016-02-17,6.2,6.27,6.15,6.25,7244081,0.5276,8581193162.5,9591294168.75,8124.9053,
600550.SH,保变电气,2016-02-18,6.3,6.33,6.22,6.28,8507484,0.6196,8622382889.68,9637332380.76,8163.9048,
600550.SH,保变电气,2016-02-19,6.25,6.28,6.18,6.26,6249109,0.4551,8594923071.56,9606640239.42,8137.9048,
600550.SH,保变电气,2016-02-22,6.31,6.41,6.27,6.39,9267543,0.675,8773411889.34,9806139158.13,8306.9033,
600550.SH,保变电气,2016-02-23,6.39,6.44,6.21,6.31,9089661,0.662,8663572616.86,9683370592.77,8202.9043,
600550.SH,保变电气,2016-02-24,6.26,6.4,6.21,6.4,8538979,0.6219,8787141798.4,9821485228.8,8319.9023,
600550.SH,保变电气,2016-02-25,6.4,6.4,5.76,5.77,12993849,0.9464,7922157527.62,8854682776.59,7500.9121,
600550.SH,保变电气,2016-02-26,5.83,5.9,5.71,5.86,8105300,0.5903,8045726709.16,8992797412.62,7617.9111,
600550.SH,保变电气,2016-02-29,5.82,5.87,5.4,5.53,9378831,0.6831,7592639710.18,8486377080.51,7188.916,
600550.SH,保变电气,2016-03-01,5.59,5.95,5.48,5.87,11291416,0.8224,8059456618.22,9008143483.29,7630.9106,
600550.SH,保变电气,2016-03-02,5.79,6.13,5.79,6.12,12424279,0.9049,8402704344.72,9391795250.04,7955.9072,
600550.SH,保变电气,2016-03-03,6.07,6.2,6.02,6.15,11502303,0.8378,8443894071.9,9437833462.05,7994.9067,
600550.SH,保变电气,2016-03-04,6.12,6.15,5.86,5.99,9593608,0.6987,8224215526.94,9192296331.33,7786.9092,
600550.SH,保变电气,2016-03-07,6.01,6.14,6.01,6.1,7743185,0.564,8375244526.6,9361103108.7,7929.9072,
600550.SH,保变电气,2016-03-08,6.12,6.17,5.82,6.17,9140210,0.6657,8471353890.02,9468525603.39,8020.9063,
600550.SH,保变电气,2016-03-09,6.06,6.07,5.9,5.98,6771006,0.4932,8210485617.88,9176950260.66,7773.9092,
600550.SH,保变电气,2016-03-10,5.99,6.08,5.93,5.93,5474479,0.3987,8141836072.58,9100219907.31,7708.9097,
600550.SH,保变电气,2016-03-11,5.9,5.91,5.76,5.87,4688713,0.3415,8059456618.22,9008143483.29,7630.9106,
600550.SH,保变电气,2016-03-14,5.95,6.28,5.9,6.13,12355893,0.8999,8416434253.78,9407141320.71,7968.9067,
600550.SH,保变电气,2016-03-15,6.13,6.17,6,6.06,6988491,0.509,8320324890.36,9299718826.02,7877.9077,
600550.SH,保变电气,2016-03-16,6.12,6.12,5.88,5.94,7302545,0.5319,8155565981.64,9115565977.98,7721.9097,
600550.SH,保变电气,2016-03-17,5.98,6.12,5.93,6.09,7718748,0.5622,8361514617.54,9345757038.03,7916.9077,
600550.SH,保变电气,2016-03-18,6.1,6.3,6.09,6.29,15753081,1.1474,8636112798.74,9652678451.43,8176.9043,
600550.SH,保变电气,2016-03-21,6.37,6.48,6.3,6.41,16178243,1.1783,8800871707.46,9836831299.47,8332.9023,
600550.SH,保变电气,2016-03-22,6.33,6.44,6.3,6.38,11810184,0.8602,8759681980.28,9790793087.46,8293.9033,
600550.SH,保变电气,2016-03-23,6.38,6.44,6.32,6.44,10613508,0.773,8842061434.64,9882869511.48,8371.9023,
600550.SH,保变电气,2016-03-24,6.39,6.39,6.25,6.26,11292655,0.8225,8594923071.56,9606640239.42,8137.9048,
600550.SH,保变电气,2016-03-25,6.25,6.33,6.21,6.33,8010566,0.5834,8691032434.98,9714062734.11,8228.9043,
600550.SH,保变电气,2016-03-28,6.34,6.4,6.23,6.27,11264393,0.8204,8608652980.62,9621986310.09,8150.9048,
600550.SH,保变电气,2016-03-29,6.27,6.29,6.08,6.12,7871785,0.5733,8402704344.72,9391795250.04,7955.9072,
600550.SH,保变电气,2016-03-30,6.16,6.39,6.16,6.35,9075783,0.661,8718492253.1,9744754875.45,8254.9033,
600550.SH,保变电气,2016-03-31,6.4,6.47,6.36,6.39,13882460,1.0111,8773411889.34,9806139158.13,8306.9033,
600550.SH,保变电气,2016-04-01,6.37,6.39,6.18,6.37,10235801,0.7455,8745952071.22,9775447016.79,8280.9033,
600550.SH,保变电气,2016-04-05,6.41,6.65,6.35,6.55,19237550,1.4011,8993090434.3,10051676288.85,8514.9004,
600550.SH,保变电气,2016-04-06,6.57,6.7,6.52,6.61,15544684,1.1322,9075469888.66,10143752712.87,8592.8994,
600550.SH,保变电气,2016-04-07,6.76,7.27,6.76,7.27,26560563,1.9345,9981643886.62,11156593377.09,9450.8896,
600550.SH,保变电气,2016-04-08,7.35,7.35,6.88,7.05,37375340,2.7222,9679585887.3,10818979822.35,9164.8926,
600550.SH,保变电气,2016-04-11,7.05,7.18,6.98,7.07,25016091,1.822,9707045705.42,10849671963.69,9190.8926,
600550.SH,保变电气,2016-04-12,7.07,7.07,6.8,6.92,14122991,1.0286,9501097069.52,10619480903.64,8995.8945,
600550.SH,保变电气,2016-04-13,6.94,7.11,6.93,6.94,17089613,1.2447,9528556887.64,10650173044.98,9021.8945,
600550.SH,保变电气,2016-04-14,6.99,7.14,6.99,7.06,10061889,0.7328,9693315796.36,10834325893.02,9177.8926,
600550.SH,保变电气,2016-04-15,7.06,7.06,7.06,7.06,--,--,9693315796.36,10834325893.02,9177.8926,
600550.SH,保变电气,2016-04-18,7.06,7.06,7.06,7.06,--,--,9693315796.36,10834325893.02,9177.8926,
600550.SH,保变电气,2016-04-19,7.06,7.06,7.06,7.06,--,--,9693315796.36,10834325893.02,9177.8926,
600550.SH,保变电气,2016-04-20,7.06,7.06,7.06,7.06,--,--,9693315796.36,10834325893.02,9177.8926,
600550.SH,保变电气,2016-04-21,7.06,7.06,7.06,7.06,--,--,9693315796.36,10834325893.02,9177.8926,
600550.SH,保变电气,2016-04-22,7.06,7.06,7.06,7.06,--,--,9693315796.36,10834325893.02,9177.8926,
600550.SH,保变电气,2016-04-25,7.06,7.06,7.06,7.06,--,--,9693315796.36,10834325893.02,9177.8926,
600550.SH,保变电气,2016-04-26,7.06,7.06,7.06,7.06,--,--,9693315796.36,10834325893.02,119.5167,
600550.SH,保变电气,2016-04-27,7.06,7.06,7.06,7.06,--,--,9693315796.36,10834325893.02,119.5167,
600550.SH,保变电气,2016-04-28,7.06,7.06,7.06,7.06,--,--,9693315796.36,10834325893.02,119.5167,
600550.SH,保变电气,2016-04-29,7.06,7.06,7.06,7.06,--,--,9693315796.36,10834325893.02,-90.1644,
600550.SH,保变电气,2016-05-03,7.06,7.06,7.06,7.06,--,--,9693315796.36,10834325893.02,-90.1644,
600550.SH,保变电气,2016-05-04,7.06,7.06,7.06,7.06,--,--,9693315796.36,10834325893.02,-90.1644,
600550.SH,保变电气,2016-05-05,7.06,7.06,7.06,7.06,--,--,9693315796.36,10834325893.02,-90.1644,
600550.SH,保变电气,2016-05-06,7.06,7.06,7.06,7.06,--,--,9693315796.36,10834325893.02,-90.1644,
600550.SH,保变电气,2016-05-09,7.06,7.06,7.06,7.06,--,--,9693315796.36,10834325893.02,-90.1644,
600550.SH,保变电气,2016-05-10,7.06,7.06,7.06,7.06,--,--,9693315796.36,10834325893.02,-90.1644,
600550.SH,保变电气,2016-05-11,7.06,7.06,7.06,7.06,--,--,9693315796.36,10834325893.02,-90.1644,
600550.SH,保变电气,2016-05-12,7.06,7.06,7.06,7.06,--,--,9693315796.36,10834325893.02,-90.1644,
600550.SH,保变电气,2016-05-13,6.58,6.7,6.35,6.35,31295875,2.2794,8718492253.1,9744754875.45,-81.0969,
600550.SH,保变电气,2016-05-16,6.22,6.25,6.07,6.22,14971558,1.0904,8540003435.32,9545255956.74,-79.4367,
600550.SH,保变电气,2016-05-17,6.2,6.21,6.08,6.15,9535635,0.6945,8443894071.9,9437833462.05,-78.5427,
600550.SH,保变电气,2016-05-18,6.13,6.13,5.68,5.87,12245924,0.8919,8059456618.22,9008143483.29,-74.9668,
600550.SH,保变电气,2016-05-19,5.88,5.94,5.76,5.8,8607702,0.6269,7963347254.8,8900720988.6,-74.0728,
600550.SH,保变电气,2016-05-20,5.74,5.86,5.61,5.86,7271384,0.5296,8045726709.16,8992797412.62,-74.839,
600550.SH,保变电气,2016-05-23,5.88,5.96,5.84,5.93,6808917,0.4959,8141836072.58,9100219907.31,-75.733,
600550.SH,保变电气,2016-05-24,5.92,5.93,5.78,5.82,5735846,0.4178,7990807072.92,8931413129.94,-74.3282,
600550.SH,保变电气,2016-05-25,5.84,5.89,5.74,5.78,4235772,0.3085,7935887436.68,8870028847.26,-73.8173,
600550.SH,保变电气,2016-05-26,5.78,5.82,5.6,5.77,6888233,0.5017,7922157527.62,8854682776.59,-73.6896,
600550.SH,保变电气,2016-05-27,5.78,5.85,5.68,5.81,5767095,0.42,7977077163.86,8916067059.27,-74.2005,
600550.SH,保变电气,2016-05-30,5.8,5.8,5.67,5.74,3607508,0.2627,7880967800.44,8808644564.58,-73.3065,
600550.SH,保变电气,2016-05-31,5.75,5.96,5.74,5.95,9238377,0.6729,8169295890.7,9130912048.65,-75.9884,
600550.SH,保变电气,2016-06-01,5.93,6.08,5.91,5.98,8872243,0.6462,8210485617.88,9176950260.66,-76.3716,
600550.SH,保变电气,2016-06-02,5.99,6.04,5.92,6.02,7755901,0.5649,8265405254.12,9238334543.34,-76.8824,
600550.SH,保变电气,2016-06-03,6.05,6.11,5.99,6.02,9588925,0.6984,8265405254.12,9238334543.34,-76.8824,
600550.SH,保变电气,2016-06-06,6.05,6.07,5.94,5.98,6058404,0.4413,8210485617.88,9176950260.66,-76.3716,
600550.SH,保变电气,2016-06-07,5.98,6.01,5.9,5.97,5356405,0.3901,8196755708.82,9161604189.99,-76.2439,
600550.SH,保变电气,2016-06-08,5.97,5.97,5.83,5.93,6582055,0.4794,8141836072.58,9100219907.31,-75.733,
600550.SH,保变电气,2016-06-13,5.84,5.87,5.56,5.58,7241996,0.5275,7661289255.48,8563107433.86,-71.2631,
600550.SH,保变电气,2016-06-14,5.54,5.63,5.52,5.59,5929442,0.4319,7675019164.54,8578453504.53,-71.3908,
600550.SH,保变电气,2016-06-15,5.5,5.78,5.48,5.75,7228275,0.5265,7894697709.5,8823990635.25,-73.4342,
600550.SH,保变电气,2016-06-16,5.71,5.83,5.66,5.75,7524961,0.5481,7894697709.5,8823990635.25,-73.4342,
600550.SH,保变电气,2016-06-17,5.77,5.85,5.72,5.85,6715633,0.4891,8031996800.1,8977451341.95,-74.7113,
600550.SH,保变电气,2016-06-20,5.82,5.83,5.73,5.82,4671205,0.3402,7990807072.92,8931413129.94,-74.3282,
600550.SH,保变电气,2016-06-21,5.83,5.88,5.73,5.76,5122343,0.3731,7908427618.56,8839336705.92,-73.5619,
600550.SH,保变电气,2016-06-22,5.77,5.81,5.71,5.8,5201743,0.3789,7963347254.8,8900720988.6,-74.0728,
600550.SH,保变电气,2016-06-23,5.76,5.81,5.74,5.78,5493296,0.4001,7935887436.68,8870028847.26,-73.8173,
600550.SH,保变电气,2016-06-24,5.78,5.84,5.55,5.66,6087196,0.4434,7771128527.96,8685875999.22,-72.2848,
600550.SH,保变电气,2016-06-27,5.68,5.85,5.68,5.83,5950052,0.4334,8004536981.98,8946759200.61,-74.4559,
600550.SH,保变电气,2016-06-28,5.8,5.91,5.76,5.9,6370870,0.464,8100646345.4,9054181695.3,-75.3499,
600550.SH,保变电气,2016-06-29,5.92,5.94,5.87,5.89,6379868,0.4647,8086916436.34,9038835624.63,-75.2222,
600550.SH,保变电气,2016-06-30,5.89,5.97,5.85,5.89,5588868,0.4071,8086916436.34,9038835624.63,-75.2222,
600550.SH,保变电气,2016-07-01,5.89,5.95,5.87,5.91,5308201,0.3866,8114376254.46,9069527765.97,-75.4776,
600550.SH,保变电气,2016-07-04,5.93,6.05,5.8,6.03,10428457,0.7595,8279135163.18,9253680614.01,-77.0101,
600550.SH,保变电气,2016-07-05,6.02,6.12,5.99,6.1,10373974,0.7556,8375244526.6,9361103108.7,-77.9041,
600550.SH,保变电气,2016-07-06,6.08,6.08,5.99,6.06,8294564,0.6041,8320324890.36,9299718826.02,-77.3933,
600550.SH,保变电气,2016-07-07,6.06,6.12,6.02,6.05,8030190,0.5849,8306594981.3,9284372755.35,-77.2656,
600550.SH,保变电气,2016-07-08,6.03,6.08,6,6.04,5942489,0.4328,8292865072.24,9269026684.68,-77.1378,
600550.SH,保变电气,2016-07-11,6.04,6.55,6.02,6.28,25243433,1.8386,8622382889.68,9637332380.76,-80.2029,
600550.SH,保变电气,2016-07-12,6.27,6.39,6.18,6.33,15476262,1.1272,8691032434.98,9714062734.11,-80.8415,
600550.SH,保变电气,2016-07-13,6.36,6.37,6.27,6.29,9255448,0.6741,8636112798.74,9652678451.43,-80.3306,
600550.SH,保变电气,2016-07-14,6.28,6.42,6.2,6.39,11648007,0.8484,8773411889.34,9806139158.13,-81.6078,
600550.SH,保变电气,2016-07-15,6.39,6.44,6.29,6.3,7216052,0.5256,8649842707.8,9668024522.1,-80.4584,
600550.SH,保变电气,2016-07-18,6.3,6.31,6.19,6.21,6561636,0.4779,8526273526.26,9529909886.07,-79.3089,
600550.SH,保变电气,2016-07-19,6.18,6.29,6.18,6.27,4254922,0.3099,8608652980.62,9621986310.09,-80.0752,
600550.SH,保变电气,2016-07-20,6.27,6.29,6.22,6.23,3720283,0.271,8553733344.38,9560602027.41,-79.5644,
600550.SH,保变电气,2016-07-21,6.22,6.28,6.21,6.23,5241195,0.3817,8553733344.38,9560602027.41,-79.5644,
600550.SH,保变电气,2016-07-22,6.23,6.34,6.21,6.23,6800337,0.4953,8553733344.38,9560602027.41,-79.5644,
600550.SH,保变电气,2016-07-25,6.23,6.27,6.18,6.21,5912422,0.4306,8526273526.26,9529909886.07,-79.3089,
600550.SH,保变电气,2016-07-26,6.22,6.28,6.18,6.27,6351446,0.4626,8608652980.62,9621986310.09,-80.0752,
600550.SH,保变电气,2016-07-27,6.27,6.33,5.82,5.93,12778260,0.9307,8141836072.58,9100219907.31,-75.733,
600550.SH,保变电气,2016-07-28,5.95,5.98,5.83,5.98,6871042,0.5004,8210485617.88,9176950260.66,-76.3716,
600550.SH,保变电气,2016-07-29,5.96,5.96,5.88,5.93,3850332,0.2804,8141836072.58,9100219907.31,-75.733,
600550.SH,保变电气,2016-08-01,5.91,5.92,5.79,5.82,3895384,0.2837,7990807072.92,8931413129.94,-74.3282,
600550.SH,保变电气,2016-08-02,5.82,5.86,5.8,5.86,2740636,0.1996,8045726709.16,8992797412.62,-74.839,
600550.SH,保变电气,2016-08-03,5.86,5.88,5.81,5.86,2795223,0.2036,8045726709.16,8992797412.62,-74.839,
600550.SH,保变电气,2016-08-04,5.83,5.88,5.82,5.88,2934197,0.2137,8073186527.28,9023489553.96,-75.0945,
600550.SH,保变电气,2016-08-05,5.88,5.89,5.8,5.82,4814038,0.3506,7990807072.92,8931413129.94,-74.3282,
600550.SH,保变电气,2016-08-08,5.8,5.88,5.73,5.88,4668718,0.34,8073186527.28,9023489553.96,-75.0945,
600550.SH,保变电气,2016-08-09,5.96,6.33,5.95,6.2,16186420,1.1789,8512543617.2,9514563815.4,-79.1812,
600550.SH,保变电气,2016-08-10,6.13,6.21,6.12,6.15,7589344,0.5528,8443894071.9,9437833462.05,-78.5427,
600550.SH,保变电气,2016-08-11,6.15,6.15,5.98,6,7284517,0.5306,8237945436,9207642402,-76.627,
600550.SH,保变电气,2016-08-12,5.98,6.07,5.95,6.07,5091062,0.3708,8334054799.42,9315064896.69,-77.521,
600550.SH,保变电气,2016-08-15,6.08,6.2,6.05,6.17,8272755,0.6025,8471353890.02,9468525603.39,-78.7981,
600550.SH,保变电气,2016-08-16,6.18,6.24,6.14,6.16,8344130,0.6077,8457623980.96,9453179532.72,-78.6704,
600550.SH,保变电气,2016-08-17,6.15,6.27,6.12,6.24,7447393,0.5424,8567463253.44,9575948098.08,-79.6921,
600550.SH,保变电气,2016-08-18,6.24,6.27,6.18,6.21,6936282,0.5052,8526273526.26,9529909886.07,-124.5406,
600550.SH,保变电气,2016-08-19,6.21,6.24,6.17,6.21,5148413,0.375,8526273526.26,9529909886.07,-124.5406,
600550.SH,保变电气,2016-08-22,6.21,6.27,6.19,6.22,5852541,0.4263,8540003435.32,9545255956.74,-124.7412,
600550.SH,保变电气,2016-08-23,6.29,6.48,6.24,6.31,13171335,0.9593,8663572616.86,9683370592.77,-126.5461,
600550.SH,保变电气,2016-08-24,6.33,6.35,6.21,6.22,6287423,0.4579,8540003435.32,9545255956.74,-124.7412,
600550.SH,保变电气,2016-08-25,6.19,6.19,6.06,6.12,6997081,0.5096,8402704344.72,9391795250.04,-122.7357,
600550.SH,保变电气,2016-08-26,6.2,6.21,6.12,6.14,5861117,0.4269,8430164162.84,9422487391.38,-123.1368,
600550.SH,保变电气,2016-08-29,6.15,6.28,6.15,6.27,7036621,0.5125,8608652980.62,9621986310.09,-125.7439,
600550.SH,保变电气,2016-08-30,6.29,6.29,6.2,6.23,3791408,0.2761,8553733344.38,9560602027.41,-124.9417,
600550.SH,保变电气,2016-08-31,6.21,6.25,6.13,6.24,4315317,0.3143,8567463253.44,9575948098.08,-125.1423,
600550.SH,保变电气,2016-09-01,6.24,6.27,6.18,6.18,3864467,0.2815,8485083799.08,9483871674.06,-123.939,
600550.SH,保变电气,2016-09-02,6.19,6.24,6.13,6.22,5181819,0.3774,8540003435.32,9545255956.74,-124.7412,
600550.SH,保变电气,2016-09-05,6.22,6.28,6.2,6.21,4817576,0.3509,8526273526.26,9529909886.07,-124.5406,
600550.SH,保变电气,2016-09-06,6.21,6.26,6.14,6.25,6612790,0.4816,8581193162.5,9591294168.75,-125.3428,
600550.SH,保变电气,2016-09-07,6.25,6.4,6.24,6.37,15340372,1.1173,8745952071.22,9775447016.79,-127.7494,
600550.SH,保变电气,2016-09-08,6.31,6.48,6.31,6.47,12368209,0.9008,8883251161.82,9928907723.49,-129.7549,
600550.SH,保变电气,2016-09-09,6.48,6.5,6.34,6.36,8261810,0.6017,8732222162.16,9760100946.12,-127.5488,
600550.SH,保变电气,2016-09-12,6.28,6.29,6.14,6.16,8263440,0.6019,8457623980.96,9453179532.72,-123.5379,
600550.SH,保变电气,2016-09-13,6.19,6.24,6.16,6.23,4541520,0.3308,8553733344.38,9560602027.41,-124.9417,
600550.SH,保变电气,2016-09-14,6.18,6.24,6.18,6.23,3663102,0.2668,8553733344.38,9560602027.41,-124.9417,
600550.SH,保变电气,2016-09-19,6.22,6.4,6.22,6.39,7319905,0.5331,8773411889.34,9806139158.13,-128.1505,
600550.SH,保变电气,2016-09-20,6.37,6.45,6.33,6.43,8396772,0.6116,8828331525.58,9867523440.81,-128.9527,
600550.SH,保变电气,2016-09-21,6.41,6.44,6.34,6.4,4872356,0.3549,8787141798.4,9821485228.8,-128.351,
600550.SH,保变电气,2016-09-22,6.44,6.48,6.37,6.37,6260553,0.456,8745952071.22,9775447016.79,-127.7494,
600550.SH,保变电气,2016-09-23,6.37,6.38,6.29,6.32,5266629,0.3836,8677302525.92,9698716663.44,-126.7466,
600550.SH,保变电气,2016-09-26,6.29,6.39,6.23,6.24,6166902,0.4492,8567463253.44,9575948098.08,-125.1423,
600550.SH,保变电气,2016-09-27,6.2,6.27,6.19,6.26,4423369,0.3222,8594923071.56,9606640239.42,-125.5434,
600550.SH,保变电气,2016-09-28,6.26,6.29,6.2,6.23,2843230,0.2071,8553733344.38,9560602027.41,-124.9417,
600550.SH,保变电气,2016-09-29,6.22,6.31,6.22,6.26,3776882,0.2751,8594923071.56,9606640239.42,-125.5434,
600550.SH,保变电气,2016-09-30,6.26,6.32,6.25,6.3,4845188,0.3529,8649842707.8,9668024522.1,-126.3456,
600550.SH,保变电气,2016-10-10,6.35,6.44,6.28,6.43,8571796,0.6243,8828331525.58,9867523440.81,-128.9527,
600550.SH,保变电气,2016-10-11,6.45,6.65,6.41,6.63,18417787,1.3414,9102929706.78,10174444854.21,-132.9637,
600550.SH,保变电气,2016-10-12,6.57,6.64,6.54,6.57,10861615,0.7911,9020550252.42,10082368430.19,-131.7604,
600550.SH,保变电气,2016-10-13,6.56,6.86,6.52,6.81,21063826,1.5342,9350068069.86,10450674126.27,-136.5735,
600550.SH,保变电气,2016-10-14,6.74,6.81,6.6,6.73,12869585,0.9373,9240228797.38,10327905560.91,-134.9691,
600550.SH,保变电气,2016-10-17,6.75,6.78,6.53,6.55,9343042,0.6805,8993090434.3,10051676288.85,-131.3593,
600550.SH,保变电气,2016-10-18,6.55,6.66,6.54,6.66,7018627,0.5112,9144119433.96,10220483066.22,-133.5653,
600550.SH,保变电气,2016-10-19,6.68,6.69,6.55,6.6,7447067,0.5424,9061739979.6,10128406642.2,-132.362,
600550.SH,保变电气,2016-10-20,6.58,6.62,6.55,6.58,5657502,0.4121,9034280161.48,10097714500.86,-131.9609,
600550.SH,保变电气,2016-10-21,6.58,6.66,6.52,6.6,6304035,0.4591,9061739979.6,10128406642.2,-132.362,
600550.SH,保变电气,2016-10-24,6.6,6.77,6.6,6.71,9245525,0.6734,9212768979.26,10297213419.57,-134.568,
600550.SH,保变电气,2016-10-25,6.71,6.75,6.61,6.65,5964563,0.4344,9130389524.9,10205136995.55,-133.3647,
600550.SH,保变电气,2016-10-26,6.64,6.64,6.52,6.55,7629490,0.5557,8993090434.3,10051676288.85,-80.8009,
600550.SH,保变电气,2016-10-27,6.55,6.59,6.48,6.52,6209093,0.4522,8951900707.12,10005638076.84,-80.4308,
600550.SH,保变电气,2016-10-28,6.48,6.53,6.35,6.36,9692454,0.7059,8732222162.16,9760100946.12,-78.457,
600550.SH,保变电气,2016-10-31,6.37,6.41,6.32,6.39,5802565,0.4226,8773411889.34,9806139158.13,-78.8271,
600550.SH,保变电气,2016-11-01,6.39,6.47,6.36,6.44,5425640,0.3952,8842061434.64,9882869511.48,-79.4439,
600550.SH,保变电气,2016-11-02,6.41,6.43,6.33,6.35,5500282,0.4006,8718492253.1,9744754875.45,-78.3337,
600550.SH,保变电气,2016-11-03,6.35,6.44,6.32,6.41,7179037,0.5229,8800871707.46,9836831299.47,-79.0738,
600550.SH,保变电气,2016-11-04,6.39,6.44,6.35,6.36,4649536,0.3386,8732222162.16,9760100946.12,-78.457,
600550.SH,保变电气,2016-11-07,6.39,6.39,6.3,6.38,4890668,0.3562,8759681980.28,9790793087.46,-78.7037,
600550.SH,保变电气,2016-11-08,6.38,6.52,6.38,6.46,8970967,0.6534,8869521252.76,9913561652.82,-79.6906,
600550.SH,保变电气,2016-11-09,6.45,6.5,6.24,6.37,7187504,0.5235,8745952071.22,9775447016.79,-78.5804,
600550.SH,保变电气,2016-11-10,6.42,6.51,6.4,6.5,7125131,0.5189,8924440889,9974945935.5,-80.1841,
600550.SH,保变电气,2016-11-11,6.5,6.64,6.47,6.6,14873221,1.0833,9061739979.6,10128406642.2,-81.4177,
600550.SH,保变电气,2016-11-14,6.67,6.67,6.54,6.63,10156765,0.7398,9102929706.78,10174444854.21,-81.7877,
600550.SH,保变电气,2016-11-15,6.62,6.68,6.59,6.61,7831229,0.5704,9075469888.66,10143752712.87,-81.541,
600550.SH,保变电气,2016-11-16,6.61,6.66,6.56,6.61,6864513,0.5,9075469888.66,10143752712.87,-81.541,
600550.SH,保变电气,2016-11-17,6.6,6.78,6.56,6.77,16906778,1.2314,9295148433.62,10389289843.59,-83.5148,
600550.SH,保变电气,2016-11-18,6.76,6.82,6.63,6.65,9422058,0.6862,9130389524.9,10205136995.55,-82.0345,
600550.SH,保变电气,2016-11-21,6.66,6.67,6.59,6.64,6343839,0.462,9116659615.84,10189790924.88,-81.9111,
600550.SH,保变电气,2016-11-22,6.63,6.7,6.63,6.66,7242407,0.5275,9144119433.96,10220483066.22,-82.1578,
600550.SH,保变电气,2016-11-23,6.66,6.72,6.63,6.67,8444260,0.615,9157849343.02,10235829136.89,-82.2812,
600550.SH,保变电气,2016-11-24,6.64,6.66,6.52,6.55,7707040,0.5613,8993090434.3,10051676288.85,-80.8009,
600550.SH,保变电气,2016-11-25,6.56,6.58,6.4,6.51,9877440,0.7194,8938170798.06,9990292006.17,-80.3074,
600550.SH,保变电气,2016-11-28,6.53,6.63,6.51,6.59,7724539,0.5626,9048010070.54,10113060571.53,-81.2943,
600550.SH,保变电气,2016-11-29,6.57,6.63,6.52,6.54,6886426,0.5016,8979360525.24,10036330218.18,-80.6775,
600550.SH,保变电气,2016-11-30,6.55,6.57,6.44,6.48,5655933,0.4119,8896981070.88,9944253794.16,-79.9373,
600550.SH,保变电气,2016-12-01,6.5,6.54,6.48,6.53,4140698,0.3016,8965630616.18,10020984147.51,-80.5541,
600550.SH,保变电气,2016-12-02,6.54,6.59,6.45,6.46,6488678,0.4726,8869521252.76,9913561652.82,-79.6906,
600550.SH,保变电气,2016-12-05,6.4,6.47,6.39,6.41,4877438,0.3552,8800871707.46,9836831299.47,-79.0738,
600550.SH,保变电气,2016-12-06,6.44,6.49,6.4,6.42,3636350,0.2648,8814601616.52,9852177370.14,-79.1972,
600550.SH,保变电气,2016-12-07,6.41,6.46,6.38,6.45,4743659,0.3455,8855791343.7,9898215582.15,-79.5673,
600550.SH,保变电气,2016-12-08,6.46,6.47,6.42,6.45,3791543,0.2762,8855791343.7,9898215582.15,-79.5673,
600550.SH,保变电气,2016-12-09,6.44,6.45,6.4,6.41,4840927,0.3526,8800871707.46,9836831299.47,-79.0738,
600550.SH,保变电气,2016-12-12,6.39,6.43,6,6.02,12115112,0.8824,8265405254.12,9238334543.34,-74.2628,
600550.SH,保变电气,2016-12-13,6.03,6.09,5.98,6.09,5995647,0.4367,8361514617.54,9345757038.03,-75.1263,
600550.SH,保变电气,2016-12-14,6.09,6.15,6.04,6.07,4773389,0.3477,8334054799.42,9315064896.69,-74.8796,
600550.SH,保变电气,2016-12-15,6.15,6.21,6.07,6.11,7633334,0.556,8388974435.66,9376449179.37,-75.373,
600550.SH,保变电气,2016-12-16,6.12,6.2,6.09,6.13,4810873,0.3504,8416434253.78,9407141320.71,-75.6197,
600550.SH,保变电气,2016-12-19,6.13,6.18,6.11,6.17,3673565,0.2676,8471353890.02,9468525603.39,-76.1132,
600550.SH,保变电气,2016-12-20,6.17,6.17,6.09,6.14,3370677,0.2455,8430164162.84,9422487391.38,-75.7431,
600550.SH,保变电气,2016-12-21,6.14,6.19,6.12,6.17,3502536,0.2551,8471353890.02,9468525603.39,-76.1132,
600550.SH,保变电气,2016-12-22,6.16,6.22,6.14,6.2,4363008,0.3178,8512543617.2,9514563815.4,-76.4833,
600550.SH,保变电气,2016-12-23,6.17,6.22,6.13,6.18,3551844,0.2587,8485083799.08,9483871674.06,-76.2365,
600550.SH,保变电气,2016-12-26,6.17,6.17,6.05,6.16,3497485,0.2547,8457623980.96,9453179532.72,-75.9898,
600550.SH,保变电气,2016-12-27,6.13,6.21,6.13,6.18,3004860,0.2189,8485083799.08,9483871674.06,-76.2365,
600550.SH,保变电气,2016-12-28,6.16,6.19,6.09,6.1,2859108,0.2082,8375244526.6,9361103108.7,-75.2496,
600550.SH,保变电气,2016-12-29,6.09,6.14,6.07,6.08,2890345,0.2105,8347784708.48,9330410967.36,-75.0029,
600550.SH,保变电气,2016-12-30,6.07,6.13,6.07,6.11,2689181,0.1959,8388974435.66,9376449179.37,-75.373,
600550.SH,保变电气,2017-01-03,6.11,6.18,6.08,6.14,5211992,0.3796,8430164162.84,9422487391.38,-75.7431,
600550.SH,保变电气,2017-01-04,6.14,6.75,6.14,6.75,18512940,1.3484,9267688615.5,10358597702.25,-83.2681,
600550.SH,保变电气,2017-01-05,6.99,7.14,6.84,7,74044151,5.3929,9610936342,10742249469,-86.3521,
600550.SH,保变电气,2017-01-06,7.05,7.49,7.01,7.08,64167052,4.6735,9720775614.48,10865018034.36,-87.3389,
600550.SH,保变电气,2017-01-09,7.11,7.78,6.92,7.62,73132262,5.3265,10462190703.72,11693705850.54,-94.0004,
600550.SH,保变电气,2017-01-10,7.45,7.51,7.2,7.32,49106161,3.5766,10050293431.92,11233323730.44,-90.2996,
600550.SH,保变电气,2017-01-11,7.22,7.35,7.16,7.24,24644537,1.795,9940454159.44,11110555165.08,-89.3127,
600550.SH,保变电气,2017-01-12,7.28,7.28,7.01,7.05,25893661,1.8859,9679585887.3,10818979822.35,-86.9689,
600550.SH,保变电气,2017-01-13,7.06,7.09,6.93,6.95,21756907,1.5846,9542286796.7,10665519115.65,-85.7353,
600550.SH,保变电气,2017-01-16,6.91,6.94,6.39,6.68,26856161,1.956,9171579252.08,10251175207.56,-82.4045,
600550.SH,保变电气,2017-01-17,6.65,6.96,6.62,6.92,25932286,1.8887,9501097069.52,10619480903.64,-85.3652,
600550.SH,保变电气,2017-01-18,6.85,6.97,6.8,6.87,19371036,1.4109,9432447524.22,10542750550.29,-84.7484,
600550.SH,保变电气,2017-01-19,6.85,6.88,6.72,6.79,12835429,0.9349,9322608251.74,10419981984.93,-83.7615,
600550.SH,保变电气,2017-01-20,6.75,6.95,6.73,6.89,20338501,1.4813,9459907342.34,10573442691.63,-84.9951,
600550.SH,保变电气,2017-01-23,6.89,7.08,6.88,6.92,17434769,1.2698,9501097069.52,10619480903.64,-85.3652,
600550.SH,保变电气,2017-01-24,6.94,7.08,6.82,7.04,21084192,1.5356,9665855978.24,10803633751.68,-86.8455,
600550.SH,保变电气,2017-01-25,7.02,7.04,6.94,7.01,11062833,0.8057,9624666251.06,10757595539.67,-86.4754,
600550.SH,保变电气,2017-01-26,7.01,7.06,6.98,7.01,9490264,0.6912,9624666251.06,10757595539.67,-86.4754,
600550.SH,保变电气,2017-02-03,7.02,7.08,6.92,7.01,10690119,0.7786,9624666251.06,10757595539.67,-86.4754,
600550.SH,保变电气,2017-02-06,6.98,7.01,6.83,6.89,16310021,1.1879,9459907342.34,10573442691.63,-84.9951,
600550.SH,保变电气,2017-02-07,6.87,6.97,6.76,6.93,14386238,1.0478,9514826978.58,10634826974.31,-85.4885,
600550.SH,保变电气,2017-02-08,6.88,7.4,6.85,7.32,38746890,2.8221,10050293431.92,11233323730.44,-90.2996,
600550.SH,保变电气,2017-02-09,7.3,7.35,7.2,7.27,23241662,1.6928,9981643886.62,11156593377.09,-89.6828,
600550.SH,保变电气,2017-02-10,7.27,7.54,7.21,7.28,29899771,2.1777,9995373795.68,11171939447.76,-89.8061,
600550.SH,保变电气,2017-02-13,7.3,7.41,7.24,7.32,16144184,1.1758,10050293431.92,11233323730.44,-90.2996,
600550.SH,保变电气,2017-02-14,7.3,7.3,7.16,7.24,13714821,0.9989,9940454159.44,11110555165.08,-89.3127,
600550.SH,保变电气,2017-02-15,7.22,7.23,7.04,7.08,16099821,1.1726,9720775614.48,10865018034.36,-87.3389,
600550.SH,保变电气,2017-02-16,7.07,7.23,7.06,7.2,11631467,0.8472,9885534523.2,11049170882.4,-88.8193,
600550.SH,保变电气,2017-02-17,7.19,7.21,7.02,7.11,13258931,0.9657,9761965341.66,10911056246.37,-87.709,
600550.SH,保变电气,2017-02-20,7.08,7.26,7.06,7.24,14277312,1.0399,9940454159.44,11110555165.08,-89.3127,
600550.SH,保变电气,2017-02-21,7.25,7.28,7.14,7.22,12879853,0.9381,9912994341.32,11079863023.74,-89.066,
600550.SH,保变电气,2017-02-22,7.22,7.38,7.15,7.38,23175026,1.6879,10132672886.28,11325400154.46,-91.0397,
600550.SH,保变电气,2017-02-23,7.34,7.38,7.18,7.26,15232115,1.1094,9967913977.56,11141247306.42,-89.5594,
600550.SH,保变电气,2017-02-24,7.25,7.26,7.15,7.21,9953330,0.7249,9899264432.26,11064516953.07,-88.9426,
600550.SH,保变电气,2017-02-27,7.1,7.19,7,7.02,13725880,0.9997,9638396160.12,10772941610.34,-86.5988,
600550.SH,保变电气,2017-02-28,7.01,7.09,7.01,7.05,5992771,0.4365,9679585887.3,10818979822.35,-86.9689,
600550.SH,保变电气,2017-03-01,7.07,7.1,7.03,7.09,6487467,0.4725,9734505523.54,10880364105.03,-87.4623,
600550.SH,保变电气,2017-03-02,7.08,7.15,6.99,7.01,7366604,0.5365,9624666251.06,10757595539.67,-86.4754,
600550.SH,保变电气,2017-03-03,6.98,7.03,6.88,6.92,9959122,0.7254,9501097069.52,10619480903.64,-85.3652,
600550.SH,保变电气,2017-03-06,6.9,6.99,6.88,6.97,7152845,0.521,9569746614.82,10696211256.99,-85.982,
600550.SH,保变电气,2017-03-07,6.95,7.03,6.91,6.98,6950401,0.5062,9583476523.88,10711557327.66,-86.1053,
600550.SH,保变电气,2017-03-08,6.98,6.98,6.88,6.9,9086559,0.6618,9473637251.4,10588788762.3,-85.1185,
600550.SH,保变电气,2017-03-09,6.9,6.97,6.85,6.96,8196053,0.5969,9556016705.76,10680865186.32,-85.8586,
600550.SH,保变电气,2017-03-10,6.96,6.99,6.9,6.91,5305453,0.3864,9487367160.46,10604134832.97,-85.2418,
600550.SH,保变电气,2017-03-13,6.91,6.92,6.8,6.89,9189346,0.6693,9459907342.34,10573442691.63,-84.9951,
600550.SH,保变电气,2017-03-14,6.87,6.94,6.84,6.84,6190071,0.4508,9391257797.04,10496712338.28,-84.3783,
600550.SH,保变电气,2017-03-15,6.84,6.86,6.75,6.78,6891218,0.5019,9308878342.68,10404635914.26,-83.6381,
600550.SH,保变电气,2017-03-16,6.78,6.89,6.78,6.88,7581663,0.5522,9446177433.28,10558096620.96,-84.8717,
600550.SH,保变电气,2017-03-17,6.9,6.95,6.81,6.82,9109993,0.6635,9363797978.92,10466020196.94,-84.1316,
600550.SH,保变电气,2017-03-20,6.82,6.97,6.82,6.94,8537171,0.6218,9528556887.64,10650173044.98,-85.6119,
600550.SH,保变电气,2017-03-21,6.98,6.98,6.88,6.92,5028598,0.3663,9501097069.52,10619480903.64,97.3121,
600550.SH,保变电气,2017-03-22,6.92,6.92,6.78,6.85,6884195,0.5014,9404987706.1,10512058408.95,96.3277,
600550.SH,保变电气,2017-03-23,6.82,6.9,6.78,6.83,7076784,0.5154,9377527887.98,10481366267.61,96.0465,
600550.SH,保变电气,2017-03-24,6.81,7.02,6.79,7.01,13711596,0.9987,9624666251.06,10757595539.67,98.5777,
600550.SH,保变电气,2017-03-27,7.03,7.16,6.98,7.11,16316890,1.1884,9761965341.66,10911056246.37,99.9839,
600550.SH,保变电气,2017-03-28,7.14,7.14,6.99,7.03,8892895,0.6477,9652126069.18,10788287681.01,98.8589,
600550.SH,保变电气,2017-03-29,7.03,7.2,6.96,7.1,15552636,1.1328,9748235432.6,10895710175.7,99.8433,
600550.SH,保变电气,2017-03-30,7.08,7.27,7.05,7.16,24429735,1.7793,9830614886.96,10987786599.72,100.6871,
600550.SH,保变电气,2017-03-31,7.17,7.3,7.02,7.07,18014686,1.3121,9707045705.42,10849671963.69,99.4214,
600550.SH,保变电气,2017-04-05,7.78,7.78,7.78,7.78,4751685,0.3461,10681869248.68,11939242981.26,109.4058,
600550.SH,保变电气,2017-04-06,8.56,8.56,8.56,8.56,4512085,0.3286,11752802155.36,13136236493.52,120.3745,
600550.SH,保变电气,2017-04-07,9.42,9.42,9.3,9.42,135520424,9.8705,12933574334.52,14455998571.14,132.4682,
600550.SH,保变电气,2017-04-10,9.65,10.36,9.58,10.36,127957290,9.3196,14224185786.16,15898529214.12,145.6869,
600550.SH,保变电气,2017-04-11,11,11.4,10.88,11.4,53855308,3.9225,15652096328.4,17494520563.8,160.3118,
600550.SH,保变电气,2017-04-12,12.54,12.54,12,12.54,252278341,18.3744,17217305961.24,19243972620.18,176.343,
600550.SH,保变电气,2017-04-13,12.54,12.54,12.54,12.54,--,--,17217305961.24,19243972620.18,176.343,
600550.SH,保变电气,2017-04-14,12.54,12.54,12.54,12.54,--,--,17217305961.24,19243972620.18,176.343,
600550.SH,保变电气,2017-04-17,12.54,12.54,12.54,12.54,--,--,17217305961.24,19243972620.18,176.343,
600550.SH,保变电气,2017-04-18,12.54,12.54,12.54,12.54,--,--,17217305961.24,19243972620.18,176.343,
600550.SH,保变电气,2017-04-19,11.29,11.29,11.29,11.29,6105300,0.4447,15501067328.74,17325713786.43,158.7649,
600550.SH,保变电气,2017-04-20,10.16,10.4,10.16,10.16,74749300,5.4443,13949587604.96,15591607800.72,142.8744,
600550.SH,保变电气,2017-04-21,9.51,9.58,9.14,9.14,186313988,13.5699,12549136880.84,14026308592.38,128.5307,
600550.SH,保变电气,2017-04-24,8.92,9.3,8.84,8.96,87859487,6.3991,12301998517.76,13750079320.32,125.9995,
600550.SH,保变电气,2017-04-25,9.05,9.68,8.89,9.1,140329432,10.2207,12494217244.6,13964924309.7,127.9682,
600550.SH,保变电气,2017-04-26,8.91,10.01,8.91,10.01,87333193,6.3608,13743638969.06,15361416740.67,140.765,
600550.SH,保变电气,2017-04-27,10.61,11.01,10.5,11,273865765,19.9467,15102899966,16880677737,154.6868,
600550.SH,保变电气,2017-04-28,10.68,11.48,10.55,11.28,238561170,17.3753,15487337419.68,17310367715.76,145.1777,
600550.SH,保变电气,2017-05-02,11.33,11.55,10.8,11.51,185194353,13.4884,15803125328.06,17663327341.17,148.1379,
600550.SH,保变电气,2017-05-03,11.1,11.1,10.36,10.36,160673802,11.7025,14224185786.16,15898529214.12,133.337,
600550.SH,保变电气,2017-05-04,10.12,11.4,10.12,10.89,188987950,13.7647,14951870966.34,16711870959.63,140.1583,
600550.SH,保变电气,2017-05-05,10.62,10.9,10.36,10.45,102671655,7.478,14347754967.7,16036643850.15,134.4953,
600550.SH,保变电气,2017-05-08,10.55,10.66,9.41,9.46,108946546,7.935,12988493970.76,14517382853.82,121.7536,
600550.SH,保变电气,2017-05-09,9.28,9.73,9.18,9.67,75883538,5.5269,13276822061.02,14839650337.89,124.4564,
600550.SH,保变电气,2017-05-10,9.6,9.79,8.87,9.03,90544810,6.5947,12398107881.18,13857501815.01,116.2194,
600550.SH,保变电气,2017-05-11,9.04,9.93,8.95,9.93,140349834,10.2222,13633799696.58,15238648175.31,127.8027,
600550.SH,保变电气,2017-05-12,9.93,10.5,9.77,10.25,164106966,11.9525,14073156786.5,15729722436.75,131.9212,
600550.SH,保变电气,2017-05-15,10,10.47,9.91,10.08,104649759,7.622,13839748332.48,15468839235.36,129.7333,
600550.SH,保变电气,2017-05-16,9.9,10.88,9.79,10.67,146494202,10.6697,14649812967.02,16374257404.89,137.3268,
600550.SH,保变电气,2017-05-17,10.67,11.47,10.5,10.9,167305037,12.1854,14965600875.4,16727217030.3,140.287,
600550.SH,保变电气,2017-05-18,10.45,10.74,9.9,10.45,115885554,8.4404,14347754967.7,16036643850.15,134.4953,
600550.SH,保变电气,2017-05-19,10.32,11.5,10.28,11.18,224645529,16.3618,15350038329.08,17156907009.06,143.8907,
600550.SH,保变电气,2017-05-22,10.8,11.03,10.4,10.99,145254400,10.5794,15089170056.94,16865331666.33,141.4453,
600550.SH,保变电气,2017-05-23,10.72,10.84,9.9,9.95,123162372,8.9704,13661259514.7,15269340316.65,128.0601,
600550.SH,保变电气,2017-05-24,9.7,10.28,9.41,10.23,81240073,5.917,14045696968.38,15699030295.41,131.6638,
600550.SH,保变电气,2017-05-25,10.09,11.25,9.8,10.84,144467199,10.5221,14883221421.04,16635140606.28,139.5147,
600550.SH,保变电气,2017-05-26,10.67,11.39,10.67,10.81,150571926,10.9667,14842031693.86,16589102394.27,139.1286,
600550.SH,保变电气,2017-05-31,10.84,11.15,10.49,11.05,101524145,7.3944,15171549511.3,16957408090.35,142.2175,
600550.SH,保变电气,2017-06-01,10.9,10.98,10.26,10.39,90500864,6.5915,14265375513.34,15944567426.13,133.7231,
600550.SH,保变电气,2017-06-02,10.18,10.75,9.9,10.69,74108569,5.3976,14677272785.14,16404949546.23,137.5842,
600550.SH,保变电气,2017-06-05,10.61,10.92,10.55,10.58,67928648,4.9475,14526243785.48,16236142768.86,136.1684,
600550.SH,保变电气,2017-06-06,10.41,10.45,9.99,10.17,79919346,5.8208,13963317514.02,15606953871.39,130.8916,
600550.SH,保变电气,2017-06-07,10.12,10.71,10.12,10.69,82304518,5.9945,14677272785.14,16404949546.23,137.5842,
600550.SH,保变电气,2017-06-08,10.73,11.19,10.62,10.84,123514081,8.996,14883221421.04,16635140606.28,139.5147,
600550.SH,保变电气,2017-06-09,10.71,11.92,10.42,11.92,157038490,11.4377,16366051599.52,18292516238.64,153.4147,
600550.SH,保变电气,2017-06-12,12,13.11,11.8,12.31,256557499,18.686,16901518052.86,18891012994.77,158.4342,
600550.SH,保变电气,2017-06-13,12.12,12.53,11.98,12.31,143135897,10.4251,16901518052.86,18891012994.77,158.4342,
600550.SH,保变电气,2017-06-14,12.2,12.29,11.81,11.82,107070138,7.7983,16228752508.92,18139055531.94,152.1277,
600550.SH,保变电气,2017-06-15,11.8,12.06,11.66,11.8,84902244,6.1837,16201292690.8,18108363390.6,151.8703,
600550.SH,保变电气,2017-06-16,11.7,12.05,11.65,11.84,71184838,5.1847,16256212327.04,18169747673.28,152.3851,
600550.SH,保变电气,2017-06-19,11.72,11.8,11.18,11.51,73473088,5.3513,15803125328.06,17663327341.17,148.1379,
600550.SH,保变电气,2017-06-20,11.58,12.12,11.36,11.85,93149451,6.7844,16269942236.1,18185093743.95,152.5138,
600550.SH,保变电气,2017-06-21,11.78,12.1,11.7,11.91,75114412,5.4709,16352321690.46,18277170167.97,153.286,
600550.SH,保变电气,2017-06-22,11.86,11.94,11.25,11.27,74709336,5.4414,15473607510.62,17295021645.09,145.049,
600550.SH,保变电气,2017-06-23,11.18,11.44,10.58,11.08,72397720,5.273,15212739238.48,17003446302.36,142.6036,
600550.SH,保变电气,2017-06-26,11,11.24,10.75,11.14,44332355,3.2289,15295118692.84,17095522726.38,143.3759,
600550.SH,保变电气,2017-06-27,11.11,11.27,10.95,10.98,38095379,2.7746,15075440147.88,16849985595.66,141.3166,
600550.SH,保变电气,2017-06-28,10.88,10.95,10.58,10.69,40332914,2.9376,14677272785.14,16404949546.23,137.5842,
600550.SH,保变电气,2017-06-29,10.68,11.09,10.66,10.93,48931885,3.5639,15006790602.58,16773255242.31,140.6731,
600550.SH,保变电气,2017-06-30,10.85,10.93,10.67,10.76,30655593,2.2328,14773382148.56,16512372040.92,138.4851,
600550.SH,保变电气,2017-07-03,10.7,11.03,10.7,10.75,34220895,2.4924,14759652239.5,16497025970.25,138.3564,
600550.SH,保变电气,2017-07-04,10.85,11.27,10.8,11.09,57638014,4.198,15226469147.54,17018792373.03,142.7323,
600550.SH,保变电气,2017-07-05,11.03,11.1,10.82,11.09,39372525,2.8676,15226469147.54,17018792373.03,142.7323,
600550.SH,保变电气,2017-07-06,11.1,11.19,10.8,10.89,39746732,2.8949,14951870966.34,16711870959.63,140.1583,
600550.SH,保变电气,2017-07-07,10.85,11.07,10.71,10.72,38699579,2.8186,14718462512.32,16450987758.24,137.9703,
600550.SH,保变电气,2017-07-10,10.61,10.67,10.28,10.31,55442540,4.0381,14155536240.86,15821798860.77,132.6935,
600550.SH,保变电气,2017-07-11,10.26,10.28,9.93,9.98,44516273,3.2423,13702449241.88,15315378528.66,128.4462,
600550.SH,保变电气,2017-07-12,9.99,10.25,9.54,10.2,50866436,3.7048,14004507241.2,15652992083.4,131.2777,
600550.SH,保变电气,2017-07-13,10.1,10.15,9.88,9.95,27209388,1.9818,13661259514.7,15269340316.65,128.0601,
600550.SH,保变电气,2017-07-14,9.89,10.04,9.75,9.81,22082200,1.6083,13469040787.86,15054495327.27,126.2583,
600550.SH,保变电气,2017-07-17,9.69,9.7,8.83,8.83,48333861,3.5203,12123509699.98,13550580401.61,113.6453,
600550.SH,保变电气,2017-07-18,8.79,9.08,8.6,8.95,31273387,2.2778,12288268608.7,13734733249.65,115.1898,
600550.SH,保变电气,2017-07-19,8.89,9.07,8.72,9.04,29221105,2.1283,12411837790.24,13872847885.68,116.3481,
600550.SH,保变电气,2017-07-20,9.03,9.24,8.97,9.05,26894635,1.9588,12425567699.3,13888193956.35,116.4768,
600550.SH,保变电气,2017-07-21,9.02,9.49,8.92,9.21,33501988,2.4401,12645246244.26,14133731087.07,118.536,
600550.SH,保变电气,2017-07-24,9.11,9.39,9.09,9.29,31585040,2.3005,12755085516.74,14256499652.43,119.5657,
600550.SH,保变电气,2017-07-25,9.29,9.29,9.05,9.12,21232937,1.5465,12521677062.72,13995616451.04,117.3777,
600550.SH,保变电气,2017-07-26,9.08,9.23,8.92,9.12,24562846,1.789,12521677062.72,13995616451.04,117.3777,
600550.SH,保变电气,2017-07-27,9.08,9.24,9.02,9.15,21921297,1.5966,12562866789.9,14041654663.05,117.7638,
600550.SH,保变电气,2017-07-28,9.13,9.24,9.06,9.11,17280590,1.2586,12507947153.66,13980270380.37,117.249,
600550.SH,保变电气,2017-07-31,9.09,9.2,9.02,9.11,19818678,1.4435,12507947153.66,13980270380.37,117.249,
600550.SH,保变电气,2017-08-01,9.15,9.62,9.11,9.5,55500105,4.0423,13043413607,14578767136.5,122.2685,
600550.SH,保变电气,2017-08-02,9.4,9.96,9.35,9.71,62538617,4.5549,13331741697.26,14901034620.57,124.9712,
600550.SH,保变电气,2017-08-03,9.66,10.05,9.61,9.63,44753538,3.2596,13221902424.78,14778266055.21,123.9416,
600550.SH,保变电气,2017-08-04,9.85,10.09,9.71,9.72,48901810,3.5617,13345471606.32,14916380691.24,125.0999,
600550.SH,保变电气,2017-08-07,9.63,9.87,9.52,9.74,26102646,1.9012,13372931424.44,14947072832.58,125.3573,
600550.SH,保变电气,2017-08-08,10,10.21,9.77,9.88,40605193,2.9574,13565150151.28,15161917821.96,127.1592,
600550.SH,保变电气,2017-08-09,9.75,9.99,9.71,9.82,29047479,2.1156,13482770696.92,15069841397.94,126.387,
600550.SH,保变电气,2017-08-10,9.83,9.84,9.41,9.54,32428137,2.3619,13098333243.24,14640151419.18,122.7833,
600550.SH,保变电气,2017-08-11,9.43,9.93,9.38,9.67,39225282,2.8569,13276822061.02,14839650337.89,124.4564,
600550.SH,保变电气,2017-08-14,9.75,9.99,9.7,9.98,41895917,3.0514,13702449241.88,15315378528.66,128.4462,
600550.SH,保变电气,2017-08-15,10.07,10.1,9.85,9.91,32248070,2.3487,13606339878.46,15207956033.97,127.5453,
600550.SH,保变电气,2017-08-16,9.89,9.96,9.71,9.77,25886478,1.8854,13414121151.62,14993111044.59,125.7435,
600550.SH,保变电气,2017-08-17,9.76,10.05,9.72,10.03,40794447,2.9712,13771098787.18,15392108882.01,129.0898,
600550.SH,保变电气,2017-08-18,9.95,10.28,9.91,10.04,48644926,3.543,13784828696.24,15407454952.68,129.2184,
600550.SH,保变电气,2017-08-21,10.06,10.07,9.87,10.02,25378763,1.8484,13757368878.12,15376762811.34,128.961,
600550.SH,保变电气,2017-08-22,10.03,10.15,9.7,9.75,33640648,2.4502,13386661333.5,14962418903.25,130.4377,
600550.SH,保变电气,2017-08-23,9.69,9.74,9.4,9.41,27622600,2.0119,12919844425.46,14440652500.47,125.8891,
600550.SH,保变电气,2017-08-24,9.38,9.53,9.22,9.42,24017680,1.7493,12933574334.52,14455998571.14,126.0229,
600550.SH,保变电气,2017-08-25,9.39,9.5,9.28,9.45,19691046,1.4342,12974764061.7,14502036783.15,126.4242,
600550.SH,保变电气,2017-08-28,9.46,9.57,9.41,9.52,20689187,1.5069,13070873425.12,14609459277.84,127.3607,
600550.SH,保变电气,2017-08-29,9.54,9.68,9.44,9.56,23266062,1.6946,13125793061.36,14670843560.52,127.8958,
600550.SH,保变电气,2017-08-30,9.56,9.68,9.48,9.58,24603472,1.792,13153252879.48,14701535701.86,128.1634,
600550.SH,保变电气,2017-08-31,9.53,9.56,9.39,9.41,20904950,1.5226,12919844425.46,14440652500.47,125.8891,
600550.SH,保变电气,2017-09-01,9.37,9.52,9.32,9.41,19390103,1.4123,12919844425.46,14440652500.47,125.8891,
600550.SH,保变电气,2017-09-04,9.38,9.49,9.31,9.44,21427383,1.5606,12961034152.64,14486690712.48,126.2905,
600550.SH,保变电气,2017-09-05,9.42,9.46,9.35,9.42,14832364,1.0803,12933574334.52,14455998571.14,126.0229,
600550.SH,保变电气,2017-09-06,9.37,9.4,9.23,9.27,19406836,1.4135,12727625698.62,14225807511.09,124.0162,
600550.SH,保变电气,2017-09-07,9.28,9.4,9.23,9.26,21466514,1.5635,12713895789.56,14210461440.42,123.8824,
600550.SH,保变电气,2017-09-08,9.23,9.38,9.14,9.18,18589136,1.3539,12604056517.08,14087692875.06,122.8121,
600550.SH,保变电气,2017-09-11,9.18,9.22,9.14,9.2,12635895,0.9203,12631516335.2,14118385016.4,123.0797,
600550.SH,保变电气,2017-09-12,9.2,9.27,9.12,9.14,19309154,1.4064,12549136880.84,14026308592.38,122.277,
600550.SH,保变电气,2017-09-13,9.12,9.23,9.09,9.15,12563857,0.9151,12562866789.9,14041654663.05,122.4108,
600550.SH,保变电气,2017-09-14,9.15,9.23,9.06,9.09,17055040,1.2422,12480487335.54,13949578239.03,121.6081,
600550.SH,保变电气,2017-09-15,9.08,9.09,8.88,8.91,19279167,1.4042,12233348972.46,13673348966.97,119.2,
600550.SH,保变电气,2017-09-18,8.86,8.95,8.83,8.93,10594512,0.7716,12260808790.58,13704041108.31,119.4676,
600550.SH,保变电气,2017-09-19,8.93,9.04,8.89,8.98,11843681,0.8626,12329458335.88,13780771461.66,120.1365,
600550.SH,保变电气,2017-09-20,9,9.26,8.87,9.2,24974209,1.819,12631516335.2,14118385016.4,123.0797,
600550.SH,保变电气,2017-09-21,9.13,9.2,9,9.03,13473808,0.9813,12398107881.18,13857501815.01,120.8054,
600550.SH,保变电气,2017-09-22,9.03,9.09,8.87,8.88,9662788,0.7038,12192159245.28,13627310754.96,118.7986,
600550.SH,保变电气,2017-09-25,8.85,8.96,8.85,8.87,6981007,0.5085,12178429336.22,13611964684.29,118.6649,
600550.SH,保变电气,2017-09-26,8.85,8.96,8.76,8.88,9610678,0.7,12192159245.28,13627310754.96,118.7986,
600550.SH,保变电气,2017-09-27,8.9,8.95,8.86,8.89,7332450,0.534,12205889154.34,13642656825.63,118.9324,
600550.SH,保变电气,2017-09-28,8.88,8.91,8.7,8.72,9994276,0.7279,11972480700.32,13381773624.24,116.6581,
600550.SH,保变电气,2017-09-29,8.81,8.89,8.81,8.87,9399018,0.6846,12178429336.22,13611964684.29,118.6649,
600550.SH,保变电气,2017-10-09,8.96,8.99,8.83,8.88,9244454,0.6733,12192159245.28,13627310754.96,118.7986,
600550.SH,保变电气,2017-10-10,8.87,9.13,8.86,9.07,18015293,1.3121,12453027517.42,13918886097.69,121.3405,
600550.SH,保变电气,2017-10-11,9.04,9.06,8.94,8.95,10603269,0.7723,12288268608.7,13734733249.65,119.7351,
600550.SH,保变电气,2017-10-12,8.91,8.98,8.85,8.87,8876504,0.6465,12178429336.22,13611964684.29,118.6649,
600550.SH,保变电气,2017-10-13,8.88,9.03,8.82,8.98,11431977,0.8326,12329458335.88,13780771461.66,120.1365,
600550.SH,保变电气,2017-10-16,8.97,8.98,8.71,8.72,12195841,0.8883,11972480700.32,13381773624.24,116.6581,
600550.SH,保变电气,2017-10-17,8.7,8.79,8.61,8.68,8110059,0.5907,11917561064.08,13320389341.56,116.123,
600550.SH,保变电气,2017-10-18,8.67,8.76,8.6,8.62,6816846,0.4965,11835181609.72,13228312917.54,115.3203,
600550.SH,保变电气,2017-10-19,8.6,8.61,8.02,8.08,19233810,1.4009,11093766520.48,12399625101.36,108.0961,
600550.SH,保变电气,2017-10-20,8.07,8.16,8.03,8.14,8327268,0.6065,11176145974.84,12491701525.38,108.8988,
600550.SH,保变电气,2017-10-23,8.18,8.45,8.1,8.32,13863668,1.0097,11423284337.92,12767930797.44,111.3068,
600550.SH,保变电气,2017-10-24,8.21,8.25,8.1,8.14,9151138,0.6665,11176145974.84,12491701525.38,108.8988,
600550.SH,保变电气,2017-10-25,8.14,8.18,8.09,8.15,6620338,0.4822,11189875883.9,12507047596.05,109.0325,
600550.SH,保变电气,2017-10-26,8.19,8.23,8.12,8.22,8939860,0.6511,11285985247.32,12614470090.74,80.9406,
600550.SH,保变电气,2017-10-27,8.18,8.23,8.06,8.08,8876387,0.6465,11093766520.48,12399625101.36,79.562,
600550.SH,保变电气,2017-10-30,8.02,8.06,7.65,7.7,14256272,1.0383,10572029976.2,11816474415.9,75.8203,
600550.SH,保变电气,2017-10-31,7.73,7.78,7.61,7.77,6443229,0.4693,10668139339.62,11923896910.59,76.5095,
600550.SH,保变电气,2017-11-01,7.78,7.83,7.72,7.74,6854124,0.4992,10626949612.44,11877858698.58,76.2141,
600550.SH,保变电气,2017-11-02,7.73,7.75,7.55,7.62,10305328,0.7506,10462190703.72,11693705850.54,75.0325,
600550.SH,保变电气,2017-11-03,7.6,7.71,7.43,7.5,10403439,0.7577,10297431795,11509553002.5,73.8509,
600550.SH,保变电气,2017-11-06,7.51,7.6,7.37,7.56,10711121,0.7801,10379811249.36,11601629426.52,74.4417,
600550.SH,保变电气,2017-11-07,7.52,7.79,7.45,7.68,15252067,1.1109,10544570158.08,11785782274.56,75.6233,
600550.SH,保变电气,2017-11-08,7.6,7.72,7.58,7.64,11153184,0.8123,10489650521.84,11724397991.88,75.2295,
600550.SH,保变电气,2017-11-09,7.64,7.7,7.61,7.68,8703730,0.6339,10544570158.08,11785782274.56,75.6233,
600550.SH,保变电气,2017-11-10,7.67,7.74,7.6,7.72,10748594,0.7829,10599489794.32,11847166557.24,76.0172,
600550.SH,保变电气,2017-11-13,7.69,7.72,7.62,7.64,8914743,0.6493,10489650521.84,11724397991.88,75.2295,
600550.SH,保变电气,2017-11-14,7.61,7.7,7.51,7.53,10465208,0.7622,10338621522.18,11555591214.51,74.1463,
600550.SH,保变电气,2017-11-15,7.5,7.63,7.45,7.45,7648559,0.5571,10228782249.7,11432822649.15,73.3586,
600550.SH,保变电气,2017-11-16,7.43,7.53,7.39,7.4,6877225,0.5009,10160132704.4,11356092295.8,72.8662,
600550.SH,保变电气,2017-11-17,7.42,7.42,6.79,6.83,21281837,1.55,9377527887.98,10481366267.61,67.2536,
600550.SH,保变电气,2017-11-20,6.8,6.81,6.51,6.71,11195947,0.8154,9212768979.26,10297213419.57,66.072,
600550.SH,保变电气,2017-11-21,6.71,6.76,6.65,6.69,8870790,0.6461,9185309161.14,10266521278.23,65.875,
600550.SH,保变电气,2017-11-22,6.69,6.94,6.65,6.88,18287402,1.3319,9446177433.28,10558096620.96,67.7459,
600550.SH,保变电气,2017-11-23,6.83,6.91,6.61,6.64,10800606,0.7866,9116659615.84,10189790924.88,65.3827,
600550.SH,保变电气,2017-11-24,6.62,6.97,6.58,6.8,13183167,0.9602,9336338160.8,10435328055.6,66.9582,
600550.SH,保变电气,2017-11-27,6.78,7.08,6.78,6.88,17221910,1.2543,9446177433.28,10558096620.96,67.7459,
600550.SH,保变电气,2017-11-28,6.91,6.92,6.81,6.9,8426053,0.6137,9473637251.4,10588788762.3,67.9428,
600550.SH,保变电气,2017-11-29,6.89,6.92,6.81,6.9,8337472,0.6072,9473637251.4,10588788762.3,67.9428,
600550.SH,保变电气,2017-11-30,6.88,6.89,6.72,6.74,8056377,0.5868,9253958706.44,10343251631.58,66.3674,
600550.SH,保变电气,2017-12-01,6.73,6.79,6.73,6.76,5058183,0.3684,9281418524.56,10373943772.92,66.5643,
600550.SH,保变电气,2017-12-04,6.79,6.79,6.52,6.53,8406596,0.6123,8965630616.18,10020984147.51,64.2995,
600550.SH,保变电气,2017-12-05,6.51,6.65,6.26,6.32,11255415,0.8198,8677302525.92,9698716663.44,62.2317,
600550.SH,保变电气,2017-12-06,6.33,6.49,6.28,6.45,9876136,0.7193,8855791343.7,9898215582.15,63.5118,
600550.SH,保变电气,2017-12-07,6.45,6.54,6.42,6.48,6098874,0.4442,8896981070.88,9944253794.16,63.8072,
600550.SH,保变电气,2017-12-08,6.5,6.61,6.43,6.52,7023489,0.5115,8951900707.12,10005638076.84,64.2011,
600550.SH,保变电气,2017-12-11,6.48,6.58,6.47,6.55,6629944,0.4829,8993090434.3,10051676288.85,64.4965,
600550.SH,保变电气,2017-12-12,6.56,6.59,6.42,6.45,5753200,0.419,8855791343.7,9898215582.15,63.5118,
600550.SH,保变电气,2017-12-13,6.41,6.57,6.39,6.54,7028077,0.5119,8979360525.24,10036330218.18,64.398,
600550.SH,保变电气,2017-12-14,6.54,6.54,6.45,6.47,5336674,0.3887,8883251161.82,9928907723.49,63.7087,
600550.SH,保变电气,2017-12-15,6.42,6.68,6.42,6.67,17491409,1.274,9157849343.02,10235829136.89,65.6781,
600550.SH,保变电气,2017-12-18,6.62,6.73,6.56,6.6,10194943,0.7425,9061739979.6,10128406642.2,64.9888,
600550.SH,保变电气,2017-12-19,6.61,6.62,6.56,6.62,5888382,0.4289,9089199797.72,10159098783.54,65.1857,
600550.SH,保变电气,2017-12-20,6.62,6.66,6.4,6.45,9679575,0.705,8855791343.7,9898215582.15,63.5118,
600550.SH,保变电气,2017-12-21,6.43,6.43,6.26,6.38,7680505,0.5594,8759681980.28,9790793087.46,62.8225,
600550.SH,保变电气,2017-12-22,6.42,6.45,6.33,6.41,5030181,0.3664,8800871707.46,9836831299.47,63.1179,
600550.SH,保变电气,2017-12-25,6.38,6.43,6.25,6.29,6114473,0.4453,8636112798.74,9652678451.43,61.9363,
600550.SH,保变电气,2017-12-26,6.3,6.36,6.26,6.34,4284670,0.3121,8704762344.04,9729408804.78,62.4286,
600550.SH,保变电气,2017-12-27,6.31,6.31,6.16,6.21,9173592,0.6681,8526273526.26,9529909886.07,61.1486,
600550.SH,保变电气,2017-12-28,6.19,6.26,6.17,6.21,6665635,0.4855,8526273526.26,9529909886.07,61.1486,
600550.SH,保变电气,2017-12-29,6.19,6.28,6.18,6.24,6162340,0.4488,8567463253.44,9575948098.08,61.444,
600550.SH,保变电气,2018-01-02,6.26,6.41,6.23,6.39,11376972,0.7414,9806139158.13,9806139158.13,62.921,
600550.SH,保变电气,2018-01-03,6.4,7.03,6.39,7.03,20373800,1.3276,10788287681.01,10788287681.01,69.2229,
600550.SH,保变电气,2018-01-04,7.36,7.38,7.05,7.06,52706227,3.4345,10834325893.02,10834325893.02,69.5183,
600550.SH,保变电气,2018-01-05,6.88,7.77,6.85,7.29,47957781,3.1251,11187285518.43,11187285518.43,71.7831,
600550.SH,保变电气,2018-01-08,7.15,7.35,7.09,7.18,23680112,1.5431,11018478741.06,11018478741.06,70.6999,
600550.SH,保变电气,2018-01-09,7.25,7.45,7.17,7.2,19758658,1.2875,11049170882.4,11049170882.4,70.8969,
600550.SH,保变电气,2018-01-10,7.1,7.16,6.94,7.05,17236482,1.1232,10818979822.35,10818979822.35,69.4199,
600550.SH,保变电气,2018-01-11,7.05,7.05,6.9,7.01,11132894,0.7255,10757595539.67,10757595539.67,69.026,
600550.SH,保变电气,2018-01-12,7.01,7.15,6.97,7.02,13417355,0.8743,10772941610.34,10772941610.34,69.1245,
600550.SH,保变电气,2018-01-15,7.03,7.09,6.76,6.81,13733028,0.8949,10450674126.27,10450674126.27,67.0566,
600550.SH,保变电气,2018-01-16,6.76,6.9,6.74,6.84,9401273,0.6126,10496712338.28,10496712338.28,67.352,
600550.SH,保变电气,2018-01-17,6.81,6.81,6.56,6.73,13952015,0.9092,10327905560.91,10327905560.91,66.2689,
600550.SH,保变电气,2018-01-18,6.71,6.8,6.65,6.7,8358948,0.5447,10281867348.9,10281867348.9,65.9735,
600550.SH,保变电气,2018-01-19,6.7,6.93,6.63,6.86,14467809,0.9428,10527404479.62,10527404479.62,67.549,
600550.SH,保变电气,2018-01-22,6.82,7.27,6.68,6.99,21140646,1.3776,10726903398.33,10726903398.33,68.8291,
600550.SH,保变电气,2018-01-23,6.98,7.01,6.88,6.99,11012104,0.7176,10726903398.33,10726903398.33,68.8291,
600550.SH,保变电气,2018-01-24,6.95,7.15,6.89,7.04,13976166,0.9107,10803633751.68,10803633751.68,69.3214,
600550.SH,保变电气,2018-01-25,7.02,7.18,6.96,7.05,14093738,0.9184,10818979822.35,10818979822.35,69.4199,
600550.SH,保变电气,2018-01-26,7.05,7.14,6.93,6.94,10852403,0.7072,10650173044.98,10650173044.98,68.3367,
600550.SH,保变电气,2018-01-29,6.95,7.05,6.75,6.77,10810973,0.7045,10389289843.59,10389289843.59,66.6628,
600550.SH,保变电气,2018-01-30,6.71,6.8,6.71,6.74,5130061,0.3343,10343251631.58,10343251631.58,66.3674,
600550.SH,保变电气,2018-01-31,6.71,6.71,6.4,6.49,11881872,0.7743,9959599864.83,9959599864.83,63.9057,
600550.SH,保变电气,2018-02-01,6.48,6.54,6.2,6.21,11076158,0.7218,9529909886.07,9529909886.07,61.1486,
600550.SH,保变电气,2018-02-02,6.18,6.19,5.9,6.12,8053730,0.5248,9391795250.04,9391795250.04,60.2623,
600550.SH,保变电气,2018-02-05,6.02,6.15,6,6.09,4617381,0.3009,9345757038.03,9345757038.03,59.9669,
600550.SH,保变电气,2018-02-06,6.14,6.3,5.83,5.85,13283276,0.8656,8977451341.95,8977451341.95,57.6037,
600550.SH,保变电气,2018-02-07,5.97,6.04,5.65,5.83,8704541,0.5672,8946759200.61,8946759200.61,57.4068,
600550.SH,保变电气,2018-02-08,5.77,5.95,5.77,5.9,5222132,0.3403,9054181695.3,9054181695.3,58.0961,
600550.SH,保变电气,2018-02-09,5.79,5.83,5.5,5.6,9849176,0.6418,8593799575.2,8593799575.2,55.142,
600550.SH,保变电气,2018-02-12,5.68,5.75,5.65,5.73,4309642,0.2808,8793298493.91,8793298493.91,56.4221,
600550.SH,保变电气,2018-02-13,5.75,5.9,5.75,5.79,5944115,0.3873,8885374917.93,8885374917.93,57.0129,
600550.SH,保变电气,2018-02-14,5.79,5.84,5.76,5.84,2623154,0.1709,8962105271.28,8962105271.28,57.5052,
600550.SH,保变电气,2018-02-22,5.86,6.14,5.86,6.08,9347356,0.6091,9330410967.36,9330410967.36,59.8685,
600550.SH,保变电气,2018-02-23,6.32,6.5,6.18,6.23,17121111,1.1157,9560602027.41,9560602027.41,61.3455,
600550.SH,保变电气,2018-02-26,6.22,6.32,6.12,6.29,12016748,0.7831,9652678451.43,9652678451.43,61.9363,
600550.SH,保变电气,2018-02-27,6.26,6.26,6.15,6.19,9029229,0.5884,9499217744.73,9499217744.73,60.9516,
600550.SH,保变电气,2018-02-28,6.1,6.28,6.09,6.22,8444469,0.5503,9545255956.74,9545255956.74,61.247,
600550.SH,保变电气,2018-03-01,6.18,6.25,6.14,6.21,7445833,0.4852,9529909886.07,9529909886.07,61.1486,
600550.SH,保变电气,2018-03-02,6.17,6.28,6.15,6.26,7244631,0.4721,9606640239.42,9606640239.42,61.6409,
600550.SH,保变电气,2018-03-05,6.26,6.28,6.19,6.23,4887458,0.3185,9560602027.41,9560602027.41,61.3455,
600550.SH,保变电气,2018-03-06,6.24,6.36,6.19,6.33,9375597,0.6109,9714062734.11,9714062734.11,62.3302,
600550.SH,保变电气,2018-03-07,6.33,6.33,6.19,6.21,6830330,0.4451,9529909886.07,9529909886.07,61.1486,
600550.SH,保变电气,2018-03-08,6.21,6.83,6.2,6.83,31880653,2.0774,10481366267.61,10481366267.61,67.2536,
600550.SH,保变电气,2018-03-09,6.79,7.18,6.66,6.83,46127101,3.0058,10481366267.61,10481366267.61,67.2536,
600550.SH,保变电气,2018-03-12,6.82,6.87,6.67,6.86,21950271,1.4304,10527404479.62,10527404479.62,67.549,
600550.SH,保变电气,2018-03-13,6.81,6.82,6.64,6.66,13569958,0.8843,10220483066.22,10220483066.22,65.5796,
600550.SH,保变电气,2018-03-14,6.66,6.74,6.57,6.63,9858313,0.6424,10174444854.21,10174444854.21,65.2842,
600550.SH,保变电气,2018-03-15,6.58,6.76,6.58,6.68,11453474,0.7463,10251175207.56,10251175207.56,65.7766,
600550.SH,保变电气,2018-03-16,6.64,6.73,6.63,6.64,7206349,0.4696,10189790924.88,10189790924.88,65.3827,
600550.SH,保变电气,2018-03-19,6.6,6.73,6.59,6.69,8489024,0.5532,10266521278.23,10266521278.23,65.875,
600550.SH,保变电气,2018-03-20,6.63,6.81,6.52,6.74,14319832,0.9331,10343251631.58,10343251631.58,66.3674,
600550.SH,保变电气,2018-03-21,6.71,6.78,6.55,6.56,12105662,0.7888,10067022359.52,10067022359.52,64.5949,
600550.SH,保变电气,2018-03-22,6.58,6.71,6.44,6.66,12923371,0.8421,10220483066.22,10220483066.22,65.5796,
600550.SH,保变电气,2018-03-23,6.46,6.5,6.02,6.04,17677815,1.1519,9269026684.68,9269026684.68,59.4746,
600550.SH,保变电气,2018-03-26,5.88,6.25,5.8,6.2,13043744,0.85,9514563815.4,9514563815.4,61.0501,
600550.SH,保变电气,2018-03-27,6.26,6.46,6.23,6.33,11970563,0.78,9714062734.11,9714062734.11,62.3302,
600550.SH,保变电气,2018-03-28,6.26,6.75,6.18,6.44,21458727,1.3983,9882869511.48,9882869511.48,63.4133,
600550.SH,保变电气,2018-03-29,6.48,6.63,6.33,6.51,16562610,1.0793,9990292006.17,9990292006.17,64.1026,
600550.SH,保变电气,2018-03-30,6.51,6.72,6.51,6.59,14254407,0.9289,10113060571.53,10113060571.53,64.8903,
600550.SH,保变电气,2018-04-02,6.6,6.65,6.46,6.47,13592282,0.8857,9928907723.49,9928907723.49,63.7087,
600550.SH,保变电气,2018-04-03,6.37,6.37,6.2,6.23,11248408,0.733,9560602027.41,9560602027.41,61.3455,
600550.SH,保变电气,2018-04-04,6.28,6.37,6.2,6.21,7263599,0.4733,9529909886.07,9529909886.07,61.1486,
600550.SH,保变电气,2018-04-09,5.89,6.06,5.89,6.02,13403352,0.8734,9238334543.34,9238334543.34,59.2777,
600550.SH,保变电气,2018-04-10,6,6.07,5.98,6.05,7662033,0.4993,9284372755.35,9284372755.35,59.5731,
600550.SH,保变电气,2018-04-11,6.04,6.09,6.02,6.09,7076245,0.4611,9345757038.03,9345757038.03,59.9669,
600550.SH,保变电气,2018-04-12,6.05,6.06,5.93,5.96,7232827,0.4713,9146258119.32,9146258119.32,58.6869,
600550.SH,保变电气,2018-04-13,5.97,6.02,5.92,5.93,4227334,0.2755,9100219907.31,9100219907.31,58.3915,
600550.SH,保变电气,2018-04-16,5.95,6.02,5.88,6.01,6512956,0.4244,9222988472.67,9222988472.67,59.1792,
600550.SH,保变电气,2018-04-17,6.03,6.04,5.85,5.86,5795255,0.3776,8992797412.62,8992797412.62,111.1341,
600550.SH,保变电气,2018-04-18,5.9,5.95,5.78,5.94,6423533,0.4186,9115565977.98,9115565977.98,112.6513,
600550.SH,保变电气,2018-04-19,5.96,6.13,5.92,6.02,8349487,0.5441,9238334543.34,9238334543.34,114.1685,
600550.SH,保变电气,2018-04-20,6.01,6.1,5.87,5.96,9516902,0.6202,9146258119.32,9146258119.32,113.0306,
600550.SH,保变电气,2018-04-23,6.09,6.18,5.9,5.95,9451320,0.6159,9130912048.65,9130912048.65,112.841,
600550.SH,保变电气,2018-04-24,5.95,6.03,5.85,6.02,6663627,0.4342,9238334543.34,9238334543.34,114.1685,
600550.SH,保变电气,2018-04-25,5.99,6,5.92,5.94,4949294,0.3225,9115565977.98,9115565977.98,112.6513,
600550.SH,保变电气,2018-04-26,5.94,5.97,5.74,5.76,6118707,0.3987,8839336705.92,8839336705.92,109.2377,
600550.SH,保变电气,2018-04-27,5.7,5.75,5.57,5.61,10578163,0.6893,8609145645.87,8609145645.87,-4957.7085,
600550.SH,保变电气,2018-05-02,5.57,5.63,5.51,5.55,4991330,0.3253,8517069221.85,8517069221.85,-4904.6851,
600550.SH,保变电气,2018-05-03,5.57,5.58,5.44,5.54,5330696,0.3474,8501723151.18,8501723151.18,-4895.8477,
600550.SH,保变电气,2018-05-04,5.53,5.57,5.49,5.54,3355881,0.2187,8501723151.18,8501723151.18,-4895.8477,
600550.SH,保变电气,2018-05-07,5.55,5.61,5.52,5.6,3597696,0.2344,8593799575.2,8593799575.2,-4948.8716,
600550.SH,保变电气,2018-05-08,5.62,5.7,5.62,5.64,4749258,0.3095,8655183857.88,8655183857.88,-4984.2202,
600550.SH,保变电气,2018-05-09,5.58,5.62,5.56,5.58,4161952,0.2712,8563107433.86,8563107433.86,-4931.1968,
600550.SH,保变电气,2018-05-10,5.58,5.65,5.56,5.64,5034547,0.3281,8655183857.88,8655183857.88,-4984.2202,
600550.SH,保变电气,2018-05-11,5.63,5.64,5.57,5.61,3518539,0.2293,8609145645.87,8609145645.87,-4957.7085,
600550.SH,保变电气,2018-05-14,5.64,5.64,5.48,5.52,3718698,0.2423,8471031009.84,8471031009.84,-4878.1733,
600550.SH,保变电气,2018-05-15,5.52,5.55,5.47,5.53,3578707,0.2332,8486377080.51,8486377080.51,-4887.0103,
600550.SH,保变电气,2018-05-16,5.52,5.52,5.47,5.47,3496758,0.2279,8394300656.49,8394300656.49,-4833.9868,
600550.SH,保变电气,2018-05-17,5.48,5.5,5.45,5.46,2728311,0.1778,8378954585.82,8378954585.82,-4825.1494,
600550.SH,保变电气,2018-05-18,5.46,5.5,5.44,5.47,3898213,0.254,8394300656.49,8394300656.49,-4833.9868,
600550.SH,保变电气,2018-05-21,5.5,5.57,5.49,5.55,3856658,0.2513,8517069221.85,8517069221.85,-4904.6851,
600550.SH,保变电气,2018-05-22,5.57,5.7,5.52,5.67,9879119,0.6438,8701222069.89,8701222069.89,-5010.7324,
600550.SH,保变电气,2018-05-23,5.62,5.66,5.55,5.56,5141468,0.335,8532415292.52,8532415292.52,-4913.5225,
600550.SH,保变电气,2018-05-24,5.56,5.6,5.54,5.57,4201410,0.2738,8547761363.19,8547761363.19,-4922.3594,
600550.SH,保变电气,2018-05-25,5.56,5.64,5.51,5.52,4502665,0.2934,8471031009.84,8471031009.84,-4878.1733,
600550.SH,保变电气,2018-05-28,5.53,5.57,5.43,5.45,4386515,0.2858,8363608515.15,8363608515.15,-4816.3125,
600550.SH,保变电气,2018-05-29,5.44,5.45,5.15,5.18,9922209,0.6466,7949264607.06,7949264607.06,-4577.7061,
600550.SH,保变电气,2018-05-30,5.09,5.09,4.89,4.91,7539775,0.4913,7534920698.97,7534920698.97,-4339.0996,
600550.SH,保变电气,2018-05-31,4.95,5,4.9,4.94,5108777,0.3329,7580958910.98,7580958910.98,-4365.6113,
600550.SH,保变电气,2018-06-01,4.95,4.95,4.81,4.83,4827143,0.3146,7412152133.61,7412152133.61,-4268.4014,
600550.SH,保变电气,2018-06-04,4.88,4.88,4.82,4.82,2952088,0.1924,7396806062.94,7396806062.94,-4259.5645,
600550.SH,保变电气,2018-06-05,4.82,4.9,4.82,4.88,4240765,0.2763,7488882486.96,7488882486.96,-4312.5879,
600550.SH,保变电气,2018-06-06,4.88,4.9,4.85,4.88,3302622,0.2152,7488882486.96,7488882486.96,-4312.5879,
600550.SH,保变电气,2018-06-07,4.9,4.91,4.81,4.81,3172508,0.2067,7381459992.27,7381459992.27,-4250.7271,
600550.SH,保变电气,2018-06-08,4.81,4.92,4.61,4.9,8702340,0.5671,7519574628.3,7519574628.3,-4330.2622,
600550.SH,保变电气,2018-06-11,4.88,4.89,4.78,4.82,3974882,0.259,7396806062.94,7396806062.94,-4259.5645,
600550.SH,保变电气,2018-06-12,4.85,4.88,4.79,4.86,2843236,0.1853,7458190345.62,7458190345.62,-4294.9136,
600550.SH,保变电气,2018-06-13,4.86,4.89,4.79,4.8,4238240,0.2762,7366113921.6,7366113921.6,-4241.8896,
600550.SH,保变电气,2018-06-14,4.78,4.89,4.75,4.87,5667143,0.3693,7473536416.29,7473536416.29,-4303.7505,
600550.SH,保变电气,2018-06-15,5.1,5.22,4.94,4.96,26626388,1.7351,7611651052.32,7611651052.32,-4383.2861,
600550.SH,保变电气,2018-06-19,4.8,4.8,4.46,4.46,14861929,0.9685,6844347518.82,6844347518.82,-3941.4226,
600550.SH,保变电气,2018-06-20,4.39,4.47,4.14,4.36,11037121,0.7192,6690886812.12,6690886812.12,-3853.0498,
600550.SH,保变电气,2018-06-21,4.36,4.36,4.02,4.05,8467406,0.5518,6215158621.35,6215158621.35,-3579.0945,
600550.SH,保变电气,2018-06-22,4.03,4.1,3.86,4.09,5752922,0.3749,6276542904.03,6276542904.03,-3614.4436,
600550.SH,保变电气,2018-06-25,4.13,4.18,4.01,4.04,4000071,0.2607,6199812550.68,6199812550.68,-3570.2571,
600550.SH,保变电气,2018-06-26,4.01,4.08,3.96,4.07,3652679,0.238,6245850762.69,6245850762.69,-3596.769,
600550.SH,保变电气,2018-06-27,4.1,4.12,4.02,4.05,3459679,0.2254,6215158621.35,6215158621.35,-3579.0945,
600550.SH,保变电气,2018-06-28,4.02,4.07,3.98,3.99,3164873,0.2062,6123082197.33,6123082197.33,-3526.0708,
600550.SH,保变电气,2018-06-29,3.95,4.08,3.95,4.07,3800537,0.2477,6245850762.69,6245850762.69,-3596.769,
600550.SH,保变电气,2018-07-02,4.04,4.08,3.99,4.03,3484420,0.2271,6184466480.01,6184466480.01,-3561.4199,
600550.SH,保变电气,2018-07-03,4.03,4.12,4.01,4.11,5412787,0.3527,6307235045.37,6307235045.37,-3632.1182,
600550.SH,保变电气,2018-07-04,4.09,4.11,4.02,4.05,3427918,0.2234,6215158621.35,6215158621.35,-3579.0945,
600550.SH,保变电气,2018-07-05,4.08,4.08,3.94,3.94,3425300,0.2232,6046351843.98,6046351843.98,-3481.8845,
600550.SH,保变电气,2018-07-06,3.95,4.02,3.86,3.97,4038064,0.2631,6092390055.99,6092390055.99,-3508.3962,
600550.SH,保变电气,2018-07-09,3.99,4.04,3.97,4.03,2892901,0.1885,6184466480.01,6184466480.01,-3561.4199,
600550.SH,保变电气,2018-07-10,4.02,4.08,4,4.08,3494586,0.2277,6261196833.36,6261196833.36,-3605.6062,
600550.SH,保变电气,2018-07-11,4.03,4.03,3.89,3.94,4400950,0.2868,6046351843.98,6046351843.98,-3481.8845,
600550.SH,保变电气,2018-07-12,3.93,4.03,3.93,4.02,3802224,0.2478,6169120409.34,6169120409.34,-3552.5828,
600550.SH,保变电气,2018-07-13,4.01,4.03,3.99,4,2622200,0.1709,6138428268,6138428268,-3534.9082,
600550.SH,保变电气,2018-07-16,4,4.05,3.97,4,2232139,0.1455,6138428268,6138428268,-3534.9082,
600550.SH,保变电气,2018-07-17,3.97,4.03,3.97,4.01,2529641,0.1648,6153774338.67,6153774338.67,-3543.7454,
600550.SH,保变电气,2018-07-18,4.01,4.14,4,4.1,7700054,0.5018,6291888974.7,6291888974.7,-3623.2808,
600550.SH,保变电气,2018-07-19,4.12,4.13,4,4.02,4369621,0.2847,6169120409.34,6169120409.34,-3552.5828,
600550.SH,保变电气,2018-07-20,4.02,4.06,3.98,4.06,2886718,0.1881,6230504692.02,6230504692.02,-3587.9316,
600550.SH,保变电气,2018-07-23,4.05,4.1,4.03,4.1,3595263,0.2343,6291888974.7,6291888974.7,-3623.2808,
600550.SH,保变电气,2018-07-24,4.09,4.27,4.08,4.2,7346586,0.4787,6445349681.4,6445349681.4,-3711.6536,
600550.SH,保变电气,2018-07-25,4.2,4.29,4.2,4.25,7073753,0.4609,6522080034.75,6522080034.75,-3755.8398,
600550.SH,保变电气,2018-07-26,4.25,4.68,4.2,4.44,22308319,1.4537,6813655377.48,6813655377.48,-3923.748,
600550.SH,保变电气,2018-07-27,4.33,4.4,4.28,4.37,12475687,0.813,6706232882.79,6706232882.79,-3861.8872,
600550.SH,保变电气,2018-07-30,4.35,4.36,4.21,4.25,6515856,0.4246,6522080034.75,6522080034.75,-3755.8398,
600550.SH,保变电气,2018-07-31,4.25,4.33,4.25,4.29,3351862,0.2184,6583464317.43,6583464317.43,-3791.189,
600550.SH,保变电气,2018-08-01,4.25,4.34,4.2,4.2,4812266,0.3136,6445349681.4,7734419616,-3711.6536,
600550.SH,保变电气,2018-08-02,4.17,4.17,3.97,4.05,5984569,0.39,6215158621.35,7458190344,-3579.0945,
600550.SH,保变电气,2018-08-03,4.07,4.08,4.01,4.02,2715725,0.177,6169120409.34,7402944489.6,-4263.0991,
600550.SH,保变电气,2018-08-06,4.02,4.07,3.96,4,2667897,0.1738,6138428268,7366113920,-4241.8896,
600550.SH,保变电气,2018-08-07,4,4.11,3.99,4.11,3253146,0.212,6307235045.37,7568682052.8,-4358.5415,
600550.SH,保变电气,2018-08-08,4.1,4.14,4.07,4.07,3648588,0.2378,6245850762.69,7495020913.6,-4316.1226,
600550.SH,保变电气,2018-08-09,4.06,4.16,4.02,4.14,4343581,0.283,6353273257.38,7623927907.2,-4390.356,
600550.SH,保变电气,2018-08-10,4.12,4.17,4.11,4.17,3114720,0.203,6399311469.39,7679173761.6,-4422.1699,
600550.SH,保变电气,2018-08-13,4,4.12,3.95,4.1,3817961,0.2488,6291888974.7,7550266768,-4347.937,
600550.SH,保变电气,2018-08-14,4.07,4.12,4.07,4.1,2219874,0.1447,6291888974.7,7550266768,-4347.937,
600550.SH,保变电气,2018-08-15,4.12,4.25,4.05,4.06,6002153,0.3911,6230504692.02,7476605628.8,-4305.5181,
600550.SH,保变电气,2018-08-16,4,4.09,4,4.03,3629535,0.2365,6184466480.01,7421359774.4,-4273.7041,
600550.SH,保变电气,2018-08-17,4.06,4.06,3.95,3.96,3603800,0.2348,6077043985.32,7292452780.8,-4199.4707,
600550.SH,保变电气,2018-08-20,3.99,4.05,3.95,4.03,2585478,0.1685,6184466480.01,7421359774.4,-4273.7041,
600550.SH,保变电气,2018-08-21,4.02,4.08,4,4.06,2983279,0.1944,6230504692.02,7476605628.8,-4305.5181,
600550.SH,保变电气,2018-08-22,4.04,4.07,4.02,4.03,2187158,0.1425,6184466480.01,7421359774.4,-4273.7041,
600550.SH,保变电气,2018-08-23,4.03,4.04,3.99,4.01,2573012,0.1677,6153774338.67,7384529204.8,-4252.4946,
600550.SH,保变电气,2018-08-24,4,4.05,3.99,4.03,2125014,0.1385,6184466480.01,7421359774.4,-4273.7041,
600550.SH,保变电气,2018-08-27,4.02,4.1,4.02,4.09,3728637,0.243,6276542904.03,7531851483.2,-4337.332,
600550.SH,保变电气,2018-08-28,4.05,4.06,4.03,4.04,4165360,0.2714,6199812550.68,7439775059.2,-62.6085,
600550.SH,保变电气,2018-08-29,4.04,4.1,4,4.05,4122327,0.2686,6215158621.35,7458190344,-62.7635,
600550.SH,保变电气,2018-08-30,4.06,4.22,4.04,4.07,8002541,0.5215,6245850762.69,7495020913.6,-63.0734,
600550.SH,保变电气,2018-08-31,4.03,4.06,3.98,3.99,4464558,0.2909,6123082197.33,7347698635.2,-61.8336,
600550.SH,保变电气,2018-09-03,4,4.04,3.95,3.98,2631569,0.1715,6107736126.66,7329283350.4,-61.6787,
600550.SH,保变电气,2018-09-04,3.99,4.02,3.98,4.01,2157961,0.1406,6153774338.67,7384529204.8,-62.1436,
600550.SH,保变电气,2018-09-05,4.02,4.04,3.98,3.98,2485700,0.162,6107736126.66,7329283350.4,-61.6787,
600550.SH,保变电气,2018-09-06,4,4,3.93,3.94,2649263,0.1726,6046351843.98,7255622211.2,-61.0588,
600550.SH,保变电气,2018-09-07,3.94,3.98,3.94,3.95,1873235,0.1221,6061697914.65,7274037496,-61.2138,
600550.SH,保变电气,2018-09-10,3.98,4.08,3.93,3.93,3589302,0.2339,6031005773.31,7237206926.4,-60.9038,
600550.SH,保变电气,2018-09-11,3.9,3.95,3.86,3.92,2711044,0.1767,6015659702.64,7218791641.6,-60.7488,
600550.SH,保变电气,2018-09-12,3.92,4.07,3.89,3.96,3221286,0.2099,6077043985.32,7292452780.8,-61.3687,
600550.SH,保变电气,2018-09-13,3.97,3.99,3.91,3.98,3989571,0.26,6107736126.66,7329283350.4,-61.6787,
600550.SH,保变电气,2018-09-14,3.98,4.05,3.97,4.01,4542755,0.296,6153774338.67,7384529204.8,-62.1436,
600550.SH,保变电气,2018-09-17,4.19,4.26,4.03,4.05,10895180,0.71,6215158621.35,7458190344,-62.7635,
600550.SH,保变电气,2018-09-18,3.98,4.2,3.94,4.15,11389083,0.7421,6368619328.05,7642343192,-64.3132,
600550.SH,保变电气,2018-09-19,4.1,4.19,4.08,4.12,8822493,0.5749,6322581116.04,7587097337.6,-63.8483,
600550.SH,保变电气,2018-09-20,4.1,4.15,4.08,4.1,4914760,0.3203,6291888974.7,7550266768,-63.5383,
600550.SH,保变电气,2018-09-21,4.11,4.14,4.05,4.14,6693863,0.4362,6353273257.38,7623927907.2,-64.1582,
600550.SH,保变电气,2018-09-25,4.11,4.12,4.07,4.08,3084182,0.201,6261196833.36,7513436198.4,-63.2284,
600550.SH,保变电气,2018-09-26,4.1,4.14,4.07,4.09,4516720,0.2943,6276542904.03,7531851483.2,-63.3834,
600550.SH,保变电气,2018-09-27,4.07,4.09,4,4.01,4465321,0.291,6153774338.67,7384529204.8,-62.1436,
600550.SH,保变电气,2018-09-28,4.03,4.05,4.02,4.03,2486941,0.1621,6184466480.01,7421359774.4,-62.4535,
600550.SH,保变电气,2018-10-08,4,4.01,3.9,3.92,4381108,0.2855,6015659702.64,7218791641.6,-60.7488,
600550.SH,保变电气,2018-10-09,3.93,3.95,3.91,3.93,2239334,0.1459,6031005773.31,7237206926.4,-60.9038,
600550.SH,保变电气,2018-10-10,3.93,3.95,3.91,3.94,1833359,0.1195,6046351843.98,7255622211.2,-61.0588,
600550.SH,保变电气,2018-10-11,3.86,3.86,3.55,3.55,7388902,0.4815,5447855087.85,6537426104,-55.0149,
600550.SH,保变电气,2018-10-12,3.55,3.56,3.31,3.49,5397595,0.3517,5355778663.83,6426934395.2,-54.0851,
600550.SH,保变电气,2018-10-15,3.46,3.54,3.43,3.48,2104326,0.1371,5340432593.16,6408519110.4,-53.9301,
600550.SH,保变电气,2018-10-16,3.48,3.52,3.4,3.42,1981800,0.1291,5248356169.14,6298027401.6,-53.0003,
600550.SH,保变电气,2018-10-17,3.48,3.52,3.4,3.44,1920500,0.1251,5279048310.48,6334857971.2,-53.3102,
600550.SH,保变电气,2018-10-18,3.37,3.46,3.31,3.32,2322614,0.1513,5094895462.44,6113874553.6,-51.4506,
600550.SH,保变电气,2018-10-19,3.28,3.38,3.18,3.35,3445355,0.2245,5140933674.45,6169120408,-51.9155,
600550.SH,保变电气,2018-10-22,3.39,3.53,3.38,3.49,5494987,0.3581,5355778663.83,6426934395.2,-54.0851,
600550.SH,保变电气,2018-10-23,3.49,3.53,3.42,3.5,5298308,0.3453,5371124734.5,6445349680,-54.24,
600550.SH,保变电气,2018-10-24,3.51,3.6,3.46,3.5,4252510,0.2771,5371124734.5,6445349680,-54.24,
600550.SH,保变电气,2018-10-25,3.4,3.51,3.35,3.47,3533790,0.2303,5325086522.49,6390103825.6,-53.7751,
600550.SH,保变电气,2018-10-26,3.49,3.53,3.45,3.46,3878101,0.2527,5309740451.82,6371688540.8,-53.6202,
600550.SH,保变电气,2018-10-29,3.45,3.5,3.41,3.41,2912082,0.1898,5233010098.47,6279612116.8,-52.8453,
600550.SH,保变电气,2018-10-30,3.39,3.47,3.36,3.44,3839331,0.2502,5279048310.48,6334857971.2,-36.2828,
600550.SH,保变电气,2018-10-31,3.46,3.51,3.45,3.48,3471032,0.2262,5340432593.16,6408519110.4,-36.7047,
600550.SH,保变电气,2018-11-01,3.49,3.58,3.48,3.56,5779366,0.3766,5463201158.52,6555841388.8,-37.5485,
600550.SH,保变电气,2018-11-02,3.6,3.61,3.55,3.59,5960398,0.3884,5509239370.53,6611087243.2,-37.8649,
600550.SH,保变电气,2018-11-05,3.59,3.67,3.57,3.63,6132915,0.3996,5570623653.21,6684748382.4,-38.2868,
600550.SH,保变电气,2018-11-06,3.61,3.61,3.55,3.59,4264364,0.2779,5509239370.53,6611087243.2,-37.8649,
600550.SH,保变电气,2018-11-07,3.59,3.63,3.55,3.58,3765632,0.2454,5493893299.86,6592671958.4,-37.7595,
600550.SH,保变电气,2018-11-08,3.6,3.62,3.57,3.57,4106054,0.2676,5478547229.19,6574256673.6,-37.654,
600550.SH,保变电气,2018-11-09,3.56,3.7,3.55,3.62,7484763,0.4877,5555277582.54,6666333097.6,-38.1814,
600550.SH,保变电气,2018-11-12,3.63,3.72,3.58,3.72,7049998,0.4594,5708738289.24,6850485945.6,-39.2361,
600550.SH,保变电气,2018-11-13,3.67,3.87,3.64,3.82,9975027,0.65,5862198995.94,7034638793.6,-40.2908,
600550.SH,保变电气,2018-11-14,3.82,4.18,3.78,4.08,25645777,1.6712,6261196833.36,7513436198.4,-43.0331,
600550.SH,保变电气,2018-11-15,4.08,4.29,3.95,4.01,27575514,1.7969,6153774338.67,7384529204.8,-42.2948,
600550.SH,保变电气,2018-11-16,4.05,4.06,3.95,3.98,13935422,0.9081,6107736126.66,7329283350.4,-41.9784,
600550.SH,保变电气,2018-11-19,3.98,4.38,3.88,4.38,29914940,1.9494,6721578953.46,8065894742.4,-46.1973,
600550.SH,保变电气,2018-11-20,4.38,4.59,4.22,4.24,39757804,2.5907,6506733964.08,7808080755.2,-44.7207,
600550.SH,保变电气,2018-11-21,4.11,4.38,4.05,4.24,18003971,1.1732,6506733964.08,7808080755.2,-44.7207,
600550.SH,保变电气,2018-11-22,4.24,4.24,4.12,4.13,9365578,0.6103,6337927186.71,7605512622.4,-43.5605,
600550.SH,保变电气,2018-11-23,4.15,4.25,3.95,3.95,13955419,0.9094,6061697914.65,7274037496,-41.662,
600550.SH,保变电气,2018-11-26,3.92,4.15,3.91,4.02,8978821,0.5851,6169120409.34,7402944489.6,-42.4003,
600550.SH,保变电气,2018-11-27,4.02,4.07,3.98,4,5061310,0.3298,6138428268,7366113920,-42.1893,
600550.SH,保变电气,2018-11-28,4.02,4.02,3.93,4.01,5462413,0.3559,6153774338.67,7384529204.8,-42.2948,
600550.SH,保变电气,2018-11-29,4,4.04,3.91,3.91,5310672,0.3461,6000313631.97,7200376356.8,-41.2401,
600550.SH,保变电气,2018-11-30,3.92,4.05,3.88,4.03,6893276,0.4492,6184466480.01,7421359774.4,-42.5058,
600550.SH,保变电气,2018-12-03,4.12,4.16,4.05,4.06,8723215,0.5684,6230504692.02,7476605628.8,-42.8222,
600550.SH,保变电气,2018-12-04,4.06,4.2,4.04,4.18,13158487,0.8574,6414657540.06,7697589046.4,-44.0879,
600550.SH,保变电气,2018-12-05,4.09,4.24,4.07,4.14,12018425,0.7832,6353273257.38,7623927907.2,-43.666,
600550.SH,保变电气,2018-12-06,4.12,4.16,4.02,4.04,7409317,0.4828,6199812550.68,7439775059.2,-42.6112,
600550.SH,保变电气,2018-12-07,4.03,4.23,3.98,4.14,9870665,0.6432,6353273257.38,7623927907.2,-43.666,
600550.SH,保变电气,2018-12-10,4.05,4.09,3.97,4,7025831,0.4578,6138428268,7366113920,-42.1893,
600550.SH,保变电气,2018-12-11,4,4.04,3.97,4,3634290,0.2368,6138428268,7366113920,-42.1893,
600550.SH,保变电气,2018-12-12,4.02,4.2,4.01,4.09,10906023,0.7107,6276542904.03,7531851483.2,-43.1386,
600550.SH,保变电气,2018-12-13,4.07,4.13,4.03,4.09,6674215,0.4349,6276542904.03,7531851483.2,-43.1386,
600550.SH,保变电气,2018-12-14,4.1,4.18,4.01,4.02,6251731,0.4074,6169120409.34,7402944489.6,-42.4003,
600550.SH,保变电气,2018-12-17,4,4.04,3.97,4.04,4425568,0.2884,6199812550.68,7439775059.2,-42.6112,
600550.SH,保变电气,2018-12-18,4.02,4.03,3.91,3.92,5672210,0.3696,6015659702.64,7218791641.6,-41.3456,
600550.SH,保变电气,2018-12-19,3.94,3.95,3.75,3.79,6434203,0.4193,5816160783.93,6979392939.2,-39.9744,
600550.SH,保变电气,2018-12-20,3.77,3.85,3.76,3.78,3799616,0.2476,5800814713.26,6960977654.4,-39.8689,
600550.SH,保变电气,2018-12-21,3.77,3.82,3.75,3.77,2929923,0.1909,5785468642.59,6942562369.6,-39.7635,
600550.SH,保变电气,2018-12-24,3.81,3.82,3.77,3.79,2291802,0.1493,5816160783.93,6979392939.2,-39.9744,
600550.SH,保变电气,2018-12-25,3.69,3.74,3.54,3.62,7832117,0.5104,5555277582.54,6666333097.6,-38.1814,
600550.SH,保变电气,2018-12-26,3.7,3.9,3.65,3.78,11002117,0.7169,5800814713.26,6960977654.4,-39.8689,
600550.SH,保变电气,2018-12-27,3.82,3.85,3.68,3.69,6239781,0.4066,5662700077.23,6795240091.2,-38.9197,
600550.SH,保变电气,2018-12-28,3.66,3.72,3.65,3.68,3329919,0.217,5647354006.56,6776824806.4,-38.8142,
600550.SH,保变电气,2019-01-02,3.78,3.86,3.73,3.76,5487246,0.3576,5770122571.92,6924147084.8,-39.658,
600550.SH,保变电气,2019-01-03,3.8,3.89,3.74,3.86,8561929,0.5579,5923583278.62,7108299932.8,-40.7127,
600550.SH,保变电气,2019-01-04,3.8,4.16,3.76,4.1,21381751,1.3933,6291888974.7,7550266768,-43.2441,
600550.SH,保变电气,2019-01-07,4.08,4.36,4.05,4.23,23863927,1.5551,6491387893.41,7789665470.4,-44.6152,
600550.SH,保变电气,2019-01-08,4.22,4.24,4.06,4.13,17061314,1.1118,6337927186.71,7605512622.4,-43.5605,
600550.SH,保变电气,2019-01-09,4.07,4.16,4.04,4.06,14275580,0.9302,6230504692.02,7476605628.8,-42.8222,
600550.SH,保变电气,2019-01-10,4.07,4.47,4.03,4.47,57857468,3.7702,6859693589.49,8231632305.6,-47.1466,
600550.SH,保变电气,2019-01-11,4.61,4.77,4.3,4.35,58371952,3.8037,6675540741.45,8010648888,-45.8809,
600550.SH,保变电气,2019-01-14,4.24,4.29,4.12,4.2,30047365,1.958,6445349681.4,7734419616,-44.2988,
600550.SH,保变电气,2019-01-15,4.16,4.31,4.13,4.28,21866675,1.4249,6568118246.76,7881741894.4,-45.1426,
600550.SH,保变电气,2019-01-16,4.24,4.6,4.13,4.38,39056739,2.5451,6721578953.46,8065894742.4,-46.1973,
600550.SH,保变电气,2019-01-17,4.28,4.28,4.17,4.19,18487906,1.2047,6430003610.73,7716004331.2,-44.1933,
600550.SH,保变电气,2019-01-18,4.2,4.21,4.1,4.15,12170149,0.793,6368619328.05,7642343192,-43.7714,
600550.SH,保变电气,2019-01-21,4.18,4.23,4.11,4.14,7651388,0.4986,6353273257.38,7623927907.2,-43.666,
600550.SH,保变电气,2019-01-22,4.12,4.2,4.11,4.14,5548254,0.3615,6353273257.38,7623927907.2,-43.666,
600550.SH,保变电气,2019-01-23,4.1,4.14,4.08,4.12,5231806,0.3409,6322581116.04,7587097337.6,-43.455,
600550.SH,保变电气,2019-01-24,4.12,4.19,4.1,4.13,6047572,0.3941,6337927186.71,7605512622.4,-43.5605,
600550.SH,保变电气,2019-01-25,4.3,4.35,4.13,4.14,12406890,0.8085,6353273257.38,7623927907.2,-43.666,
600550.SH,保变电气,2019-01-28,4.1,4.18,4.08,4.09,6954702,0.4532,6276542904.03,7531851483.2,-43.1386,
600550.SH,保变电气,2019-01-29,4.08,4.11,3.81,3.96,7816828,0.5094,6077043985.32,7292452780.8,-41.7675,
600550.SH,保变电气,2019-01-30,3.96,3.96,3.87,3.88,4072800,0.2654,5954275419.96,7145130502.4,-40.9237,
600550.SH,保变电气,2019-01-31,3.61,3.74,3.49,3.53,16897382,1.1011,5417162946.51,6500595534.4,-37.2321,
600550.SH,保变电气,2019-02-01,3.58,3.73,3.58,3.73,8876414,0.5784,5724084359.91,6868901230.4,-39.3416,
600550.SH,保变电气,2019-02-11,3.88,3.94,3.79,3.88,7762766,0.5058,5954275419.96,7145130502.4,-40.9237,
600550.SH,保变电气,2019-02-12,3.86,3.96,3.85,3.91,7010265,0.4568,6000313631.97,7200376356.8,-41.2401,
600550.SH,保变电气,2019-02-13,3.92,3.96,3.88,3.96,7800224,0.5083,6077043985.32,7292452780.8,-41.7675,
600550.SH,保变电气,2019-02-14,3.94,4.02,3.91,4,9091587,0.5924,6138428268,7366113920,-42.1893,
600550.SH,保变电气,2019-02-15,3.95,4.01,3.95,3.96,6859380,0.447,6077043985.32,7292452780.8,-41.7675,
600550.SH,保变电气,2019-02-18,3.95,4.08,3.93,4.08,10659454,0.6946,6261196833.36,7513436198.4,-43.0331,
600550.SH,保变电气,2019-02-19,4.09,4.17,4.04,4.11,12323674,0.8031,6307235045.37,7568682052.8,-43.3496,
600550.SH,保变电气,2019-02-20,4.14,4.14,4.06,4.11,8031351,0.5233,6307235045.37,7568682052.8,-43.3496,
600550.SH,保变电气,2019-02-21,4.1,4.15,4.08,4.09,11222759,0.7313,6276542904.03,7531851483.2,-43.1386,
600550.SH,保变电气,2019-02-22,4.07,4.14,4.04,4.13,10381877,0.6765,6337927186.71,7605512622.4,-43.5605,
600550.SH,保变电气,2019-02-25,4.14,4.45,4.14,4.36,27643732,1.8014,6690886812.12,8029064172.8,-45.9864,
600550.SH,保变电气,2019-02-26,4.35,4.46,4.26,4.35,26566169,1.7311,6675540741.45,8010648888,-45.8809,
600550.SH,保变电气,2019-02-27,4.33,4.46,4.31,4.38,19334929,1.2599,6721578953.46,8065894742.4,-46.1973,
600550.SH,保变电气,2019-02-28,4.37,4.48,4.33,4.4,13560057,0.8836,6752271094.8,8102725312,-46.4083,
600550.SH,保变电气,2019-03-01,4.42,4.44,4.33,4.38,10871051,0.7084,6721578953.46,8065894742.4,-46.1973,
600550.SH,保变电气,2019-03-04,4.39,4.48,4.37,4.41,21219927,1.3828,6767617165.47,8121140596.8,-46.5138,
600550.SH,保变电气,2019-03-05,4.41,4.63,4.4,4.59,25370125,1.6532,7043846437.53,8452615723.2,-48.4123,
600550.SH,保变电气,2019-03-06,4.59,4.68,4.51,4.68,23890232,1.5568,7181961073.56,8618353286.4,-49.3615,
600550.SH,保变电气,2019-03-07,4.69,4.91,4.68,4.76,25378912,1.6538,7304729638.92,8765675564.8,-50.2053,
600550.SH,保变电气,2019-03-08,4.69,5.23,4.62,4.7,44948068,2.929,7212653214.9,8655183856,-49.5725,
600550.SH,保变电气,2019-03-11,4.75,5.17,4.63,5.17,48577368,3.1655,7933918536.39,9520702241.6,-54.5297,
600550.SH,保变电气,2019-03-12,5.51,5.51,5,5.13,76646316,4.9945,7872534253.71,9447041102.4,-54.1078,
600550.SH,保变电气,2019-03-13,5.03,5.13,4.81,4.89,40769252,2.6567,7504228557.63,9005074267.2,-51.5765,
600550.SH,保变电气,2019-03-14,4.88,4.97,4.6,4.62,26257672,1.711,7089884649.54,8507861577.6,-48.7287,
600550.SH,保变电气,2019-03-15,4.65,4.86,4.65,4.75,23060830,1.5027,7289383568.25,8747260280,-50.0998,
600550.SH,保变电气,2019-03-18,4.81,4.85,4.66,4.85,15074775,0.9823,7442844274.95,8931413128,-51.1546,
600550.SH,保变电气,2019-03-19,4.91,5.04,4.82,4.87,20971562,1.3666,7473536416.29,8968243697.6,-51.3655,
600550.SH,保变电气,2019-03-20,4.83,4.86,4.69,4.82,17638922,1.1494,7396806062.94,8876167273.6,-50.8382,
600550.SH,保变电气,2019-03-21,4.82,4.93,4.77,4.89,21178651,1.3801,7504228557.63,9005074267.2,-51.5765,
600550.SH,保变电气,2019-03-22,4.91,5.32,4.8,5.2,41442992,2.7006,7979956748.4,9575948096,-54.8462,
600550.SH,保变电气,2019-03-25,5.05,5.17,5,5.04,28936756,1.8856,7734419617.68,9281303539.2,-53.1586,
600550.SH,保变电气,2019-03-26,5.02,5.12,4.79,4.81,18195250,1.1857,7381459992.27,8857751988.8,-50.7327,
600550.SH,保变电气,2019-03-27,4.87,4.89,4.72,4.86,11095820,0.723,7458190345.62,8949828412.8,-51.2601,
600550.SH,保变电气,2019-03-28,4.82,5.03,4.78,4.87,15791343,1.029,7473536416.29,8968243697.6,-51.3655,
600550.SH,保变电气,2019-03-29,4.87,5.05,4.72,5.01,22581086,1.4715,7688381405.67,9226057684.8,-52.8422,
600550.SH,保变电气,2019-04-01,5.01,5.19,4.97,5.16,27326282,1.7807,7918572465.72,9502286956.8,-54.4243,
600550.SH,保变电气,2019-04-02,5.18,5.22,5.09,5.13,22449570,1.4629,7872534253.71,9447041102.4,-54.1078,
600550.SH,保变电气,2019-04-03,5.09,5.17,5.06,5.13,14688547,0.9572,7872534253.71,9447041102.4,-54.1078,
600550.SH,保变电气,2019-04-04,5.15,5.19,5.08,5.12,13821191,0.9006,7857188183.04,9428625817.6,-54.0024,
600550.SH,保变电气,2019-04-08,5.13,5.15,4.89,4.96,16194463,1.0553,7611651052.32,9133981260.8,-52.3148,
600550.SH,保变电气,2019-04-09,4.98,5.01,4.89,4.98,11326732,0.7381,7642343193.66,9170811830.4,-52.5257,
600550.SH,保变电气,2019-04-10,4.95,4.97,4.87,4.93,10888064,0.7095,7565612840.31,9078735406.4,-51.9984,
600550.SH,保变电气,2019-04-11,4.94,5.07,4.87,4.99,18091529,1.1789,7657689264.33,9189227115.2,-52.6312,
600550.SH,保变电气,2019-04-12,5,5.28,4.91,5.15,32202335,2.0984,7903226395.05,9483871672,-54.3188,
600550.SH,保变电气,2019-04-15,5.28,5.29,5.07,5.07,23604938,1.5382,7780457829.69,9336549393.6,-53.475,
600550.SH,保变电气,2019-04-16,4.98,5.04,4.8,4.99,22357012,1.4569,7657689264.33,9189227115.2,-11.2543,
600550.SH,保变电气,2019-04-17,5,5.14,4.96,5.13,19825308,1.2919,7872534253.71,9447041102.4,-11.57,
600550.SH,保变电气,2019-04-18,5.13,5.15,5.02,5.07,14199125,0.9253,7780457829.69,9336549393.6,-11.4347,
600550.SH,保变电气,2019-04-19,5.03,5.15,5.02,5.08,11708668,0.763,7795803900.36,9354964678.4,-11.4573,
600550.SH,保变电气,2019-04-22,5.11,5.13,4.9,4.92,15560419,1.014,7550266769.64,9060320121.6,-11.0964,
600550.SH,保变电气,2019-04-23,4.91,4.91,4.7,4.72,15663029,1.0207,7243345356.24,8692014425.6,-10.6453,
600550.SH,保变电气,2019-04-24,4.75,4.79,4.63,4.78,9465616,0.6168,7335421780.26,8802506134.4,-10.7807,
600550.SH,保变电气,2019-04-25,4.76,4.77,4.57,4.57,10140333,0.6608,7013154296.19,8415785153.6,-10.307,
600550.SH,保变电气,2019-04-26,4.55,4.6,4.42,4.43,9742164,0.6348,6798309306.81,8157971166.4,-10.2337,
600550.SH,保变电气,2019-04-29,4.43,4.5,4.3,4.33,7965946,0.5191,6644848600.11,7973818318.4,-10.0027,
600550.SH,保变电气,2019-04-30,4.32,4.44,4.31,4.39,5476371,0.3569,6736925024.13,8084310027.2,-10.1413,
600550.SH,保变电气,2019-05-06,4.3,4.3,4,4.05,10278861,0.6698,6215158621.35,7458190344,-9.3559,
600550.SH,保变电气,2019-05-07,4.06,4.12,4,4.09,5066223,0.3301,6276542904.03,7531851483.2,-9.4483,
600550.SH,保变电气,2019-05-08,4.06,4.12,3.95,4.1,5130048,0.3343,6291888974.7,7550266768,-9.4714,
600550.SH,保变电气,2019-05-09,4.1,4.1,4.04,4.08,3350591,0.2183,6261196833.36,7513436198.4,-9.4252,
600550.SH,保变电气,2019-05-10,4.1,4.18,4.05,4.18,7095984,0.4624,6414657540.06,7697589046.4,-9.6562,
600550.SH,保变电气,2019-05-13,4.15,4.21,4.13,4.15,4498535,0.2931,6368619328.05,7642343192,-9.5869,
600550.SH,保变电气,2019-05-14,4.03,4.13,4.03,4.07,4572180,0.2979,6245850762.69,7495020913.6,-9.4021,
600550.SH,保变电气,2019-05-15,4.11,4.18,4.08,4.15,5087338,0.3315,6368619328.05,7642343192,-9.5869,
600550.SH,保变电气,2019-05-16,4.15,4.22,4.14,4.18,4581398,0.2985,6414657540.06,7697589046.4,-9.6562,
600550.SH,保变电气,2019-05-17,4.18,4.2,4.03,4.04,5664563,0.3691,6199812550.68,7439775059.2,-9.3328,
600550.SH,保变电气,2019-05-20,4.04,4.04,3.92,3.98,4835261,0.3151,6107736126.66,7329283350.4,-9.1942,
600550.SH,保变电气,2019-05-21,3.99,4.07,3.98,4.06,3812676,0.2484,6230504692.02,7476605628.8,-9.379,
600550.SH,保变电气,2019-05-22,4.05,4.07,3.97,3.98,4482545,0.2921,6107736126.66,7329283350.4,-9.1942,
600550.SH,保变电气,2019-05-23,3.98,4.01,3.88,3.9,4122185,0.2686,5984967561.3,7181961072,-9.0094,
600550.SH,保变电气,2019-05-24,3.9,3.98,3.88,3.92,2963884,0.1931,6015659702.64,7218791641.6,-9.0556,
600550.SH,保变电气,2019-05-27,3.9,4,3.9,3.99,4144774,0.2701,6123082197.33,7347698635.2,-9.2173,
600550.SH,保变电气,2019-05-28,4.03,4.03,3.96,3.97,3676183,0.2396,6092390055.99,7310868065.6,-9.1711,
600550.SH,保变电气,2019-05-29,4,4.07,3.95,4.03,6577715,0.4286,6184466480.01,7421359774.4,-9.3097,
600550.SH,保变电气,2019-05-30,3.97,4.01,3.94,3.99,4549604,0.2965,6123082197.33,7347698635.2,-9.2173,
600550.SH,保变电气,2019-05-31,3.98,4.03,3.96,3.98,2870100,0.187,6107736126.66,7329283350.4,-9.1942,
600550.SH,保变电气,2019-06-03,3.98,4.02,3.93,3.94,3632090,0.2367,6046351843.98,7255622211.2,-9.1018,
600550.SH,保变电气,2019-06-04,3.91,3.94,3.79,3.82,5035767,0.3281,5862198995.94,7034638793.6,-8.8246,
600550.SH,保变电气,2019-06-05,3.83,3.88,3.8,3.81,2711760,0.1767,5846852925.27,7016223508.8,-8.8015,
600550.SH,保变电气,2019-06-06,3.81,3.83,3.71,3.74,3248300,0.2117,5739430430.58,6887316515.2,-8.6398,
600550.SH,保变电气,2019-06-10,3.74,3.83,3.72,3.76,3136389,0.2044,5770122571.92,6924147084.8,-8.686,
600550.SH,保变电气,2019-06-11,3.8,3.9,3.75,3.88,4744262,0.3092,5954275419.96,7145130502.4,-8.9632,
600550.SH,保变电气,2019-06-12,3.88,3.91,3.82,3.84,3551181,0.2314,5892891137.28,7071469363.2,-8.8708,
600550.SH,保变电气,2019-06-13,3.84,3.86,3.79,3.84,3888595,0.2534,5892891137.28,7071469363.2,-8.8708,
600550.SH,保变电气,2019-06-14,3.85,3.88,3.77,3.78,4800680,0.3128,5800814713.26,6960977654.4,-8.7322,
600550.SH,保变电气,2019-06-17,3.79,3.8,3.72,3.76,2813402,0.1833,5770122571.92,6924147084.8,-8.686,
600550.SH,保变电气,2019-06-18,3.76,3.79,3.72,3.75,2940318,0.1916,5754776501.25,6905731800,-8.6629,
600550.SH,保变电气,2019-06-19,3.81,3.84,3.76,3.79,5688916,0.3707,5816160783.93,6979392939.2,-8.7553,
600550.SH,保变电气,2019-06-20,3.79,3.87,3.76,3.84,5456845,0.3556,5892891137.28,7071469363.2,-8.8708,
600550.SH,保变电气,2019-06-21,3.87,3.92,3.86,3.89,6399267,0.417,5969621490.63,7163545787.2,-8.9863,
600550.SH,保变电气,2019-06-24,3.87,3.91,3.86,3.89,4421203,0.2881,5969621490.63,7163545787.2,-8.9863,
600550.SH,保变电气,2019-06-25,3.92,3.92,3.81,3.85,3885120,0.2532,5908237207.95,7089884648,-8.8939,
600550.SH,保变电气,2019-06-26,3.83,3.87,3.81,3.85,2708874,0.1765,5908237207.95,7089884648,-8.8939,
600550.SH,保变电气,2019-06-27,3.85,3.88,3.81,3.83,4539057,0.2958,5877545066.61,7053054078.4,-8.8477,
600550.SH,保变电气,2019-06-28,3.84,3.84,3.75,3.79,4952297,0.3227,5816160783.93,6979392939.2,-8.7553,
600550.SH,保变电气,2019-07-01,3.83,3.89,3.82,3.88,4651043,0.3031,5954275419.96,7145130502.4,-8.9632,
600550.SH,保变电气,2019-07-02,3.88,3.92,3.84,3.89,6082922,0.3964,5969621490.63,7163545787.2,-8.9863,
600550.SH,保变电气,2019-07-03,3.91,3.91,3.85,3.88,3849610,0.2509,5954275419.96,7145130502.4,-8.9632,
600550.SH,保变电气,2019-07-04,3.87,4.27,3.87,4.13,22429075,1.4616,6337927186.71,7605512622.4,-9.5407,
600550.SH,保变电气,2019-07-05,4.08,4.08,3.98,4,12383061,0.8069,6138428268,7366113920,-9.2404,
600550.SH,保变电气,2019-07-08,4,4,3.82,3.84,7474497,0.4871,5892891137.28,7071469363.2,-8.8708,
600550.SH,保变电气,2019-07-09,3.84,3.86,3.8,3.86,3596258,0.2343,5923583278.62,7108299932.8,-8.917,
600550.SH,保变电气,2019-07-10,3.86,3.9,3.82,3.83,3687678,0.2403,5877545066.61,7053054078.4,-8.8477,
600550.SH,保变电气,2019-07-11,3.86,3.87,3.79,3.82,2997241,0.1953,5862198995.94,7034638793.6,-8.8246,
600550.SH,保变电气,2019-07-12,3.83,3.84,3.79,3.83,2352220,0.1533,5877545066.61,7053054078.4,-8.8477,
600550.SH,保变电气,2019-07-15,3.82,3.85,3.75,3.84,2901887,0.1891,5892891137.28,7071469363.2,-8.8708,
600550.SH,保变电气,2019-07-16,3.8,3.85,3.8,3.82,2197708,0.1432,5862198995.94,7034638793.6,-8.8246,
600550.SH,保变电气,2019-07-17,3.83,3.85,3.81,3.82,3088367,0.2012,5862198995.94,7034638793.6,-8.8246,
600550.SH,保变电气,2019-07-18,3.8,3.81,3.76,3.76,2809347,0.1831,5770122571.92,6924147084.8,-8.686,
600550.SH,保变电气,2019-07-19,3.76,3.81,3.75,3.77,1835879,0.1196,5785468642.59,6942562369.6,-8.7091,
600550.SH,保变电气,2019-07-22,3.78,3.78,3.63,3.64,4032544,0.2628,5585969723.88,6703163667.2,-8.4087,
600550.SH,保变电气,2019-07-23,3.64,3.7,3.64,3.68,2196422,0.1431,5647354006.56,6776824806.4,-8.5011,
600550.SH,保变电气,2019-07-24,3.7,3.76,3.68,3.71,2445936,0.1594,5693392218.57,6832070660.8,-8.5705,
600550.SH,保变电气,2019-07-25,3.7,3.72,3.67,3.7,1835310,0.1196,5678046147.9,6813655376,-8.5474,
600550.SH,保变电气,2019-07-26,3.69,3.72,3.67,3.71,1635601,0.1066,5693392218.57,6832070660.8,-8.5705,
600550.SH,保变电气,2019-07-29,3.7,3.71,3.68,3.7,2132863,0.139,5678046147.9,6813655376,-8.5474,
600550.SH,保变电气,2019-07-30,3.71,3.72,3.68,3.71,1838527,0.1198,5693392218.57,6832070660.8,-8.5705,
600550.SH,保变电气,2019-07-31,3.7,3.7,3.66,3.67,1831240,0.1193,5632007935.89,6758409521.6,-8.478,
600550.SH,保变电气,2019-08-01,3.66,3.68,3.64,3.66,1363068,0.0888,5616661865.22,6739994236.8,-8.4549,
600550.SH,保变电气,2019-08-02,3.61,3.64,3.59,3.63,2430815,0.1584,5570623653.21,6684748382.4,-8.3856,
600550.SH,保变电气,2019-08-05,3.63,3.68,3.6,3.61,2048691,0.1335,5539931511.87,6647917812.8,-8.3394,
600550.SH,保变电气,2019-08-06,3.58,3.58,3.41,3.48,5633118,0.3671,5340432593.16,6408519110.4,-8.0391,
600550.SH,保变电气,2019-08-07,3.48,3.53,3.48,3.49,1964164,0.128,5355778663.83,6426934395.2,-8.0622,
600550.SH,保变电气,2019-08-08,3.5,3.53,3.46,3.49,2933436,0.1912,5355778663.83,6426934395.2,-8.4215,
600550.SH,保变电气,2019-08-09,3.49,3.5,3.36,3.37,4129351,0.2691,5171625815.79,6205950977.6,-8.132,
600550.SH,保变电气,2019-08-12,3.39,3.42,3.36,3.37,4530686,0.2952,5171625815.79,6205950977.6,-8.132,
600550.SH,保变电气,2019-08-13,3.34,3.38,3.2,3.25,6748989,0.4398,4987472967.75,5984967560,-7.8424,
600550.SH,保变电气,2019-08-14,3.27,3.37,3.27,3.33,5624372,0.3665,5110241533.11,6132289838.4,-8.0354,
600550.SH,保变电气,2019-08-15,3.27,3.34,3.2,3.32,4380785,0.2855,5094895462.44,6113874553.6,-8.0113,
600550.SH,保变电气,2019-08-16,3.32,3.4,3.3,3.38,4555177,0.2968,5186971886.46,6224366262.4,-8.1561,
600550.SH,保变电气,2019-08-19,3.39,3.45,3.35,3.45,3877323,0.2527,5294394381.15,6353273256,-8.325,
600550.SH,保变电气,2019-08-20,3.43,3.47,3.4,3.41,5037349,0.3283,5233010098.47,6279612116.8,-8.2285,
600550.SH,保变电气,2019-08-21,3.42,3.43,3.39,3.42,2975800,0.1939,5248356169.14,6298027401.6,-8.2526,
600550.SH,保变电气,2019-08-22,3.42,3.44,3.41,3.43,3405844,0.2219,5263702239.81,6316442686.4,-8.2767,
600550.SH,保变电气,2019-08-23,3.43,3.45,3.4,3.41,4003616,0.2609,5233010098.47,6279612116.8,-8.2285,
600550.SH,保变电气,2019-08-26,3.29,3.38,3.29,3.36,3465631,0.2258,5156279745.12,6187535692.8,-8.1078,
600550.SH,保变电气,2019-08-27,3.39,3.46,3.38,3.45,3689811,0.2404,5294394381.15,6353273256,-8.325,
600550.SH,保变电气,2019-08-28,3.45,3.52,3.43,3.49,5354208,0.3489,5355778663.83,6426934395.2,-8.4215,
600550.SH,保变电气,2019-08-29,3.48,3.53,3.46,3.49,3571968,0.2328,5355778663.83,6426934395.2,-8.4215,
600550.SH,保变电气,2019-08-30,3.49,3.53,3.43,3.44,3410320,0.2222,5279048310.48,6334857971.2,-8.3009,
600550.SH,保变电气,2019-09-02,3.45,3.52,3.43,3.5,4257848,0.2775,5371124734.5,6445349680,-8.4457,
600550.SH,保变电气,2019-09-03,3.5,3.57,3.49,3.56,5802330,0.3781,5463201158.52,6555841388.8,-8.5904,
600550.SH,保变电气,2019-09-04,3.54,3.58,3.53,3.56,4401865,0.2868,5463201158.52,6555841388.8,-8.5904,
600550.SH,保变电气,2019-09-05,3.56,3.63,3.55,3.56,5670046,0.3695,5463201158.52,6555841388.8,-8.5904,
600550.SH,保变电气,2019-09-06,3.76,3.76,3.54,3.56,6978503,0.4547,5463201158.52,6555841388.8,-8.5904,
600550.SH,保变电气,2019-09-09,3.58,3.61,3.56,3.59,5029521,0.3277,5509239370.53,6611087243.2,-8.6628,
600550.SH,保变电气,2019-09-10,3.57,3.61,3.54,3.56,4778623,0.3114,5463201158.52,6555841388.8,-8.5904,
600550.SH,保变电气,2019-09-11,3.57,3.58,3.54,3.54,4473092,0.2915,5432509017.18,6519010819.2,-8.5422,
600550.SH,保变电气,2019-09-12,3.57,3.57,3.52,3.54,3616234,0.2356,5432509017.18,6519010819.2,-8.5422,
600550.SH,保变电气,2019-09-16,3.56,3.59,3.54,3.56,4473890,0.2915,5463201158.52,6555841388.8,-8.5904,
600550.SH,保变电气,2019-09-17,3.57,3.57,3.41,3.45,6979340,0.4548,5294394381.15,6353273256,-8.325,
600550.SH,保变电气,2019-09-18,3.45,3.48,3.41,3.43,3440151,0.2242,5263702239.81,6316442686.4,-8.2767,
600550.SH,保变电气,2019-09-19,3.42,3.45,3.38,3.42,4089078,0.2665,5248356169.14,6298027401.6,-8.2526,
600550.SH,保变电气,2019-09-20,3.42,3.48,3.41,3.46,3831234,0.2497,5309740451.82,6371688540.8,-8.3491,
600550.SH,保变电气,2019-09-23,3.48,3.52,3.45,3.48,6056054,0.3946,5340432593.16,6408519110.4,-8.3974,
600550.SH,保变电气,2019-09-24,3.46,3.51,3.45,3.46,3432136,0.2236,5309740451.82,6371688540.8,-8.3491,
600550.SH,保变电气,2019-09-25,3.45,3.48,3.38,3.38,3392980,0.2211,5186971886.46,6224366262.4,-8.1561,
600550.SH,保变电气,2019-09-26,3.4,3.41,3.28,3.29,5735782,0.3738,5048857250.43,6058628699.2,-7.9389,
600550.SH,保变电气,2019-09-27,3.28,3.35,3.28,3.32,2422485,0.1579,5094895462.44,6113874553.6,-8.0113,
600550.SH,保变电气,2019-09-30,3.3,3.35,3.29,3.3,1802900,0.1175,5064203321.1,6077043984,-7.9631,
600550.SH,保变电气,2019-10-08,3.3,3.34,3.29,3.3,2408522,0.1569,5064203321.1,6077043984,-7.9631,
600550.SH,保变电气,2019-10-09,3.3,3.35,3.26,3.34,2442275,0.1591,5125587603.78,6150705123.2,-8.0596,
600550.SH,保变电气,2019-10-10,3.34,3.41,3.33,3.38,3206346,0.2089,5186971886.46,6224366262.4,-8.1561,
600550.SH,保变电气,2019-10-11,3.38,3.49,3.38,3.44,5610298,0.3656,5279048310.48,6334857971.2,-8.3009,
600550.SH,保变电气,2019-10-14,3.45,3.47,3.41,3.44,4373852,0.285,5279048310.48,6334857971.2,-8.3009,
600550.SH,保变电气,2019-10-15,3.44,3.45,3.39,3.4,2625366,0.1711,5217664027.8,6261196832,-8.2044,
600550.SH,保变电气,2019-10-16,3.4,3.43,3.36,3.36,2259006,0.1472,5156279745.12,6187535692.8,-8.1078,
600550.SH,保变电气,2019-10-17,3.34,3.38,3.32,3.34,2063755,0.1345,5125587603.78,6150705123.2,-8.0596,
600550.SH,保变电气,2019-10-18,3.33,3.35,3.27,3.3,3771076,0.2457,5064203321.1,6077043984,-7.9631,
600550.SH,保变电气,2019-10-21,3.31,3.31,3.24,3.3,2822161,0.1839,5064203321.1,6077043984,-7.9631,
600550.SH,保变电气,2019-10-22,3.3,3.32,3.28,3.3,2489230,0.1622,5064203321.1,6077043984,-8.8058,
600550.SH,保变电气,2019-10-23,3.3,3.31,3.28,3.28,1845570,0.1203,5033511179.76,6040213414.4,-8.7524,
600550.SH,保变电气,2019-10-24,3.26,3.3,3.25,3.29,2066180,0.1346,5048857250.43,6058628699.2,-8.7791,
600550.SH,保变电气,2019-10-25,3.29,3.29,3.26,3.29,1862664,0.1214,5048857250.43,6058628699.2,-8.7791,
600550.SH,保变电气,2019-10-28,3.28,3.34,3.26,3.34,4044748,0.2636,5125587603.78,6150705123.2,-8.9125,
600550.SH,保变电气,2019-10-29,3.33,3.34,3.27,3.29,2870960,0.1871,5048857250.43,6058628699.2,-8.7791,
600550.SH,保变电气,2019-10-30,3.31,3.31,3.25,3.25,2933522,0.1912,4987472967.75,5984967560,-8.6724,
600550.SH,保变电气,2019-10-31,3.25,3.25,3.19,3.19,3085450,0.2011,4895396543.73,5874475851.2,-8.5123,
600550.SH,保变电气,2019-11-01,3.2,3.22,3.18,3.22,2536007,0.1653,4941434755.74,5929721705.6,-8.5923,
600550.SH,保变电气,2019-11-04,3.22,3.22,3.16,3.17,3169900,0.2066,4864704402.39,5837645281.6,-8.4589,
600550.SH,保变电气,2019-11-05,3.16,3.18,3.14,3.15,2957360,0.1927,4834012261.05,5800814712,-8.4055,
600550.SH,保变电气,2019-11-06,3.15,3.16,3.06,3.08,5482052,0.3572,4726589766.36,5671907718.4,-8.2187,
600550.SH,保变电气,2019-11-07,3.08,3.08,3.04,3.05,4022601,0.2621,4680551554.35,5616661864,-8.1387,
600550.SH,保变电气,2019-11-08,3.05,3.08,3.03,3.03,3161394,0.206,4649859413.01,5579831294.4,-8.0853,
600550.SH,保变电气,2019-11-11,3.02,3.02,2.95,2.96,4676900,0.3048,4542436918.32,5450924300.8,-7.8985,
600550.SH,保变电气,2019-11-12,2.96,2.97,2.92,2.96,2289112,0.1492,4542436918.32,5450924300.8,-7.8985,
600550.SH,保变电气,2019-11-13,2.96,3.01,2.94,3.01,3277300,0.2136,4619167271.67,5543000724.8,-8.032,
600550.SH,保变电气,2019-11-14,3.05,3.05,3,3,2191341,0.1428,4603821201,5524585440,-8.0053,
600550.SH,保变电气,2019-11-15,3,3,2.9,2.92,3964389,0.2583,4481052635.64,5377263161.6,-7.7918,
600550.SH,保变电气,2019-11-18,2.92,2.95,2.9,2.93,2472352,0.1611,4496398706.31,5395678446.4,-7.8185,
600550.SH,保变电气,2019-11-19,2.94,2.98,2.92,2.97,2277935,0.1484,4557782988.99,5469339585.6,-7.9252,
600550.SH,保变电气,2019-11-20,2.97,3,2.97,2.97,1774441,0.1156,4557782988.99,5469339585.6,-7.9252,
600550.SH,保变电气,2019-11-21,2.97,3,2.93,2.98,2483623,0.1618,4573129059.66,5487754870.4,-7.9519,
600550.SH,保变电气,2019-11-22,2.98,3.03,2.96,2.98,3250220,0.2118,4573129059.66,5487754870.4,-7.9519,
600550.SH,保变电气,2019-11-25,2.98,3.02,2.93,3.02,3331355,0.2171,4634513342.34,5561416009.6,-8.0586,
600550.SH,保变电气,2019-11-26,3.02,3.03,2.97,2.99,2176524,0.1418,4588475130.33,5506170155.2,-7.9786,
600550.SH,保变电气,2019-11-27,2.98,2.98,2.95,2.97,2063291,0.1345,4557782988.99,5469339585.6,-7.9252,
600550.SH,保变电气,2019-11-28,2.97,2.99,2.94,2.95,1671800,0.1089,4527090847.65,5432509016,-7.8718,
600550.SH,保变电气,2019-11-29,2.95,2.97,2.92,2.96,2016850,0.1314,4542436918.32,5450924300.8,-7.8985,
600550.SH,保变电气,2019-12-02,2.96,2.98,2.94,2.94,2852376,0.1859,4511744776.98,5414093731.2,-7.8452,
600550.SH,保变电气,2019-12-03,2.94,2.99,2.91,2.98,2732813,0.1781,4573129059.66,5487754870.4,-7.9519,
600550.SH,保变电气,2019-12-04,2.97,3.01,2.96,2.98,2526732,0.1647,4573129059.66,5487754870.4,-7.9519,
600550.SH,保变电气,2019-12-05,2.97,3.02,2.97,3,2782487,0.1813,4603821201,5524585440,-8.0053,
600550.SH,保变电气,2019-12-06,2.98,3.01,2.98,3,1998754,0.1302,4603821201,5524585440,-8.0053,
600550.SH,保变电气,2019-12-09,3,3.03,2.99,3.02,3110122,0.2027,4634513342.34,5561416009.6,-8.0586,
600550.SH,保变电气,2019-12-10,2.99,3.02,2.99,3.01,3001230,0.1956,4619167271.67,5543000724.8,-8.032,
600550.SH,保变电气,2019-12-11,3.01,3.02,2.99,3,1775655,0.1157,4603821201,5524585440,-8.0053,
600550.SH,保变电气,2019-12-12,3,3.02,2.98,2.99,2482488,0.1618,4588475130.33,5506170155.2,-7.9786,
600550.SH,保变电气,2019-12-13,3,3.03,2.99,3.02,3120533,0.2033,4634513342.34,5561416009.6,-8.0586,
600550.SH,保变电气,2019-12-16,3.03,3.1,3.02,3.08,5863584,0.3821,4726589766.36,5671907718.4,-8.2187,
600550.SH,保变电气,2019-12-17,3.08,3.15,3.07,3.13,7223867,0.4707,4803320119.71,5763984142.4,-8.3522,
600550.SH,保变电气,2019-12-18,3.15,3.16,3.1,3.11,3874963,0.2525,4772627978.37,5727153572.8,-8.2988,
600550.SH,保变电气,2019-12-19,3.11,3.13,3.1,3.12,3031286,0.1975,4787974049.04,5745568857.6,-8.3255,
600550.SH,保变电气,2019-12-20,3.13,3.13,3.09,3.09,2904012,0.1892,4741935837.03,5690323003.2,-8.2454,
600550.SH,保变电气,2019-12-23,3.09,3.09,3.03,3.04,3977950,0.2592,4665205483.68,5598246579.2,-8.112,
600550.SH,保变电气,2019-12-24,3.02,3.09,3.02,3.08,2734810,0.1782,4726589766.36,5671907718.4,-8.2187,
600550.SH,保变电气,2019-12-25,3.07,3.1,3.06,3.07,2440657,0.159,4711243695.69,5653492433.6,-8.1921,
600550.SH,保变电气,2019-12-26,3.08,3.11,3.07,3.11,3410370,0.2222,4772627978.37,5727153572.8,-8.2988,
600550.SH,保变电气,2019-12-27,3.11,3.12,3.06,3.07,3109634,0.2026,4711243695.69,5653492433.6,-8.1921,
600550.SH,保变电气,2019-12-30,3.06,3.08,3.02,3.06,3698200,0.241,4695897625.02,5635077148.8,-8.1654,
600550.SH,保变电气,2019-12-31,3.07,3.08,3.04,3.08,4388980,0.286,4726589766.36,5671907718.4,-8.2187,
600550.SH,保变电气,2020-01-02,3.1,3.12,3.08,3.11,5494497,0.358,4772627978.37,5727153572.8,-8.2988,
600550.SH,保变电气,2020-01-03,3.12,3.28,3.1,3.19,12097273,0.7883,4895396543.73,5874475851.2,-8.5123,
600550.SH,保变电气,2020-01-06,3.16,3.22,3.14,3.19,8232725,0.5365,4895396543.73,5874475851.2,-8.5123,
600550.SH,保变电气,2020-01-07,3.18,3.22,3.18,3.21,5840520,0.3806,4926088685.07,5911306420.8,-8.5656,
600550.SH,保变电气,2020-01-08,3.24,3.29,3.19,3.28,13536660,0.8821,5033511179.76,6040213414.4,-8.7524,
600550.SH,保变电气,2020-01-09,3.3,3.3,3.22,3.25,9666700,0.6299,4987472967.75,5984967560,-8.6724,
600550.SH,保变电气,2020-01-10,3.26,3.26,3.15,3.18,9085474,0.592,4880050473.06,5856060566.4,-8.4856,
600550.SH,保变电气,2020-01-13,3.16,3.2,3.15,3.2,3875000,0.2525,4910742614.4,5892891136,-8.539,
600550.SH,保变电气,2020-01-14,3.2,3.23,3.17,3.18,4531657,0.2953,4880050473.06,5856060566.4,-8.4856,
600550.SH,保变电气,2020-01-15,3.18,3.18,3.1,3.12,4369310,0.2847,4787974049.04,5745568857.6,-8.3255,
600550.SH,保变电气,2020-01-16,3.19,3.43,3.17,3.43,11154770,0.7269,5263702239.81,6316442686.4,-9.1527,
600550.SH,保变电气,2020-01-17,3.43,3.59,3.31,3.38,31365391,2.0439,5186971886.46,6224366262.4,-9.0193,
600550.SH,保变电气,2020-01-20,3.33,3.38,3.28,3.36,13486440,0.8788,5156279745.12,6187535692.8,-8.9659,
600550.SH,保变电气,2020-01-21,3.33,3.35,3.25,3.25,8190513,0.5337,4987472967.75,5984967560,-8.6724,
600550.SH,保变电气,2020-01-22,3.29,3.31,3.21,3.28,7312471,0.4765,5033511179.76,6040213414.4,-8.7524,
600550.SH,保变电气,2020-01-23,3.25,3.27,3.14,3.17,8253037,0.5378,4864704402.39,5837645281.6,-8.4589,
600550.SH,保变电气,2020-02-03,2.85,2.85,2.85,2.85,3543000,0.2309,4373630140.95,5248356168,-7.605,
600550.SH,保变电气,2020-02-04,2.64,2.98,2.64,2.88,11697844,0.7623,4419668352.96,5303602022.4,-7.6851,
600550.SH,保变电气,2020-02-05,2.87,2.95,2.84,2.91,7580305,0.494,4465706564.97,5358847876.8,-7.7651,
600550.SH,保变电气,2020-02-06,2.91,2.94,2.87,2.93,8745517,0.5699,4496398706.31,5395678446.4,-7.8185,
600550.SH,保变电气,2020-02-07,2.93,2.93,2.88,2.92,7192681,0.4687,4481052635.64,5377263161.6,-7.7918,
600550.SH,保变电气,2020-02-10,3,3.06,2.96,3.03,11869791,0.7735,4649859413.01,5579831294.4,-8.0853,
600550.SH,保变电气,2020-02-11,3.01,3.07,2.99,3.04,6533663,0.4258,4665205483.68,5598246579.2,-8.112,
600550.SH,保变电气,2020-02-12,3.04,3.1,3.01,3.07,6752198,0.44,4711243695.69,5653492433.6,-8.1921,
600550.SH,保变电气,2020-02-13,3.07,3.08,3.02,3.03,6154716,0.4011,4649859413.01,5579831294.4,-8.0853,
600550.SH,保变电气,2020-02-14,3.02,3.05,3,3.01,5055702,0.3294,4619167271.67,5543000724.8,-8.032,
600550.SH,保变电气,2020-02-17,3.01,3.08,3,3.08,6945234,0.4526,4726589766.36,5671907718.4,-8.2187,
600550.SH,保变电气,2020-02-18,3.08,3.14,3.06,3.14,9063939,0.5906,4818666190.38,5782399427.2,-8.3788,
600550.SH,保变电气,2020-02-19,3.13,3.16,3.11,3.13,7145393,0.4656,4803320119.71,5763984142.4,-8.3522,
600550.SH,保变电气,2020-02-20,3.14,3.18,3.13,3.16,7684882,0.5008,4849358331.72,5819229996.8,-8.4322,
600550.SH,保变电气,2020-02-21,3.16,3.19,3.14,3.17,7984004,0.5203,4864704402.39,5837645281.6,-8.4589,
600550.SH,保变电气,2020-02-24,3.16,3.16,3.1,3.13,10708605,0.6978,4803320119.71,5763984142.4,-8.3522,
600550.SH,保变电气,2020-02-25,3.09,3.09,2.98,3.05,11198725,0.7297,4680551554.35,5616661864,-8.1387,
600550.SH,保变电气,2020-02-26,3.04,3.16,3,3.12,13230207,0.8621,4787974049.04,5745568857.6,-8.3255,
600550.SH,保变电气,2020-02-27,3.13,3.43,3.11,3.43,24168209,1.5749,5263702239.81,6316442686.4,-9.1527,
600550.SH,保变电气,2020-02-28,3.44,3.77,3.35,3.77,106807050,6.9599,5785468642.59,6942562369.6,-10.06,
600550.SH,保变电气,2020-03-02,4.15,4.15,4.01,4.15,46830471,3.0516,6368619328.05,7642343192,-11.074,
600550.SH,保变电气,2020-03-03,4.57,4.57,4.57,4.57,8353410,0.5443,7013154296.19,8415785153.6,-12.1947,
600550.SH,保变电气,2020-03-04,4.52,5.03,4.33,5.03,170849163,11.1331,7719073547.01,9262888254.4,-13.4222,
600550.SH,保变电气,2020-03-05,5.3,5.53,5.26,5.53,55283673,3.6025,8486377080.51,10183652494.4,-14.7564,
600550.SH,保变电气,2020-03-06,6.08,6.08,6.08,6.08,11903001,0.7756,9330410967.36,11196493158.4,-16.224,
600550.SH,保变电气,2020-03-09,6.25,6.69,6.25,6.69,106221666,6.9218,10266521278.23,12319825531.2,-17.8518,
600550.SH,保变电气,2020-03-10,6.89,7.36,6.22,7.36,222633098,14.5075,11294708013.12,13553649612.8,-19.6396,
600550.SH,保变电气,2020-03-11,7.9,8.1,7.41,8.1,244930950,15.9605,12430317242.7,14916380688,-21.6142,
600550.SH,保变电气,2020-03-12,7.66,7.88,7.29,7.29,154837751,10.0897,11187285518.43,13424742619.2,-19.4528,
600550.SH,保变电气,2020-03-13,6.56,8.02,6.56,7.73,281806929,18.3635,11862512627.91,14235015150.4,-20.6269,
600550.SH,保变电气,2020-03-16,7.51,7.51,6.96,6.96,177444688,11.5629,10680865186.32,12817038220.8,-18.5722,
600550.SH,保变电气,2020-03-17,6.8,7.29,6.35,6.75,171321195,11.1638,10358597702.25,12430317240,-18.0119,
600550.SH,保变电气,2020-03-18,6.68,7.1,6.34,6.89,187359394,12.2089,10573442691.63,12688131227.2,-18.3854,
600550.SH,保变电气,2020-03-19,6.52,7.58,6.52,7.35,221931670,14.4618,11279361942.45,13535234328,-19.6129,
600550.SH,保变电气,2020-03-20,7.01,7.21,6.62,6.67,199686800,13.0122,10235829136.89,12282994961.6,-17.7984,
600550.SH,保变电气,2020-03-23,6.25,6.69,6,6,128097390,8.3472,9207642402,11049170880,-16.0105,
600550.SH,保变电气,2020-03-24,6.15,6.23,5.4,5.64,127654153,8.3184,8655183857.88,10386220627.2,-15.0499,
600550.SH,保变电气,2020-03-25,5.71,5.95,5.57,5.86,119201956,7.7676,8992797412.62,10791356892.8,-15.637,
600550.SH,保变电气,2020-03-26,5.75,5.89,5.51,5.53,90038234,5.8672,8486377080.51,10183652494.4,-14.7564,
600550.SH,保变电气,2020-03-27,5.66,5.84,5.49,5.57,102618852,6.687,8547761363.19,10257313633.6,-14.8631,
600550.SH,保变电气,2020-03-30,5.36,6.03,5.25,5.76,122474692,7.9809,8839336705.92,10607204044.8,-15.3701,
600550.SH,保变电气,2020-03-31,5.67,5.82,5.5,5.52,93076443,6.0652,8471031009.84,10165237209.6,-14.7297,
600550.SH,保变电气,2020-04-01,5.53,5.77,5.42,5.54,74351367,4.845,8501723151.18,10202067779.2,-14.7831,
600550.SH,保变电气,2020-04-02,5.55,6.09,5.5,6.09,129201972,8.4192,9345757038.03,11214908443.2,-16.2507,
600550.SH,保变电气,2020-04-03,6.27,6.38,5.8,5.9,146887275,9.5717,9054181695.3,10865018032,-15.7437,
600550.SH,保变电气,2020-04-07,6.09,6.49,5.91,6.17,144199652,9.3965,9468525603.39,11362230721.6,-16.4642,
600550.SH,保变电气,2020-04-08,6.03,6.16,5.89,5.98,101179020,6.5932,9176950260.66,11012340310.4,-15.9572,
600550.SH,保变电气,2020-04-09,5.96,6.47,5.91,6.12,130117913,8.4789,9391795250.04,11270154297.6,-16.3308,
600550.SH,保变电气,2020-04-10,6.03,6.05,5.6,5.68,104976892,6.8406,8716568140.56,10459881766.4,-15.1566,
600550.SH,保变电气,2020-04-13,5.52,5.64,5.41,5.53,48555834,3.1641,8486377080.51,10183652494.4,-14.7564,
600550.SH,保变电气,2020-04-14,5.59,5.77,5.54,5.68,59013754,3.8455,8716568140.56,10459881766.4,-15.1566,
600550.SH,保变电气,2020-04-15,5.67,6.09,5.63,5.77,94819162,6.1787,8854682776.59,10625619329.6,-15.3968,
600550.SH,保变电气,2020-04-16,5.66,6.16,5.57,6.01,127137600,8.2847,9222988472.67,11067586164.8,-16.0372,
600550.SH,保变电气,2020-04-17,5.99,6.12,5.76,5.79,96833216,6.31,8885374917.93,10662449899.2,-15.4502,
600550.SH,保变电气,2020-04-20,5.69,5.85,5.61,5.77,48762274,3.1775,8854682776.59,10625619329.6,-15.3968,
600550.SH,保变电气,2020-04-21,5.71,5.77,5.48,5.64,63142626,4.1146,8655183857.88,10386220627.2,-15.0499,
600550.SH,保变电气,2020-04-22,5.55,5.97,5.51,5.84,86550664,5.6399,8962105271.28,10754526323.2,-15.5836,
600550.SH,保变电气,2020-04-23,5.79,5.93,5.67,5.7,64646196,4.2126,8747260281.9,10496712336,-15.21,
600550.SH,保变电气,2020-04-24,5.61,5.82,5.58,5.59,57445104,3.7433,8578453504.53,10294144203.2,-14.9165,
600550.SH,保变电气,2020-04-27,5.6,5.83,5.55,5.74,52606046,3.428,8808644564.58,10570373475.2,695.0689,
600550.SH,保变电气,2020-04-28,5.7,5.7,5.17,5.28,67507446,4.399,8102725313.76,9723270374.4,639.3665,
600550.SH,保变电气,2020-04-29,5.25,5.38,5.02,5.07,45263736,2.9495,7780457829.69,9336549393.6,613.9371,
600550.SH,保变电气,2020-04-30,5.05,5.24,5.05,5.18,36142113,2.3551,7949264607.06,9539117526.4,202.0527,
600550.SH,保变电气,2020-05-06,5.1,5.38,5.07,5.34,40109679,2.6137,8194801737.78,9833762083.2,208.2937,
600550.SH,保变电气,2020-05-07,5.45,5.46,5.25,5.29,33600847,2.1895,8118071384.43,9741685659.2,206.3434,
600550.SH,保变电气,2020-05-08,5.35,5.42,5.29,5.32,33912383,2.2098,8164109596.44,9796931513.6,207.5135,
600550.SH,保变电气,2020-05-11,5.33,5.34,5.2,5.34,32214229,2.0992,8194801737.78,9833762083.2,208.2937,
600550.SH,保变电气,2020-05-12,5.32,5.34,5.2,5.34,26273032,1.712,8194801737.78,9833762083.2,208.2937,
600550.SH,保变电气,2020-05-13,5.31,5.87,5.31,5.87,89060177,5.8035,9008143483.29,10809772177.6,228.967,
600550.SH,保变电气,2020-05-14,5.89,6.33,5.8,6.09,156039384,10.168,9345757038.03,11214908443.2,237.5484,
600550.SH,保变电气,2020-05-15,5.97,6.13,5.86,6.02,87835061,5.7236,9238334543.34,11086001449.6,234.8179,
600550.SH,保变电气,2020-05-18,5.95,5.96,5.73,5.81,57571515,3.7515,8916067059.27,10699280468.8,226.6266,
600550.SH,保变电气,2020-05-19,5.84,5.98,5.81,5.82,49675882,3.237,8931413129.94,10717695753.6,227.0167,
600550.SH,保变电气,2020-05-20,5.74,6.32,5.72,6.09,102778613,6.6974,9345757038.03,11214908443.2,237.5484,
600550.SH,保变电气,2020-05-21,6,6.09,5.76,5.8,60464159,3.94,8900720988.6,10680865184,226.2366,
600550.SH,保变电气,2020-05-22,5.72,5.8,5.26,5.35,59036305,3.847,8210147808.45,9852177368,208.6837,
600550.SH,保变电气,2020-05-25,5.22,5.3,5.1,5.17,29699117,1.9353,7933918536.39,9520702241.6,201.6626,
600550.SH,保变电气,2020-05-26,5.21,5.33,5.21,5.32,26254197,1.7108,8164109596.44,9796931513.6,207.5135,
600550.SH,保变电气,2020-05-27,5.33,5.35,5.13,5.15,29996396,1.9547,7903226395.05,9483871672,200.8825,
600550.SH,保变电气,2020-05-28,5.15,5.2,5,5.08,25561699,1.6657,7795803900.36,9354964678.4,198.152,
600550.SH,保变电气,2020-05-29,5.09,5.14,5.04,5.07,16859835,1.0986,7780457829.69,9336549393.6,197.762,
600550.SH,保变电气,2020-06-01,5.06,5.3,5.03,5.27,31302533,2.0398,8087379243.09,9704855089.6,205.5632,
600550.SH,保变电气,2020-06-02,5.23,5.3,5.17,5.26,25773801,1.6795,8072033172.42,9686439804.8,205.1732,
600550.SH,保变电气,2020-06-03,5.28,5.6,5.22,5.38,46402046,3.0237,8256186020.46,9907423222.4,209.8539,
600550.SH,保变电气,2020-06-04,5.39,5.39,5.25,5.27,24245940,1.5799,8087379243.09,9704855089.6,205.5632,
600550.SH,保变电气,2020-06-05,5.26,5.26,5.11,5.14,22245289,1.4496,7887880324.38,9465456387.2,200.4924,
600550.SH,保变电气,2020-06-08,5.19,5.2,5.1,5.13,13076818,0.8521,7872534253.71,9447041102.4,200.1023,
600550.SH,保变电气,2020-06-09,5.15,5.24,5.08,5.2,15954959,1.0397,7979956748.4,9575948096,202.8328,
600550.SH,保变电气,2020-06-10,5.2,5.21,5.08,5.09,17689706,1.1527,7811149971.03,9373379963.2,198.5421,
600550.SH,保变电气,2020-06-11,5.08,5.12,5.01,5.06,15959920,1.04,7765111759.02,9318134108.8,197.3719,
600550.SH,保变电气,2020-06-12,4.97,5.02,4.83,4.99,19518272,1.2719,7657689264.33,9189227115.2,194.6415,
600550.SH,保变电气,2020-06-15,4.93,5.03,4.91,4.93,14839997,0.967,7565612840.31,9078735406.4,192.3011,
600550.SH,保变电气,2020-06-16,4.98,5.13,4.95,5.04,19014086,1.239,7734419617.68,9281303539.2,196.5918,
600550.SH,保变电气,2020-06-17,5,5.04,4.95,4.99,15788636,1.0288,7657689264.33,9189227115.2,194.6415,
600550.SH,保变电气,2020-06-18,4.99,5.19,4.92,5.08,28955000,1.8868,7795803900.36,9354964678.4,198.152,
600550.SH,保变电气,2020-06-19,5.04,5.09,5,5.05,18411683,1.1998,7749765688.35,9299718824,196.9818,
600550.SH,保变电气,2020-06-22,5.06,5.08,5,5.02,15107752,0.9845,7703727476.34,9244472969.6,195.8116,
600550.SH,保变电气,2020-06-23,5.02,5.11,4.98,5.03,17079995,1.113,7719073547.01,9262888254.4,196.2017,
600550.SH,保变电气,2020-06-24,5,5.04,4.93,4.94,15500045,1.01,7580958910.98,9097150691.2,192.6911,
600550.SH,保变电气,2020-06-29,4.9,4.9,4.8,4.82,16239497,1.0582,7396806062.94,8876167273.6,188.0104,
600550.SH,保变电气,2020-06-30,4.86,4.86,4.8,4.83,13553594,0.8832,7412152133.61,8894582558.4,188.4005,
600550.SH,保变电气,2020-07-01,4.85,4.94,4.83,4.87,17022455,1.1092,7473536416.29,8968243697.6,189.9607,
600550.SH,保变电气,2020-07-02,4.88,5.04,4.8,4.97,34167299,2.2265,7626997122.99,9152396545.6,193.8613,
600550.SH,保变电气,2020-07-03,4.98,5.02,4.94,4.98,24875580,1.621,7642343193.66,9170811830.4,194.2514,
600550.SH,保变电气,2020-07-06,5.02,5.2,5.01,5.18,44736963,2.9152,7949264607.06,9539117526.4,202.0527,
600550.SH,保变电气,2020-07-07,5.23,5.33,5.1,5.19,46957996,3.0599,7964610677.73,9557532811.2,202.4427,
600550.SH,保变电气,2020-07-08,5.23,5.56,5.15,5.47,62789575,4.0916,8394300656.49,10073160785.6,213.3645,
600550.SH,保变电气,2020-07-09,5.41,5.55,5.36,5.5,57528322,3.7487,8440338868.5,10128406640,214.5347,
600550.SH,保变电气,2020-07-10,5.45,5.49,5.28,5.29,41877812,2.7289,8118071384.43,9741685659.2,206.3434,
600550.SH,保变电气,2020-07-13,5.29,5.8,5.28,5.67,70900688,4.6201,8701222069.89,10441466481.6,221.1657,
600550.SH,保变电气,2020-07-14,5.67,5.9,5.59,5.77,59415352,3.8717,8854682776.59,10625619329.6,225.0664,
600550.SH,保变电气,2020-07-15,5.85,5.87,5.41,5.43,42438741,2.7654,8332916373.81,9999499646.4,211.8042,
600550.SH,保变电气,2020-07-16,5.43,5.53,5.14,5.2,30492922,1.987,7979956748.4,9575948096,202.8328,
600550.SH,保变电气,2020-07-17,5.19,5.26,5.06,5.14,22121862,1.4415,7887880324.38,9465456387.2,200.4924,
600550.SH,保变电气,2020-07-20,5.14,5.3,5.11,5.3,21268620,1.3859,8133417455.1,9760100944,206.7334,
600550.SH,保变电气,2020-07-21,5.28,5.83,5.25,5.83,101918002,6.6413,8946759200.61,10736111038.4,227.4068,
600550.SH,保变电气,2020-07-22,5.76,6.26,5.61,5.92,124751121,8.1292,9084873836.64,10901848601.6,230.9173,
600550.SH,保变电气,2020-07-23,5.74,6.15,5.64,5.94,82261026,5.3604,9115565977.98,10938679171.2,231.6974,
600550.SH,保变电气,2020-07-24,5.84,6.12,5.46,5.62,70216538,4.5755,8624491716.54,10349390057.6,219.2154,
600550.SH,保变电气,2020-07-27,5.69,5.9,5.6,5.75,43387343,2.8273,8823990635.25,10588788760,224.2863,
600550.SH,保变电气,2020-07-28,5.72,5.88,5.52,5.62,39739154,2.5895,8624491716.54,10349390057.6,219.2154,
600550.SH,保变电气,2020-07-29,5.56,5.68,5.39,5.67,37031602,2.4131,8701222069.89,10441466481.6,221.1657,
600550.SH,保变电气,2020-07-30,5.63,5.85,5.6,5.8,54153554,3.5288,8900720988.6,10680865184,226.2366,
600550.SH,保变电气,2020-07-31,5.73,5.83,5.65,5.7,39431013,2.5695,8747260281.9,10496712336,222.3359,
600550.SH,保变电气,2020-08-03,5.71,5.84,5.62,5.78,40812435,2.6595,8870028847.26,10644034614.4,225.4564,
600550.SH,保变电气,2020-08-04,5.73,5.78,5.53,5.54,45078152,2.9374,8501723151.18,10202067779.2,216.0949,
600550.SH,保变电气,2020-08-05,5.55,5.55,5.43,5.52,24843198,1.6189,8471031009.84,10165237209.6,215.3148,
600550.SH,保变电气,2020-08-06,5.54,5.54,5.35,5.47,26468155,1.7248,8394300656.49,10073160785.6,213.3645,
600550.SH,保变电气,2020-08-07,5.47,5.61,5.39,5.58,33402425,2.1766,8563107433.86,10275728918.4,217.6552,
600550.SH,保变电气,2020-08-10,5.58,5.8,5.52,5.76,45667168,2.9758,8839336705.92,10607204044.8,224.6763,
600550.SH,保变电气,2020-08-11,5.7,5.74,5.42,5.45,39512770,2.5748,8363608515.15,10036330216,212.5844,
600550.SH,保变电气,2020-08-12,5.39,5.52,5.19,5.28,28011080,1.8253,8102725313.76,9723270374.4,205.9533,
600550.SH,保变电气,2020-08-13,5.3,5.34,5.25,5.28,13734538,0.895,8102725313.76,9723270374.4,205.9533,
600550.SH,保变电气,2020-08-14,5.29,5.31,5.17,5.25,15407627,1.004,8056687101.75,9668024520,204.7831,
600550.SH,保变电气,2020-08-17,5.26,5.38,5.24,5.36,16673969,1.0865,8225493879.12,9870592652.8,209.0738,
600550.SH,保变电气,2020-08-18,5.37,5.65,5.33,5.55,32277464,2.1033,8517069221.85,10220483064,216.485,
600550.SH,保变电气,2020-08-19,5.5,5.67,5.44,5.52,28212217,1.8384,8471031009.84,10165237209.6,215.3148,
600550.SH,保变电气,2020-08-20,5.45,5.52,5.3,5.33,17464963,1.1381,8179455667.11,9815346798.4,207.9036,
600550.SH,保变电气,2020-08-21,5.4,5.43,5.29,5.32,10727593,0.699,8164109596.44,9796931513.6,207.5135,
600550.SH,保变电气,2020-08-24,5.35,5.4,5.32,5.33,9507086,0.6195,8179455667.11,9815346798.4,207.9036,
600550.SH,保变电气,2020-08-25,5.46,5.47,5.31,5.36,14072626,0.917,8225493879.12,9870592652.8,93.9914,
600550.SH,保变电气,2020-08-26,5.32,5.35,5.15,5.17,17059413,1.1116,7933918536.39,9520702241.6,90.6596,
600550.SH,保变电气,2020-08-27,5.19,5.22,5.1,5.19,10504990,0.6845,7964610677.73,9557532811.2,91.0104,
600550.SH,保变电气,2020-08-28,5.28,5.29,5.17,5.22,7459283,0.4861,8010648889.74,9612778665.6,91.5364,
600550.SH,保变电气,2020-08-31,5.21,5.29,5.18,5.19,9245231,0.6024,7964610677.73,9557532811.2,91.0104,
600550.SH,保变电气,2020-09-01,5.25,5.25,5.12,5.18,8907283,0.5804,7949264607.06,9539117526.4,90.835,
600550.SH,保变电气,2020-09-02,5.18,5.19,5.04,5.1,13731140,0.8948,7826496041.7,9391795248,89.4321,
600550.SH,保变电气,2020-09-03,5.08,5.18,5.06,5.1,9833357,0.6408,7826496041.7,9391795248,89.4321,
600550.SH,保变电气,2020-09-04,5.03,5.04,4.91,5.03,10851901,0.7071,7719073547.01,9262888254.4,88.2046,
600550.SH,保变电气,2020-09-07,5.05,5.12,5,5,10030664,0.6536,7673035335,9207642400,87.6786,
600550.SH,保变电气,2020-09-08,5.03,5.03,4.93,4.98,9767434,0.6365,7642343193.66,9170811830.4,87.3279,
600550.SH,保变电气,2020-09-09,4.94,4.94,4.82,4.85,14049530,0.9155,7442844274.95,8931413128,85.0482,
600550.SH,保变电气,2020-09-10,4.86,4.91,4.49,4.59,21624682,1.4091,7043846437.53,8452615723.2,80.4889,
600550.SH,保变电气,2020-09-11,4.54,4.73,4.44,4.66,11718149,0.7636,7151268932.22,8581522716.8,81.7164,
600550.SH,保变电气,2020-09-14,4.66,4.74,4.62,4.65,7765508,0.506,7135922861.55,8563107432,81.5411,
600550.SH,保变电气,2020-09-15,4.7,4.73,4.62,4.69,5402388,0.352,7197307144.23,8636768571.2,82.2425,
600550.SH,保变电气,2020-09-16,4.65,4.82,4.62,4.74,9509022,0.6196,7274037497.58,8728844995.2,83.1193,
600550.SH,保变电气,2020-09-17,4.72,4.72,4.61,4.65,7282879,0.4746,7135922861.55,8563107432,81.5411,
600550.SH,保变电气,2020-09-18,4.62,4.72,4.61,4.71,7197282,0.469,7227999285.57,8673599140.8,82.5932,
600550.SH,保变电气,2020-09-21,4.72,4.92,4.69,4.8,13327077,0.8684,7366113921.6,8839336704,84.1714,
600550.SH,保变电气,2020-09-22,4.75,4.84,4.7,4.73,7164322,0.4669,7258691426.91,8710429710.4,82.9439,
600550.SH,保变电气,2020-09-23,4.76,4.85,4.7,4.78,6376376,0.4155,7335421780.26,8802506134.4,83.8207,
600550.SH,保变电气,2020-09-24,4.73,4.75,4.6,4.6,7092531,0.4622,7059192508.2,8471031008,80.6643,
600550.SH,保变电气,2020-09-25,4.6,4.65,4.53,4.55,4414187,0.2876,6982462154.85,8378954584,79.7875,
600550.SH,保变电气,2020-09-28,4.55,4.58,4.49,4.49,3960700,0.2581,6890385730.83,8268462875.2,78.7354,
600550.SH,保变电气,2020-09-29,4.49,4.57,4.48,4.48,3750786,0.2444,6875039660.16,8250047590.4,78.56,
600550.SH,保变电气,2020-09-30,4.5,4.53,4.44,4.45,3611181,0.2353,6829001448.15,8194801736,78.0339,
600550.SH,保变电气,2020-10-09,4.7,4.72,4.55,4.62,7890160,0.5141,7089884649.54,8507861577.6,81.015,
600550.SH,保变电气,2020-10-12,4.67,5.08,4.66,5.08,22079157,1.4387,7795803900.36,9354964678.4,89.0814,
600550.SH,保变电气,2020-10-13,5.08,5.22,4.9,5.12,36540515,2.3811,7857188183.04,9428625817.6,89.7829,
600550.SH,保变电气,2020-10-14,5.1,5.12,4.97,5.03,19331396,1.2597,7719073547.01,9262888254.4,88.2046,
600550.SH,保变电气,2020-10-15,5.02,5.07,4.94,4.94,13145829,0.8566,7580958910.98,9097150691.2,86.6264,
600550.SH,保变电气,2020-10-16,4.98,4.98,4.83,4.88,9438091,0.615,7488882486.96,8986658982.4,85.5743,
600550.SH,保变电气,2020-10-19,4.91,4.97,4.85,4.93,9786395,0.6377,7565612840.31,9078735406.4,86.4511,
600550.SH,保变电气,2020-10-20,4.9,4.98,4.85,4.97,8761246,0.5709,7626997122.99,9152396545.6,87.1525,
600550.SH,保变电气,2020-10-21,4.96,4.96,4.8,4.81,8489466,0.5532,7381459992.27,8857751988.8,84.3468,
600550.SH,保变电气,2020-10-22,4.8,4.83,4.72,4.81,6594341,0.4297,7381459992.27,8857751988.8,84.3468,
600550.SH,保变电气,2020-10-23,4.8,4.96,4.75,4.89,10504018,0.6845,7504228557.63,9005074267.2,85.7496,
600550.SH,保变电气,2020-10-26,4.89,5.08,4.82,5,15978821,1.0412,7673035335,9207642400,87.6786,
600550.SH,保变电气,2020-10-27,4.92,4.98,4.85,4.86,9150944,0.5963,7458190345.62,8949828412.8,83.5992,
600550.SH,保变电气,2020-10-28,4.83,4.88,4.76,4.86,6650093,0.4333,7458190345.62,8949828412.8,83.5992,
600550.SH,保变电气,2020-10-29,4.77,4.82,4.75,4.78,5990404,0.3904,7335421780.26,8802506134.4,82.2231,
600550.SH,保变电气,2020-10-30,4.73,4.79,4.55,4.58,11080772,0.7221,7028500366.86,8434200438.4,78.7828,
600550.SH,保变电气,2020-11-02,4.58,4.63,4.52,4.54,5253884,0.3424,6967116084.18,8360539299.2,78.0947,
600550.SH,保变电气,2020-11-03,4.58,4.66,4.56,4.64,5221298,0.3402,7120576790.88,8544692147.2,79.8148,
600550.SH,保变电气,2020-11-04,4.62,4.69,4.59,4.61,5615942,0.366,7074538578.87,8489446292.8,79.2988,
600550.SH,保变电气,2020-11-05,4.59,4.71,4.59,4.68,6373122,0.4153,7181961073.56,8618353286.4,80.5029,
600550.SH,保变电气,2020-11-06,4.7,4.82,4.64,4.71,8274468,0.5392,7227999285.57,8673599140.8,81.019,
600550.SH,保变电气,2020-11-09,4.73,4.81,4.69,4.78,9801600,0.6387,7335421780.26,8802506134.4,82.2231,
600550.SH,保变电气,2020-11-10,4.77,4.77,4.65,4.66,7940971,0.5175,7151268932.22,8581522716.8,80.1589,
600550.SH,保变电气,2020-11-11,4.64,4.66,4.58,4.61,4806432,0.3132,7074538578.87,8489446292.8,79.2988,
600550.SH,保变电气,2020-11-12,4.65,4.66,4.58,4.61,3681376,0.2399,7074538578.87,8489446292.8,79.2988,
600550.SH,保变电气,2020-11-13,4.58,4.62,4.55,4.6,3524261,0.2297,7059192508.2,8471031008,79.1268,
600550.SH,保变电气,2020-11-16,4.62,4.76,4.59,4.69,7273361,0.474,7197307144.23,8636768571.2,80.6749,
600550.SH,保变电气,2020-11-17,4.68,4.74,4.63,4.68,5980876,0.3897,7181961073.56,8618353286.4,80.5029,
600550.SH,保变电气,2020-11-18,4.63,4.68,4.62,4.67,4664268,0.3039,7166615002.89,8599938001.6,80.3309,
600550.SH,保变电气,2020-11-19,4.64,4.69,4.62,4.68,5015891,0.3269,7181961073.56,8618353286.4,80.5029,
600550.SH,保变电气,2020-11-20,4.67,4.72,4.65,4.7,6024752,0.3926,7212653214.9,8655183856,80.8469,
600550.SH,保变电气,2020-11-23,4.7,4.74,4.64,4.72,7742253,0.5045,7243345356.24,8692014425.6,81.191,
600550.SH,保变电气,2020-11-24,4.68,4.85,4.67,4.76,12217013,0.7961,7304729638.92,8765675564.8,81.879,
600550.SH,保变电气,2020-11-25,4.77,4.88,4.73,4.81,16020414,1.0439,7381459992.27,8857751988.8,82.7391,
600550.SH,保变电气,2020-11-26,4.88,5.05,4.8,4.94,24915928,1.6236,7580958910.98,9097150691.2,84.9753,
600550.SH,保变电气,2020-11-27,4.93,4.93,4.75,4.83,16102056,1.0493,7412152133.61,8894582558.4,83.0831,
600550.SH,保变电气,2020-11-30,4.8,4.88,4.75,4.81,10102399,0.6583,7381459992.27,8857751988.8,82.7391,
600550.SH,保变电气,2020-12-01,4.78,4.81,4.73,4.78,8599807,0.5604,7335421780.26,8802506134.4,82.2231,
600550.SH,保变电气,2020-12-02,4.8,4.81,4.74,4.77,6427078,0.4188,7320075709.59,8784090849.6,82.051,
600550.SH,保变电气,2020-12-03,4.76,5.04,4.73,4.89,18884760,1.2306,7504228557.63,9005074267.2,84.1152,
600550.SH,保变电气,2020-12-04,4.82,4.93,4.78,4.81,10300615,0.6712,7381459992.27,8857751988.8,82.7391,
600550.SH,保变电气,2020-12-07,4.82,4.99,4.81,4.87,12332685,0.8036,7473536416.29,8968243697.6,83.7712,
600550.SH,保变电气,2020-12-08,4.85,4.89,4.81,4.88,6927071,0.4514,7488882486.96,8986658982.4,83.9432,
600550.SH,保变电气,2020-12-09,4.85,4.87,4.68,4.68,9482508,0.6179,7181961073.56,8618353286.4,80.5029,
600550.SH,保变电气,2020-12-10,4.64,4.85,4.61,4.7,8674343,0.5652,7212653214.9,8655183856,80.8469,
600550.SH,保变电气,2020-12-11,4.69,4.73,4.52,4.55,10865326,0.708,6982462154.85,8378954584,78.2667,
600550.SH,保变电气,2020-12-14,4.59,4.63,4.55,4.57,4636813,0.3021,7013154296.19,8415785153.6,78.6107,
600550.SH,保变电气,2020-12-15,4.59,4.66,4.58,4.64,5270991,0.3435,7120576790.88,8544692147.2,79.8148,
600550.SH,保变电气,2020-12-16,4.62,4.63,4.59,4.59,3873626,0.2524,7043846437.53,8452615723.2,78.9548,
600550.SH,保变电气,2020-12-17,4.57,4.63,4.46,4.61,7537289,0.4912,7074538578.87,8489446292.8,79.2988,
600550.SH,保变电气,2020-12-18,4.62,4.69,4.61,4.65,7638785,0.4978,7135922861.55,8563107432,79.9869,
600550.SH,保变电气,2020-12-21,4.64,4.75,4.61,4.7,6880648,0.4484,7212653214.9,8655183856,80.8469,
600550.SH,保变电气,2020-12-22,4.8,5.17,4.79,5.02,67196312,4.3787,7703727476.34,9244472969.6,86.3514,
600550.SH,保变电气,2020-12-23,4.89,5.21,4.74,5.18,69836409,4.5508,7949264607.06,9539117526.4,89.1036,
600550.SH,保变电气,2020-12-24,5.15,5.18,5.03,5.06,33813950,2.2034,7765111759.02,9318134108.8,87.0395,
600550.SH,保变电气,2020-12-25,4.96,5.51,4.96,5.29,51679567,3.3676,8118071384.43,9741685659.2,90.9958,
600550.SH,保变电气,2020-12-28,5.26,5.43,5.14,5.38,45275780,2.9503,8256186020.46,9907423222.4,92.5439,
600550.SH,保变电气,2020-12-29,5.25,5.32,5.02,5.09,30955945,2.0172,7811149971.03,9373379963.2,87.5555,
600550.SH,保变电气,2020-12-30,5.08,5.21,5.07,5.13,17762038,1.1574,7872534253.71,9447041102.4,88.2436,
600550.SH,保变电气,2020-12-31,5.18,5.18,5.05,5.1,19738935,1.2863,7826496041.7,9391795248,87.7275,
600550.SH,保变电气,2021-01-04,5.07,5.22,5.01,5.09,24687056,1.6087,7811149971.03,9373379963.2,87.5555,
600550.SH,保变电气,2021-01-05,5.04,5.07,4.9,4.92,28012102,1.8254,7550266769.64,9060320121.6,84.6313,
600550.SH,保变电气,2021-01-06,4.91,5.03,4.88,4.96,16205907,1.056,7611651052.32,9133981260.8,85.3193,
600550.SH,保变电气,2021-01-07,5.03,5.28,4.93,5.05,25234168,1.6443,7749765688.35,9299718824,86.8675,
600550.SH,保变电气,2021-01-08,4.97,5,4.64,4.76,24808452,1.6166,7304729638.92,8765675564.8,81.879,
600550.SH,保变电气,2021-01-11,4.7,4.73,4.5,4.53,18426132,1.2007,6951770013.51,8342124014.4,77.9227,
600550.SH,保变电气,2021-01-12,4.56,4.63,4.52,4.59,8458349,0.5512,7043846437.53,8452615723.2,78.9548,
600550.SH,保变电气,2021-01-13,4.53,4.73,4.51,4.65,14272394,0.93,7135922861.55,8563107432,79.9869,
600550.SH,保变电气,2021-01-14,4.69,4.69,4.56,4.6,7714163,0.5027,7059192508.2,8471031008,79.1268,
600550.SH,保变电气,2021-01-15,4.6,4.68,4.56,4.63,6799238,0.4431,7105230720.21,8526276862.4,79.6428,
600550.SH,保变电气,2021-01-18,4.64,4.72,4.62,4.68,8930611,0.5819,7181961073.56,8618353286.4,80.5029,
600550.SH,保变电气,2021-01-19,4.63,4.63,4.54,4.56,12419406,0.8093,6997808225.52,8397369868.8,78.4387,
600550.SH,保变电气,2021-01-20,4.55,4.58,4.52,4.54,7630983,0.4973,6967116084.18,8360539299.2,78.0947,
600550.SH,保变电气,2021-01-21,4.52,4.6,4.5,4.59,9641966,0.6283,7043846437.53,8452615723.2,78.9548,
600550.SH,保变电气,2021-01-22,4.58,5,4.52,4.69,20629295,1.3443,7197307144.23,8636768571.2,80.6749,
600550.SH,保变电气,2021-01-25,4.6,4.67,4.54,4.59,12787952,0.8333,7043846437.53,8452615723.2,78.9548,
600550.SH,保变电气,2021-01-26,4.56,4.56,4.31,4.31,17387844,1.133,6614156458.77,7936987748.8,74.1384,
600550.SH,保变电气,2021-01-27,4.32,4.4,4.25,4.32,7468400,0.4867,6629502529.44,7955403033.6,74.3104,
600550.SH,保变电气,2021-01-28,4.29,4.29,4.15,4.16,7741475,0.5045,6383965398.72,7660758476.8,71.5581,
600550.SH,保变电气,2021-01-29,4.16,4.21,4,4.06,8816028,0.5745,6230504692.02,7476605628.8,69.838,
600550.SH,保变电气,2021-02-01,4,4.09,3.98,4.04,5509208,0.359,6199812550.68,7439775059.2,69.494,
600550.SH,保变电气,2021-02-02,4.08,4.14,4.03,4.13,5238809,0.3414,6337927186.71,7605512622.4,71.0421,
600550.SH,保变电气,2021-02-03,4.13,4.13,4,4,5429673,0.3538,6138428268,7366113920,68.8059,
600550.SH,保变电气,2021-02-04,3.97,4,3.71,3.85,11301477,0.7364,5908237207.95,7089884648,66.2257,
600550.SH,保变电气,2021-02-05,3.84,3.89,3.8,3.81,3653336,0.2381,5846852925.27,7016223508.8,65.5376,
600550.SH,保变电气,2021-02-08,3.81,3.87,3.75,3.82,3884484,0.2531,5862198995.94,7034638793.6,65.7096,
600550.SH,保变电气,2021-02-09,3.82,3.91,3.82,3.89,4014932,0.2616,5969621490.63,7163545787.2,66.9137,
600550.SH,保变电气,2021-02-10,3.9,3.95,3.9,3.93,3159096,0.2059,6031005773.31,7237206926.4,67.6018,
600550.SH,保变电气,2021-02-18,3.94,4.05,3.94,4.05,5222987,0.3403,6215158621.35,7458190344,69.666,
600550.SH,保变电气,2021-02-19,4.07,4.16,4.03,4.16,5400116,0.3519,6383965398.72,7660758476.8,71.5581,
600550.SH,保变电气,2021-02-22,4.15,4.28,4.12,4.19,9370880,0.6106,6430003610.73,7716004331.2,72.0742,
600550.SH,保变电气,2021-02-23,4.16,4.2,4.07,4.08,7550670,0.492,6261196833.36,7513436198.4,70.182,
600550.SH,保变电气,2021-02-24,4.12,4.15,4.06,4.12,5858260,0.3817,6322581116.04,7587097337.6,70.8701,
600550.SH,保变电气,2021-02-25,4.13,4.16,4.09,4.11,4202536,0.2739,6307235045.37,7568682052.8,70.6981,
600550.SH,保变电气,2021-02-26,4.09,4.09,4,4.02,9236626,0.6019,6169120409.34,7402944489.6,69.1499,
600550.SH,保变电气,2021-03-01,4.02,4.14,4,4.14,6117707,0.3986,6353273257.38,7623927907.2,71.2141,
600550.SH,保变电气,2021-03-02,4.18,4.49,4.18,4.35,25031435,1.6311,6675540741.45,8010648888,74.8264,
600550.SH,保变电气,2021-03-03,4.31,4.43,4.23,4.38,17768694,1.1579,6721578953.46,8065894742.4,75.3425,
600550.SH,保变电气,2021-03-04,4.37,4.37,4.25,4.26,9311608,0.6068,6537426105.42,7844911324.8,73.2783,
600550.SH,保变电气,2021-03-05,4.26,4.42,4.22,4.35,12072108,0.7867,6675540741.45,8010648888,74.8264,
600550.SH,保变电气,2021-03-08,4.42,4.42,4.3,4.31,8145770,0.5308,6614156458.77,7936987748.8,74.1384,
600550.SH,保变电气,2021-03-09,4.29,4.4,4.11,4.27,10749353,0.7005,6552772176.09,7863326609.6,73.4503,
600550.SH,保变电气,2021-03-10,4.25,4.34,4.18,4.19,5891734,0.3839,6430003610.73,7716004331.2,72.0742,
600550.SH,保变电气,2021-03-11,4.16,4.26,4.16,4.25,5304965,0.3457,6522080034.75,7826496040,73.1063,
600550.SH,保变电气,2021-03-12,4.23,4.56,4.21,4.44,20180534,1.315,6813655377.48,8176386451.2,3.40282346638529E38,
