0	-0.016686084	0.025600481	0	0
-1	-0.003880385	0.008386343	0	0
0	0.001773561	0.009457903	1	1
0	-0.004299595	0.003391805	0	0
0	-0.010827154	0.006301723	0	0
-1	-0.021409847	0.008634844	0	0
-1	-0.007478625	0.007271921	0	0
0	0.020486175	0.021336142	1	1
0	-0.008268894	0.016378383	0	0
0	-0.001817779	0.01508828	0	0
-1	-0.011202792	0.004801095	0	0
0	0.004716426	0.008002039	1	1
0	-0.001485487	0.008024039	0	1
0	0.001810154	0.003102993	1	0
0	-0.020014704	0.011765185	0	1
0	0.003948837	0.013261157	1	0
0	0.030172686	0.025102177	1	1
0	-0.030790217	0.030580407	0	0
0	-0.006035693	0.030660259	0	0
-1	-0.021936857	0.012543361	0	0
0	0.010325862	0.016131907	1	1
0	-0.010345429	0.016342921	0	0
0	-0.008580436	0.011459098	0	0
-1	-0.002642774	0.004035301	0	0
-1	-0.009402057	0.003688243	0	0
-1	-0.001990552	0.004103732	0	0
0	0.036352023	0.024557821	1	1
0	0.006745414	0.020095694	1	1
0	-0.003312552	0.02061954	0	0
0	0.004962732	0.005366888	1	1
0	-0.028024522	0.01716256	0	0
0	-0.003522091	0.017129508	0	0
-1	-0.024215278	0.01318514	0	0
-1	-0.005018786	0.01153945	0	0
0	0.027429542	0.026104236	1	1
0	0.01892365	0.016825003	1	1
1	0.009986935	0.00872219	1	1
1	0.002198631	0.008369078	1	1
1	0.019394313	0.008610536	1	1
0	-0.005060871	0.012559511	0	0
0	0.000823653	0.012764228	1	1
0	0.016630028	0.01121728	1	1
1	0.000696473	0.009162749	1	1
1	0.007087418	0.00801856	1	1
0	-0.009950249	0.008606964	0	0
0	-0.00312106	0.008574506	0	1
0	0.008776593	0.009477047	1	0
0	-0.018919557	0.013893784	0	1
0	-0.001700258	0.01398419	0	0
0	0.020482375	0.019752999	1	1
0	-0.002007127	0.012896647	0	0
0	-0.02716528	0.023836279	0	0
-1	-0.003033572	0.01423801	0	0
-1	-0.020856342	0.012515279	0	0
0	0.001223863	0.01171404	1	1
0	-8.05E-05	0.012388662	0	0
0	-0.009760565	0.006000878	0	1
0	0.001900147	0.006239649	1	0
0	-0.007319655	0.00615	0	1
0	0.001303517	0.005159454	1	0
0	0.013698258	0.010565205	1	1
0	-0.033370774	0.024397506	0	0
0	0.024624036	0.030817377	1	1
0	-0.010179555	0.029190525	0	0
0	-0.014046009	0.021297934	0	0
-1	-0.002002863	0.006148782	0	0
0	0.004725117	0.009510155	1	1
0	-0.001277574	0.003692877	0	0
0	-0.008530693	0.006637727	0	0
-1	-0.010293753	0.004778557	0	0
-1	-0.022504833	0.00761025	0	0
-1	-0.010095255	0.007108065	0	0
-1	-0.023645661	0.00751568	0	0
0	0.021078354	0.0229334	1	1
0	-0.002393175	0.022371181	0	0
0	-0.00307833	0.013753348	0	0
-1	-0.015969239	0.007648034	0	0
0	0.000953354	0.008839346	1	1
0	0.007611026	0.012156807	1	0
0	-0.009944217	0.008862545	0	1
0	-0.013126686	0.011168164	0	0
0	0.001253774	0.007553374	1	1
0	0.00148618	0.008370459	1	1
1	0.01487436	0.007797625	1	1
0	-0.020032058	0.0176103	0	0
0	-0.009727026	0.01793451	0	0
0	0.00624234	0.013238569	1	1
0	0.034039116	0.022147824	1	1
1	0.033260575	0.015828518	1	1
0	-0.004797025	0.022200724	0	0
0	-0.000160124	0.02076385	0	0
-1	-0.016791091	0.008582419	0	0
-1	-0.020331366	0.010770342	0	0
0	0.049005606	0.039049871	1	1
0	-0.015610014	0.038740774	0	1
0	0.019057134	0.032336513	1	0
0	0.014479308	0.018833193	1	1
0	-0.017319665	0.019813307	0	0
0	0.001438603	0.015984927	1	1
0	-0.014312613	0.010074852	0	0
0	0.023569467	0.019030362	1	1
0	0.007983944	0.019039857	1	0
0	-0.00070628	0.012300003	0	1
0	-0.018516004	0.013508969	0	0
0	0.028597002	0.023789017	1	1
0	0.000391577	0.023708922	1	1
1	0.001735706	0.015910593	1	1
0	-0.000647295	0.001194755	0	0
0	-0.003898135	0.002828039	0	0
0	0.010903569	0.007779041	1	1
0	-0.005310616	0.008981326	0	0
0	0.000402197	0.008224099	1	1
0	0.001426832	0.003630411	1	1
1	0.008556663	0.004441841	1	1
1	0.013670511	0.006149439	1	1
1	0.003380199	0.005145187	1	1
1	0.01602296	0.006723887	1	1
1	0.003228828	0.007343389	1	1
1	0.002217145	0.007695387	1	1
0	-0.01063678	0.007729833	0	0
0	-0.000299908	0.006811875	0	0
0	0.017688496	0.014333846	1	1
0	-0.006429272	0.012535407	0	0
0	-0.015642018	0.017211743	0	0
-1	-0.006882738	0.005193029	0	0
0	0.012593113	0.014452545	1	1
0	0.010816491	0.010768224	1	0
0	-0.003715798	0.008947294	0	1
0	0.010047468	0.008177269	1	0
0	-0.028331972	0.019443786	0	1
0	-0.00750832	0.019212893	0	0
0	0.014685463	0.021512354	1	1
0	0.002473776	0.011115542	1	0
0	-0.017323128	0.016153393	0	1
0	0.001292345	0.011104421	1	0
0	-0.001561178	0.010025945	0	1
0	-0.011924528	0.006954943	0	0
0	0.000979263	0.006835699	1	1
0	-0.003247973	0.0065785	0	0
0	-0.028361221	0.015860899	0	0
-1	-0.012840923	0.012672671	0	0
0	0.004821703	0.016602984	1	1
0	0.023597703	0.018222147	1	1
1	0.002785704	0.011473322	1	1
0	-0.009794312	0.016864275	0	0
0	0.009875158	0.009961636	1	1
0	9.92E-05	0.009834793	1	1
1	0.019999683	0.009950743	1	1
1	0.003894275	0.010565788	1	1
0	-0.002484063	0.01158725	0	0
0	-0.012493978	0.008260916	0	0
0	0.022829559	0.018205906	1	1
0	-0.00148082	0.018074091	0	0
0	0.011856429	0.012174333	1	1
0	-0.007918259	0.010085973	0	0
0	-0.000448957	0.009985417	0	1
0	0.00810789	0.008019222	1	0
0	0.002094448	0.004394125	1	1
0	-0.002025468	0.005096079	0	0
0	0.021830353	0.012751339	1	1
0	0.002992372	0.012577417	1	1
1	0.009050648	0.009616766	1	1
1	0.000699589	0.004314699	1	1
0	-0.003186424	0.006252829	0	0
0	-0.019050467	0.0104629	0	0
-1	-0.000112888	0.010163221	0	0
-1	-0.007635829	0.009535202	0	0
-1	-0.008111736	0.004487069	0	0
0	0.00070349	0.004957804	1	1
0	-0.016321728	0.008514402	0	1
0	0.015260327	0.015807096	1	0
0	-0.015287267	0.017942741	0	1
0	0.00514767	0.015561748	1	0
0	0.015576505	0.015699892	1	1
0	-0.004057042	0.009823132	0	0
0	-0.008257957	0.012722719	0	0
-1	-0.008538644	0.002510353	0	0
0	0.016163383	0.014181389	1	1
0	0.013829555	0.013638018	1	0
0	-0.00324047	0.010593567	0	1
0	-0.003867901	0.010041409	0	0
0	0.000364736	0.002284236	1	1
0	-0.02809343	0.015355014	0	0
0	-7.42E-05	0.016305084	0	0
-1	-0.000562755	0.016037723	0	0
-1	-0.005951357	0.00326129	0	0
-1	-0.007021533	0.00346165	0	0
0	0.013445152	0.011519946	1	1
0	-0.007071185	0.011830805	0	1
0	0.015928005	0.012623044	1	0
0	-0.007835266	0.013504565	0	1
0	0.00297998	0.011897576	1	0
0	0.005124511	0.006946514	1	1
0	-0.008751709	0.007469728	0	0
0	-0.002348922	0.006944991	0	0
-1	-0.015834773	0.006745784	0	0
-1	-0.022159948	0.010118899	0	0
-1	-0.000651328	0.011054151	0	0
-1	-0.003144705	0.011764474	0	0
-1	-0.008773292	0.004160613	0	0
0	0.014791424	0.012306377	1	1
0	0.001474645	0.011815616	1	1
1	0.001411627	0.007706702	1	1
0	-0.001539259	0.001722175	0	0
0	-0.014016682	0.008189694	0	1
0	0.01738007	0.015808137	1	0
0	-0.022878659	0.021154416	0	1
0	-0.003861691	0.020139607	0	0
0	0.007836424	0.015502189	1	1
0	0.009733795	0.007363006	1	1
1	0.000592035	0.004824468	1	1
0	-0.020770169	0.015654644	0	0
0	0.006029845	0.014166594	1	1
0	5.80E-05	0.014069566	1	1
1	0.004133635	0.00305149	1	1
0	-0.010666909	0.007645156	0	0
0	-0.013771337	0.009568016	0	0
0	0.004464305	0.009756448	1	1
0	-0.006696156	0.009193772	0	0
0	-0.005334565	0.006088619	0	1
0	0.000690099	0.003930803	1	0
0	-0.005670233	0.003579177	0	1
0	-0.001228706	0.003262483	0	0
0	0.011029097	0.008649166	1	1
0	-0.010077799	0.010599223	0	0
0	0.008077503	0.011429698	1	1
0	0.013540153	0.012364352	1	1
1	0.001366527	0.006097471	1	1
1	0.000389305	0.007326856	1	1
1	0.009163947	0.00480883	1	1
0	-0.004955011	0.007128593	0	0
0	-0.019927076	0.014547596	0	0
0	0.00216418	0.011275853	1	1
0	-0.010776319	0.011099673	0	0
0	-0.005125192	0.00648751	0	0
-1	-0.002668483	0.004157477	0	0
-1	-0.005052994	0.001398006	0	0
0	0.005174234	0.005350861	1	1
0	-0.00782729	0.006847536	0	1
0	0.002879434	0.006939496	1	0
0	-0.011519416	0.007478777	0	1
0	-0.020864093	0.011961083	0	0
0	0.004582174	0.012871783	1	1
0	-0.010543198	0.012798504	0	0
0	-0.001553181	0.007607451	0	0
-1	-0.002939354	0.004840116	0	0
0	0.010658225	0.00748258	1	1
0	-0.010752254	0.010834699	0	1
0	-0.002054972	0.010767828	0	0
0	0.00815499	0.009463702	1	1
0	0.04480075	0.024639446	1	1
1	0.004095495	0.022421377	1	1
0	-0.006352426	0.027026914	0	0
0	0.003538231	0.00587785	1	0
0	-0.009314374	0.006730375	0	1
0	0.007431063	0.008763116	1	0
0	-0.024542871	0.015992963	0	1
0	-0.010390887	0.016022032	0	0
0	0.004921172	0.014735827	1	1
0	-0.022388525	0.013688328	0	0
0	0.001416244	0.014859178	1	1
0	0.007485016	0.015789899	1	0
0	-0.00242381	0.004996013	0	1
0	-0.011429089	0.009460649	0	0
0	0.030587352	0.022121683	1	1
0	0.018381504	0.021614175	1	0
0	-0.010056212	0.020854998	0	1
0	0.022074404	0.017581798	1	0
0	0.001706779	0.016256202	1	1
0	-0.009289538	0.0159136	0	0
0	0.00086861	0.006121131	1	1
0	-0.004196083	0.00507908	0	0
0	0.001437996	0.003101563	1	1
0	0.001148745	0.003172636	1	1
1	0.015333797	0.008107534	1	1
0	-0.001545324	0.009068061	0	0
0	0.003910018	0.008613634	1	1
0	-0.012602548	0.008413162	0	0
0	-0.001859797	0.008380158	0	0
-1	-0.007167061	0.005371503	0	0
-1	-0.018911157	0.008725821	0	0
-1	-0.005364983	0.007356064	0	0
0	0.001802446	0.010519223	1	1
0	0.00667	0.006054006	1	1
1	0.019096868	0.008918306	1	1
1	0.003868783	0.008105229	1	1
0	-0.002119847	0.01093852	0	0
0	-0.004200914	0.004189561	0	0
-1	-0.002050423	0.001222039	0	0
-1	-0.018404291	0.008886409	0	0
-1	-0.001999635	0.009456606	0	0
0	0.004877461	0.011961377	1	1
0	-0.017501166	0.011462946	0	0
0	0.00482273	0.012904536	1	1
0	-0.013265201	0.011856594	0	0
0	-0.007467109	0.009236082	0	0
-1	-0.001033418	0.006118643	0	0
-1	-0.004648297	0.003225043	0	0
0	0.013866819	0.009814054	1	1
0	-0.007904688	0.011743169	0	0
0	0.006948176	0.011124101	1	1
0	-0.007789554	0.008542263	0	0
0	-0.011472697	0.009747605	0	0
-1	-0.009987725	0.001853044	0	0
-1	-0.006331135	0.002646112	0	0
0	0.011334417	0.011402311	1	1
0	-0.014399484	0.013161837	0	0
0	0.010726225	0.014685054	1	1
0	0.035848499	0.025123991	1	0
0	-0.001938511	0.019232708	0	1
0	0.019586132	0.018954476	1	0
0	0.010811124	0.01082331	1	1
0	-0.005526078	0.012744463	0	0
0	0.004104494	0.008212094	1	1
0	-0.011081371	0.007683529	0	0
0	0.050489602	0.032075882	1	1
0	0.004597028	0.031997201	1	1
1	0.000599992	0.027722066	1	1
1	0.001262605	0.002142185	1	1
1	0.005782102	0.002820141	1	1
0	-0.005375668	0.005612313	0	0
0	0.003887015	0.005970545	1	1
0	0.028212429	0.01734783	1	1
1	0.003765725	0.014079428	1	1
0	-0.005301877	0.017335279	0	0
0	0.0145055	0.009915446	1	1
0	0.017298038	0.0123213	1	1
1	0.000578688	0.008956293	1	1
1	0.00458721	0.008728976	1	1
0	-0.004203487	0.004401019	0	0
0	0.00031679	0.00439594	1	0
0	0.001757629	0.003110301	1	1
0	-0.018707248	0.01142221	0	0
0	0.038055275	0.028746925	1	1
0	0.00703332	0.028422182	1	0
0	-0.007230744	0.023154009	0	1
0	-0.009440881	0.008941919	0	0
0	0.016719159	0.014507643	1	1
0	0.005956601	0.013148275	1	0
0	-0.005362136	0.011041815	0	1
0	0.004066387	0.006063329	1	0
0	-0.00947282	0.00694148	0	1
0	-0.004293856	0.006831611	0	0
0	0.031182072	0.022129104	1	1
0	0.009054022	0.017918138	1	1
1	0.004798439	0.014164843	1	1
0	-0.000680624	0.004880121	0	0
0	0.021005776	0.011276804	1	1
0	0.001716898	0.011889133	1	1
1	0.008606165	0.009774739	1	1
1	0.001500895	0.004041318	1	1
0	-0.005753213	0.007179818	0	0
0	0.004297304	0.005187403	1	0
0	-0.012360511	0.008388008	0	1
0	-0.0189445	0.01197924	0	0
0	0.006341204	0.013117862	1	1
0	-0.034074091	0.02041922	0	0
0	-0.005343702	0.02079811	0	1
0	0.003219595	0.019534518	1	0
0	-0.014341871	0.00878163	0	1
0	0.010546814	0.01279023	1	0
0	0.030312023	0.022375881	1	1
0	-0.001679553	0.016143154	0	0
0	-0.046132402	0.038391116	0	1
0	0.030282199	0.038377078	1	0
0	0.010442998	0.039651736	1	1
0	-0.011591578	0.020946478	0	0
0	-0.004791027	0.011283067	0	0
-1	-0.005585114	0.003718326	0	0
-1	-0.014176217	0.005204476	0	0
-1	-0.011007114	0.004344505	0	0
0	0.002682503	0.008959774	1	1
0	0.002209709	0.007770817	1	1
0	-0.014717289	0.00991211	0	0
0	0.009035001	0.012228922	1	1
0	0.033689755	0.024204924	1	1
1	0.001846623	0.016700872	1	1
1	0.001269603	0.018553455	1	1
0	-0.001989833	0.002068626	0	0
0	-0.014561249	0.008359429	0	0
0	0.00329314	0.009171782	1	1
0	-0.032602679	0.017947991	0	0
0	-0.001688473	0.01944657	0	0
-1	-0.000757491	0.018123056	0	0
-1	-0.00272743	0.000985462	0	0
-1	-0.001142218	0.001044156	0	0
-1	-0.004529806	0.001694954	0	0
0	0.006928771	0.005886646	1	1
0	-0.001654997	0.005961608	0	0
0	-0.002989567	0.00538262	0	0
-1	-0.006364311	0.002427194	0	0
-1	-0.010271678	0.0036443	0	0
0	0.009344145	0.010382707	1	1
0	-0.00045536	0.009807913	0	1
0	0.00259511	0.005014731	1	0
0	0.027985476	0.015614402	1	1
0	-0.001247124	0.01588489	0	0
0	-0.032086364	0.030039501	0	1
0	0.01882448	0.0256445	1	0
0	-0.011099624	0.025585834	0	1
0	-0.008335089	0.01653651	0	0
0	0.000952066	0.006313176	1	1
0	0.01766382	0.013174959	1	1
1	0.013265621	0.008662664	1	1
1	0.001567708	0.008319356	1	1
1	0.005083125	0.006002119	1	1
0	-0.005902942	0.005610443	0	0
0	0.005162612	0.006365878	1	0
0	-0.003963256	0.005908896	0	1
0	-0.014789965	0.009988364	0	0
0	0.00545052	0.010128459	1	1
0	0.018261379	0.016664267	1	1
1	0.015411073	0.006726254	1	1
1	0.006774561	0.005981368	1	1
1	0.002007963	0.006794031	1	1
1	0.001216131	0.003006759	1	1
0	-0.013437585	0.008697924	0	0
0	0.005567493	0.009957064	1	1
0	0.00090866	0.009905491	1	1
1	0.017221947	0.008402919	1	1
0	-0.000680694	0.009909204	0	0
0	-0.003118188	0.011106807	0	0
-1	-0.010587172	0.005161805	0	0
-1	-0.00146177	0.004861454	0	0
-1	-0.014197232	0.006563758	0	0
-1	-0.001999478	0.007202619	0	0
-1	-0.012766838	0.006667924	0	0
-1	-0.017283462	0.007852135	0	0
-1	-0.033902808	0.011130527	0	0
0	0.007012675	0.020577422	1	1
0	-0.005350116	0.020984803	0	0
0	0.006202576	0.006915677	1	1
0	-0.007433592	0.007345641	0	0
0	-0.033031069	0.019918395	0	0
-1	-0.001757507	0.016660755	0	0
-1	-0.063079585	0.030663078	0	0
-1	-0.002666716	0.035144793	0	0
0	0.001329996	0.036088508	1	1
0	-0.003486602	0.002576999	0	0
0	0.018465896	0.011537987	1	1
0	0.00576196	0.01102148	1	1
1	0.003912674	0.007922606	1	1
0	-0.00816839	0.007565565	0	0
0	0.008235662	0.008502287	1	1
0	0.002191739	0.008296126	1	0
0	-0.028394369	0.019637541	0	1
0	-0.000439079	0.016950562	0	0
0	0.028390832	0.028393723	1	1
0	0.046140634	0.02350847	1	0
0	-0.022057085	0.035381202	0	1
0	0.014032883	0.034118232	1	0
0	0.004572444	0.018713264	1	1
0	-0.015104515	0.014864222	0	0
0	-0.016431287	0.011762226	0	0
-1	-0.02442848	0.005044002	0	0
0	0.00534586	0.01540947	1	1
0	0.028907587	0.02672827	1	1
0	-0.007370303	0.018407159	0	0
0	-0.005099704	0.020321322	0	0
-1	-0.006109006	0.001137627	0	0
-1	-0.021600622	0.009249227	0	0
0	0.006167364	0.013914983	1	1
0	0.001657996	0.014901671	1	1
1	0.023866631	0.01173898	1	1
1	0.000846189	0.013062818	1	1
1	0.013825726	0.011541439	1	1
1	0.006719834	0.00649951	1	1
0	-0.005676567	0.009870021	0	0
0	-0.001683753	0.006327632	0	0
0	0.004053971	0.004891274	1	1
0	0.029212471	0.01643395	1	1
1	0.002669171	0.014941076	1	1
0	-0.00423472	0.017658449	0	0
0	-0.011706711	0.007189812	0	0
-1	-0.007512125	0.003745366	0	0
0	0.011843898	0.012562387	1	1
0	-0.008132348	0.011358483	0	0
0	-0.00167786	0.010194351	0	0
-1	-0.002018548	0.003632149	0	0
-1	-0.007378696	0.003197572	0	0
0	0.021290551	0.015242326	1	1
0	0.002252079	0.014589614	1	1
0	-0.005476573	0.013776032	0	0
0	-0.004188036	0.004140601	0	0
-1	-0.001897934	0.001812528	0	0
0	0.002778846	0.003550922	1	1
0	0.01472198	0.008570612	1	0
0	-0.001613931	0.008453766	0	1
0	-0.003811631	0.010125764	0	0
0	0.006849608	0.005629141	1	1
0	0.035130504	0.02012445	1	1
1	0.014045669	0.014697861	1	1
1	0.003232467	0.016222312	1	1
1	0.009895726	0.005455065	1	1
0	-0.007401913	0.008724462	0	0
0	-0.004222749	0.009207305	0	0
-1	-0.020606119	0.008687855	0	0
0	0.002138161	0.01173441	1	1
0	0.016353479	0.018643093	1	1
0	-0.011487326	0.013921443	0	0
0	-0.00608047	0.014762715	0	0
-1	-0.018357122	0.006152836	0	0
0	0.004416131	0.011398215	1	1
0	0.005874813	0.013588816	1	1
1	0.013602929	0.004937084	1	1
1	0.004820195	0.004795352	1	1
0	-0.009887593	0.011869148	0	0
0	0.016132086	0.013046721	1	0
0	0.001632564	0.013038238	1	1
0	-0.002030301	0.009604904	0	0
0	-0.018702989	0.010839202	0	0
-1	-0.003320434	0.009276008	0	0
0	0.005270726	0.012146124	1	1
0	0.018659962	0.011077135	1	1
0	-0.010290047	0.014488572	0	0
0	-0.011202466	0.016983816	0	0
-1	-0.007434391	0.001965777	0	0
-1	-0.013309672	0.002976509	0	0
-1	-0.001101935	0.006105295	0	0
0	0.002578246	0.008316635	1	1
0	0.014932232	0.008399	1	1
0	-0.014018866	0.01452728	0	0
0	0.004735184	0.014684801	1	1
0	-0.001891017	0.00951057	0	0
0	0.001394694	0.003313138	1	1
0	-0.012669007	0.007356955	0	0
0	-0.005532022	0.007032113	0	0
-1	-0.01392835	0.004528076	0	0
0	0.003440283	0.008685908	1	1
0	0.010410684	0.01253425	1	1
0	-0.02217094	0.017156551	0	0
0	0.007158715	0.017946059	1	1
0	0.020060751	0.021641807	1	1
1	0.0332535	0.013047662	1	1
0	-0.006892009	0.020462004	0	0
0	0.005260845	0.02058698	1	1
0	-0.006128214	0.006806687	0	0
0	-0.004991722	0.006273189	0	0
-1	-0.003890807	0.001118751	0	0
-1	-0.000506567	0.002337439	0	0
0	0.011334411	0.007994468	1	1
0	0.010374905	0.006576927	1	1
0	-0.00024185	0.00642451	0	0
0	-0.008261786	0.00934845	0	1
0	0.009918182	0.009110954	1	0
0	0.013247202	0.011577494	1	1
0	-0.002803882	0.008471231	0	0
0	-0.006445993	0.010477947	0	0
-1	-0.000579051	0.002961865	0	0
0	0.000999645	0.003923239	1	1
0	-0.016532699	0.009698748	0	0
0	-0.001135629	0.00956567	0	0
-1	-0.001402478	0.00881348	0	0
-1	-0.016088821	0.008557237	0	0
-1	-0.004873475	0.007675941	0	0
0	0.000360723	0.00840405	1	1
0	-0.010529308	0.005446375	0	1
0	-0.023267779	0.011826295	0	0
0	0.002835647	0.013052966	1	1
0	0.001597654	0.014726457	1	1
1	0.007368076	0.003037908	1	1
0	-0.017257311	0.012879034	0	0
0	0.016840813	0.017601252	1	1
0	-0.001745186	0.017072139	0	0
0	0.013294426	0.009867507	1	1
0	-0.003454891	0.009216404	0	0
0	-0.013436808	0.013507635	0	0
-1	-0.022760806	0.009654826	0	0
-1	-0.000285888	0.011291631	0	0
0	0.001747096	0.01360081	1	1
0	-0.00878269	0.005585771	0	0
0	-0.007816508	0.005820544	0	0
-1	-0.005066104	0.001928351	0	0
0	0.00873874	0.00887144	1	1
0	-0.001766952	0.007209111	0	1
0	0.001312847	0.005400596	1	0
0	-0.015077944	0.00871135	0	1
0	-0.005737919	0.008221997	0	0
0	0.009889242	0.012614837	1	1
0	0.025779346	0.015758816	1	0
0	-0.00530796	0.01554494	0	1
0	0.00617862	0.015719153	1	0
0	-0.013252111	0.009769036	0	1
0	0.001778043	0.010188424	1	0
0	0.003567793	0.009237765	1	1
0	-0.011370063	0.008156954	0	0
0	0.004554019	0.008922711	1	1
0	0.024881581	0.018170342	1	1
1	0.007951383	0.010888705	1	1
1	0.002489543	0.011675235	1	1
0	-0.005106383	0.006557884	0	0
0	0.00703209	0.006132908	1	0
0	0.007000409	0.006999023	1	1
0	-0.012635996	0.01134624	0	0
0	0.011487706	0.012830155	1	1
0	-0.009191479	0.013047646	0	0
0	-0.010120484	0.012216148	0	0
-1	-0.021984816	0.007133196	0	0
-1	-0.025558701	0.0080816	0	0
0	0.002548762	0.015300864	1	1
0	-0.004298769	0.014656642	0	1
0	0.011540729	0.007943906	1	0
0	0.00523183	0.007974169	1	1
0	-0.002784918	0.00717977	0	0
0	-0.009289145	0.007273604	0	1
0	0.004459376	0.006877579	1	0
0	-0.002424516	0.006874262	0	1
0	-0.032545334	0.019680787	0	0
0	0.005181644	0.019951784	1	1
0	0.002594064	0.021074462	1	1
1	0.012392805	0.005077921	1	1
0	-0.008171637	0.010286009	0	0
0	0.009515555	0.011135615	1	1
0	-0.002291138	0.009007543	0	0
0	-0.008072475	0.00896438	0	0
-1	-0.015984007	0.006873995	0	0
0	0.034418319	0.027106132	1	1
0	0.00822216	0.02520771	1	1
0	-0.000969424	0.018362173	0	0
0	-0.001559022	0.005484894	0	0
-1	-0.007065706	0.003362436	0	0
-1	-0.001734927	0.003129742	0	0
-1	-0.002630148	0.00285461	0	0
0	0.007832047	0.005799223	1	1
0	0.008141019	0.00613149	1	1
0	-0.007208595	0.008774271	0	0
0	0.009450303	0.009263223	1	1
0	0.023724874	0.015482042	1	1
1	0.000581052	0.011676639	1	1
1	0.015697171	0.011751436	1	1
0	-0.001358982	0.009337854	0	0
0	-0.000907221	0.009719587	0	0
-1	-0.017257263	0.009312029	0	0
0	0.001377015	0.01016348	1	1
0	-0.003462439	0.009669142	0	0
0	-0.000143833	0.002474754	0	0
-1	-0.016736496	0.008779998	0	0
0	0.004366213	0.011112915	1	1
0	-0.000969592	0.01097262	0	0
0	-0.001913727	0.003386243	0	0
-1	-0.010335681	0.005156619	0	0
-1	-0.015158015	0.006703176	0	0
0	0.01100718	0.013924739	1	1
0	8.80E-05	0.01314209	1	1
0	-0.001014518	0.006645359	0	0
0	0.0003988	0.000742704	1	1
0	-0.009275354	0.005225389	0	0
0	-0.000851534	0.005261707	0	0
-1	-0.000744556	0.004894669	0	0
0	0.02162228	0.012944491	1	1
0	-0.002385266	0.013412243	0	0
0	-0.001140309	0.013515717	0	0
-1	-0.013022643	0.006530615	0	0
0	0.000872169	0.007508948	1	1
0	-0.014357278	0.008433891	0	0
0	0.000297853	0.008631712	1	1
0	0.009518993	0.012040754	1	0
0	-0.00235965	0.006234232	0	1
0	0.00823138	0.006518308	1	0
0	0.003523536	0.005306373	1	1
0	-0.004035288	0.006188305	0	0
0	0.010278119	0.007160468	1	1
0	-0.00654113	0.009074139	0	0
0	0.000603203	0.008441294	1	1
0	-0.003032748	0.003572356	0	0
0	-0.010070142	0.005426254	0	1
0	0.01049209	0.010450291	1	0
0	-0.007383986	0.011177171	0	1
0	-0.000206116	0.008995624	0	0
0	0.012645951	0.010148036	1	1
0	-0.000231345	0.007427438	0	0
0	-0.003406193	0.008500743	0	1
0	0.01060179	0.007344613	1	0
0	0.007177517	0.007302558	1	1
0	-0.010123822	0.011110153	0	0
0	-0.004346283	0.008808275	0	0
-1	-0.015428841	0.005542958	0	0
0	0.004617027	0.010041587	1	1
0	-0.001226173	0.010309345	0	0
0	0.005018485	0.003495233	1	1
0	-0.005338443	0.005214922	0	0
0	0.007363936	0.006759161	1	1
0	0.000549072	0.006356829	1	1
1	0.006910792	0.003810494	1	1
0	-0.000258646	0.003926931	0	0
0	0.002915142	0.003592562	1	0
0	0.00429321	0.002334216	1	1
0	-0.000683427	0.002569555	0	0
0	-0.001106164	0.003002745	0	1
0	0.0019207	0.001639212	1	0
0	-0.014565667	0.008776108	0	1
0	-0.002727218	0.008500513	0	0
0	0.002408008	0.008704645	1	1
0	0.011056746	0.006966214	1	1
1	0.001482668	0.005280781	1	1
0	-0.001889673	0.006716216	0	0
0	-0.006356898	0.003932506	0	0
0	0.003277594	0.004821483	1	1
0	0.000998087	0.005035133	1	1
1	0.012186678	0.005912592	1	1
1	0.002339581	0.006109412	1	1
1	0.017831224	0.007840251	1	1
1	0.010473755	0.007749066	1	1
1	0.028069632	0.008837159	1	1
1	0.003214424	0.012780807	1	1
0	-0.004014807	0.016829807	0	0
0	0.012161877	0.008103536	1	1
0	-0.008871397	0.011012645	0	0
0	0.019842019	0.014865191	1	1
0	-0.002639311	0.015103583	0	0
0	-0.002587207	0.012964587	0	0
-1	-0.015131896	0.007227685	0	0
0	0.001576826	0.008697603	1	1
0	0.014679576	0.01494204	1	1
0	-0.003508994	0.009384133	0	0
0	0.000784879	0.009507226	1	1
0	-0.009729111	0.005286322	0	0
0	0.010569576	0.010151527	1	1
0	0.005896706	0.010630448	1	1
1	8.84E-05	0.005250809	1	1
0	-0.003634036	0.00480326	0	0
0	-0.005029288	0.002645583	0	1
0	0.004723393	0.005274279	1	0
0	-0.009512294	0.007278586	0	1
0	-0.008011576	0.007821832	0	0
0	0.001510269	0.005977939	1	1
0	-0.007011514	0.005232692	0	0
0	0.011686165	0.009361026	1	1
0	0.0072831	0.009775191	1	1
1	0.013221133	0.003082298	1	1
1	0.009377907	0.003011612	1	1
1	0.007215091	0.003041949	1	1
1	0.009496253	0.00128423	1	1
0	-0.001649478	0.005888005	0	0
0	-0.005230613	0.007680413	0	0
-1	-0.003691781	0.001796457	0	0
0	0.006152386	0.006175871	1	1
0	-0.000479831	0.005020135	0	1
0	-0.019867142	0.013520786	0	0
0	0.005257936	0.013165988	1	1
0	0.003052475	0.013913078	1	1
1	0.00687104	0.001916925	1	1
0	-0.019087007	0.01401522	0	0
0	0.00863417	0.015520913	1	0
0	0.017670643	0.019153965	1	1
0	-0.002002572	0.009847449	0	0
0	9.44E-05	0.010803993	1	1
0	0.004349253	0.003236429	1	1
1	0.001303211	0.002192548	1	1
1	0.011175076	0.005055096	1	1
1	0.001444492	0.005659181	1	1
0	-0.006112105	0.008666344	0	0
0	-0.00479976	0.004037637	0	0
-1	-0.003417585	0.001347411	0	0
0	0.00707524	0.006493913	1	1
0	-0.007902203	0.007686948	0	1
0	-0.001092293	0.00749897	0	0
0	0.005315903	0.00661007	1	1
0	-0.008685344	0.007008974	0	0
0	-0.006061503	0.007442724	0	0
-1	-0.00938544	0.001752295	0	0
-1	-0.002182859	0.003604849	0	0
-1	-0.009152093	0.004092714	0	0
0	0.020187181	0.015328524	1	1
0	0.014371134	0.015534701	1	1
1	0.007159233	0.006526425	1	1
1	0.01595833	0.004689613	1	1
1	0.001682394	0.007202109	1	1
1	0.000246761	0.008686357	1	1
0	-0.003867625	0.002880739	0	0
0	0.001046556	0.002636823	1	1
0	-0.001564202	0.002458692	0	0
0	0.025410147	0.014877366	1	1
0	-0.002775039	0.015934691	0	0
0	0.013956797	0.014174733	1	1
0	-0.005616115	0.010576112	0	0
0	0.00051943	0.010010883	1	1
0	-0.005420191	0.003487177	0	0
0	-0.010003506	0.005276016	0	0
-1	-0.001652619	0.004182078	0	0
-1	-4.73E-05	0.005345411	0	0
0	0.018272831	0.011069686	1	1
0	0.025469719	0.013156369	1	1
1	0.013701939	0.005932522	1	1
1	0.013948674	0.006724036	1	1
1	0.011557021	0.001315393	1	1
1	0.019724159	0.004198777	1	1
1	0.003912675	0.007907183	1	1
1	0.03692802	0.016512565	1	1
1	0.014914807	0.016810916	1	1
1	0.046098634	0.016026607	1	1
1	0.006616522	0.020817179	1	1
1	0.040958242	0.021465532	1	1
0	-0.044874081	0.04320074	0	0
0	0.036898397	0.048425902	1	1
0	-0.011963185	0.041144703	0	0
0	0.003210797	0.025008527	1	1
0	0.007515901	0.010232452	1	1
1	0.02678391	0.012553099	1	1
1	0.017315493	0.009634479	1	1
0	-0.004365292	0.015968616	0	0
0	0.01112994	0.011168555	1	1
0	0.003343019	0.007747649	1	0
0	-0.020492093	0.016475748	0	1
0	-0.028430759	0.016536364	0	0
0	0.032513102	0.033132882	1	1
0	0.033105276	0.03535814	1	1
1	0.002791772	0.017333093	1	1
1	0.00060484	0.018165762	1	1
1	0.022027158	0.011787695	1	1
1	0.030514672	0.015414018	1	1
0	-0.000131812	0.01582332	0	0
0	0.000749782	0.017444831	1	1
0	-0.023198373	0.013579136	0	0
0	-0.003523204	0.012772919	0	0
-1	-0.009343844	0.010107259	0	0
0	0.000130921	0.004778487	1	1
0	-0.003306735	0.004796446	0	1
0	0.029037066	0.017764685	1	0
0	0.008609591	0.016357475	1	1
0	-0.077022956	0.056271578	0	0
0	0.012237866	0.05051995	1	1
0	0.044952918	0.063134622	1	1
1	0.005274889	0.021186095	1	1
1	0.001154835	0.024185371	1	1
1	0.010151943	0.004503859	1	1
0	-0.009162997	0.009664993	0	0
0	-0.013877195	0.012732439	0	0
-1	-0.012344979	0.00240473	0	0
-1	-0.01361652	0.000819802	0	0
-1	-0.023419006	0.006059973	0	0
0	0.024892962	0.02553793	1	1
0	-0.010379787	0.024994114	0	0
0	-0.010235848	0.020323307	0	0
-1	-0.016195667	0.003400113	0	0
0	0.010113452	0.013794825	1	1
0	0.018237137	0.01799899	1	1
1	0.007977833	0.005413077	1	1
1	0.00254796	0.007967508	1	1
1	0.007830676	0.003093334	1	1
1	0.008545087	0.003275744	1	1
1	0.006526684	0.001023453	1	1
0	-0.012375366	0.01153998	0	0
0	0.02517298	0.018774318	1	1
0	0.001833833	0.018958267	1	1
1	0.007957255	0.012100917	1	1
0	-0.025926965	0.018056848	0	0
0	0.006533824	0.019165374	1	0
0	-0.009765437	0.016230443	0	1
0	-0.005096758	0.008393776	0	0
0	0.017027356	0.014312738	1	1
0	-0.004844887	0.012701279	0	0
0	0.001147528	0.011302456	1	1
0	0.019346602	0.012598568	1	1
1	0.006908184	0.009301484	1	1
1	0.02432788	0.00897193	1	1
1	0.013884129	0.008767189	1	1
1	0.023672387	0.005849667	1	1
0	-0.00164324	0.012765776	0	0
0	0.013758744	0.012756583	1	1
0	0.020420956	0.011316912	1	1
1	0.000249241	0.010277725	1	1
0	-0.008215351	0.014711591	0	0
0	0.002433757	0.005624721	1	1
0	0.005493671	0.007196108	1	1
1	0.029327492	0.014723491	1	1
0	-0.00904559	0.01937324	0	0
0	0.0179453	0.019708525	1	1
0	0.00021339	0.013715305	1	1
1	0.011093925	0.008941924	1	1
1	0.021460051	0.010624368	1	1
1	0.008394287	0.006897569	1	1
0	-0.00783556	0.014676256	0	0
0	0.019304856	0.01365681	1	1
0	0.017643322	0.015212584	1	1
1	0.003870104	0.008472444	1	1
0	-0.012994065	0.015344658	0	0
0	0.030370893	0.021860206	1	0
0	0.018298235	0.022381081	1	1
0	-0.016148333	0.02413971	0	0
0	0.02150414	0.020874836	1	1
0	0.026119468	0.02318612	1	1
1	0.000227857	0.013810364	1	1
0	-0.008068105	0.017832501	0	0
0	0.022317252	0.015705807	1	1
0	-0.013672131	0.019364532	0	0
0	0.006847524	0.018053644	1	1
0	-0.005119043	0.010307039	0	0
0	0.007968606	0.007254218	1	1
0	-0.039872675	0.024724784	0	0
0	-0.009465198	0.02421205	0	0
-1	-0.018281126	0.015644649	0	0
0	0.019755754	0.01990975	1	1
0	0.028986048	0.025053903	1	1
1	0.012128693	0.008441374	1	1
0	-0.006104368	0.017549702	0	0
0	-0.003742762	0.009915685	0	0
-1	-0.017722591	0.007483269	0	0
-1	-0.009167358	0.007048095	0	0
0	0.034114803	0.027789845	1	1
0	0.005009279	0.022066015	1	1
1	0.018099148	0.014577251	1	1
1	0.022797037	0.00921791	1	1
1	0.029923213	0.005953445	1	1
1	0.019496029	0.005329246	1	1
0	-0.00336416	0.017026272	0	0
0	-0.067050988	0.044849724	0	0
0	0.001410837	0.038222668	1	1
0	0.048617696	0.058158911	1	1
1	0.016880804	0.024066012	1	1
0	-0.003541352	0.026283268	0	0
0	0.007354785	0.010218735	1	1
0	0.009481957	0.006986383	1	1
1	0.023553928	0.008803006	1	1
0	-0.006778426	0.015179329	0	0
0	-0.001570299	0.016219346	0	0
-1	-0.000474656	0.00336805	0	0
0	0.005376334	0.003734752	1	1
0	-0.02135847	0.014054166	0	1
0	-0.029945395	0.018421498	0	0
0	0.014612563	0.023639875	1	1
0	-0.040530627	0.029263829	0	0
0	-0.059526828	0.038510337	0	1
0	0.032141124	0.04838225	1	0
0	0.019648607	0.049712215	1	1
0	-0.035574872	0.036035056	0	0
0	-0.078684463	0.04929074	0	0
-1	-0.033356472	0.025553816	0	0
0	0.067146998	0.074635101	1	1
0	-0.049179522	0.063091436	0	0
0	-0.034098123	0.063258573	0	0
-1	-0.05406037	0.010406429	0	0
0	0.028981554	0.043346469	1	1
0	-0.017641439	0.041625319	0	1
0	-0.067454175	0.048226656	0	0
0	0.064042435	0.066388908	1	1
0	0.05360437	0.073092958	1	1
1	0.025629724	0.019862319	1	1
0	-0.023662036	0.039120233	0	0
0	-0.035356201	0.032366943	0	0
0	0.007714104	0.022272056	1	1
0	0.03856045	0.037126404	1	1
1	0.002194388	0.019597852	1	1
1	0.001297887	0.02125948	1	1
0	-0.002124335	0.002279133	0	0
0	0.022527399	0.013354848	1	1
0	-0.017533129	0.020207197	0	0
0	-0.08561447	0.05467263	0	0
-1	-0.002000665	0.044473953	0	0
0	0.031300756	0.060234851	1	1
0	-0.029251625	0.030326529	0	0
0	0.000338103	0.030278784	1	1
0	0.003285561	0.017994943	1	1
1	0.031055771	0.016948192	1	1
0	-0.020581739	0.025843326	0	0
0	-0.009064108	0.027106866	0	0
0	0.019596279	0.020689557	1	1
0	0.045411499	0.027250184	1	0
0	-0.004331156	0.024877297	0	1
0	-0.012427859	0.031319002	0	0
0	0.014772928	0.013966659	1	1
0	-0.000471112	0.01363346	0	0
0	0.001062958	0.008393424	1	1
0	-0.061909772	0.035922664	0	0
0	0.015875423	0.041302765	1	1
0	-0.032085823	0.03924344	0	0
0	-0.04570312	0.03234612	0	0
-1	-0.087479176	0.028864895	0	0
-1	-0.071011409	0.021043351	0	0
-1	-0.005665592	0.043271865	0	0
0	0.059474037	0.06524275	1	1
0	0.042627993	0.033811317	1	1
1	0.007255504	0.026651383	1	1
0	-0.001324802	0.02329765	0	0
0	0.001115381	0.00442111	1	0
0	-0.034267922	0.019761839	0	1
0	0.025697664	0.030144481	1	0
0	0.019582966	0.032997927	1	1
0	-0.012281904	0.020392838	0	0
0	-0.003088552	0.016400637	0	0
-1	-0.019735958	0.008338832	0	0
-1	-0.039285246	0.018117724	0	0
0	0.049812355	0.046828633	1	1
0	-0.021832742	0.047215803	0	0
0	0.004408403	0.036247153	1	1
0	0.017525459	0.020040471	1	1
1	0.009304013	0.006628428	1	1
0	-0.022761101	0.021286814	0	0
0	0.006733006	0.017817052	1	1
0	-0.016149163	0.015476938	0	0
0	0.003341636	0.012348996	1	1
0	-0.019705497	0.01240772	0	0
0	0.007581358	0.014683994	1	1
0	0.029201205	0.024508011	1	1
1	0.013238363	0.011211838	1	1
1	0.03220543	0.010194666	1	1
0	-0.000768631	0.016549089	0	0
0	-0.011300304	0.022697113	0	0
0	0.023695653	0.017954267	1	1
0	0.013551029	0.018005643	1	1
1	3.11E-05	0.011872314	1	1
1	0.01231403	0.007474264	1	1
0	-0.029194734	0.021322907	0	0
0	0.01476427	0.024702818	1	1
0	0.013252831	0.024954873	1	1
1	0.005045866	0.005229501	1	1
1	0.001008564	0.006239339	1	1
0	-0.018915188	0.012828275	0	0
0	0.002380196	0.011918687	1	1
0	0.000217926	0.011720671	1	0
0	-0.016445581	0.010301762	0	1
0	-0.003012118	0.008837077	0	0
0	0.047049624	0.03346211	1	1
0	0.021339161	0.025033946	1	1
1	0.023583569	0.014240324	1	1
1	0.012384766	0.005924972	1	1
0	-0.001851394	0.012747672	0	0
0	0.000106959	0.007716302	1	0
0	-0.009998304	0.005359161	0	1
0	-0.012931716	0.006840179	0	0
0	0.004775455	0.009490458	1	1
0	-0.001524921	0.008975463	0	0
0	-0.011390516	0.008148244	0	1
0	0.015984046	0.013863985	1	0
0	-0.000156293	0.013760359	0	1
0	-0.005574425	0.011214829	0	0
0	0.000146536	0.003219142	1	1
0	0.00738434	0.006494162	1	0
0	-0.005865227	0.006634231	0	1
0	-0.053848589	0.032216522	0	0
0	0.002648307	0.030459762	1	1
0	0.007091165	0.033973744	1	1
1	0.036264165	0.018261201	1	1
1	0.007348299	0.016769304	1	1
0	-0.019126237	0.027704166	0	0
0	0.00272461	0.014140598	1	1
0	-0.01751541	0.012177251	0	0
0	0.003566086	0.011935912	1	1
0	-0.003536912	0.010725984	0	0
0	-0.004145644	0.004287461	0	1
0	0.028619258	0.018743571	1	0
0	-0.004561719	0.019038072	0	1
0	-0.002422592	0.01857036	0	0
0	0.019115764	0.013096436	1	1
0	0.003200307	0.011171538	1	1
1	0.026025038	0.011704758	1	1
1	0.00278326	0.01329989	1	1
0	-0.002669776	0.015238702	0	0
0	-0.009564502	0.006187893	0	0
0	0.00229801	0.005957283	1	1
0	-0.028807774	0.015698156	0	0
0	0.009185461	0.020242253	1	1
0	0.000879882	0.019974256	1	0
0	-0.009077919	0.009144138	0	1
0	-0.070203699	0.038488947	0	0
0	0.002799021	0.039172311	1	1
0	0.017543507	0.046986468	1	0
0	-0.06933423	0.046490764	0	1
0	0.020392304	0.051001156	1	0
0	-0.050307	0.047278039	0	1
0	0.00728594	0.037610095	1	0
0	-0.018605533	0.028845272	0	1
0	0.020815113	0.020030786	1	0
0	-0.031922324	0.027424325	0	1
0	0.00384772	0.02692157	1	0
0	0.029513883	0.030856268	1	1
0	-0.015125049	0.022402947	0	0
0	-0.02930651	0.030696327	0	1
0	0.010420757	0.020132717	1	0
0	0.004955901	0.021533049	1	1
0	-0.060206655	0.039294305	0	0
0	-0.003455183	0.035443934	0	0
-1	-0.02613681	0.028565539	0	0
0	0.032353807	0.029489807	1	1
0	-0.01528806	0.031114292	0	1
0	0.020778684	0.024848008	1	0
0	-0.004285237	0.018484553	0	1
0	0.012249715	0.012743286	1	0
0	-0.007025691	0.010427975	0	1
0	-0.005762891	0.010782624	0	0
0	0.030654527	0.021399462	1	1
0	0.008653162	0.018339897	1	0
0	-0.003140384	0.017152472	0	1
0	-0.000690965	0.006223612	0	0
0	0.022047523	0.013889259	1	1
0	-0.00946176	0.016262434	0	0
0	0.006535334	0.015755263	1	1
0	-0.061359361	0.035494031	0	0
0	0.010031692	0.040246318	1	1
0	-0.023934628	0.035709485	0	0
0	0.018495414	0.022456083	1	1
0	0.041164367	0.033045597	1	1
1	0.002323577	0.019510752	1	1
1	0.011597492	0.020284693	1	1
1	0.003539234	0.005040153	1	1
1	0.00091148	0.005568235	1	1
0	-0.011507013	0.008036517	0	0
0	-0.019128165	0.010115074	0	0
0	0.001702537	0.010539547	1	1
0	0.015707622	0.017528988	1	1
1	0.002965075	0.007747138	1	1
1	0.004959704	0.006854059	1	1
1	0.011058145	0.004216383	1	1
1	0.015287114	0.005191829	1	1
1	0.024426538	0.006832852	1	1
0	-0.007278177	0.016319264	0	0
0	0.003193016	0.016153933	1	0
0	-0.016760968	0.009981071	0	1
0	0.005019093	0.012082129	1	0
0	-0.008784109	0.011019148	0	1
0	-0.010827421	0.008619894	0	0
0	0.02579248	0.020578033	1	1
0	0.000562762	0.01874074	1	1
1	0.001180825	0.014391284	1	1
1	0.013222053	0.007137119	1	1
0	-0.002132033	0.008079956	0	0
0	-0.014808766	0.014036704	0	0
-1	-0.007341188	0.006371808	0	0
0	0.013927734	0.014910389	1	1
0	-0.003606699	0.011356127	0	1
0	0.013338719	0.009957832	1	0
0	0.00443064	0.008476437	1	1
0	-0.001105063	0.007287212	0	0
0	-0.013373225	0.009111617	0	1
0	0.003051	0.008539475	1	0
0	-0.017685205	0.010941805	0	1
0	-0.006422448	0.010380961	0	0
0	0.004524457	0.011105206	1	1
0	-0.004053671	0.005759487	0	0
0	0.005417406	0.005229451	1	1
0	-0.004164622	0.005500437	0	0
0	-0.001686713	0.004973661	0	0
-1	-0.001211803	0.001585597	0	0
0	0.017990021	0.011225785	1	1
0	-0.001269628	0.011102909	0	1
0	0.001389642	0.010436941	1	0
0	-0.026002514	0.015105835	0	1
0	-0.020678199	0.014523935	0	0
0	0.001138432	0.014381381	1	1
0	0.004463835	0.013657388	1	1
1	0.002377701	0.001680578	1	1
0	-0.004918871	0.004926579	0	0
0	0.00662452	0.005838454	1	1
0	-0.003001315	0.006185784	0	0
0	-0.005826275	0.006527625	0	0
-1	-0.001805713	0.002064573	0	0
0	0.005133061	0.005544044	1	1
0	0.002923768	0.003544845	1	0
0	-0.007663853	0.006840318	0	1
0	-0.001413388	0.005322545	0	0
0	0.001627861	0.004737324	1	1
0	-0.000558056	0.001568387	0	0
0	0.001374694	0.001195676	1	1
0	0.03353757	0.019151579	1	0
0	-0.002842666	0.019898736	0	1
0	0.002072424	0.019738858	1	0
0	0.007019039	0.004930861	1	1
0	-0.003304769	0.005163401	0	0
0	-0.000547378	0.005345324	0	0
-1	-0.004110732	0.001868612	0	0
-1	-0.030862929	0.016570105	0	0
0	0.003143813	0.017910737	1	1
0	0.013130775	0.023063839	1	1
0	-0.00696323	0.010047062	0	0
0	0.005070007	0.010112235	1	1
0	0.000742679	0.006095157	1	0
0	-0.002040049	0.003582882	0	1
0	0.008897989	0.005684677	1	0
0	-0.005309576	0.007440714	0	1
0	-0.012882861	0.011057539	0	0
0	0.014097414	0.013915945	1	1
0	0.005082454	0.01373534	1	1
1	0.004779365	0.005294454	1	1
1	0.00080282	0.002388166	1	1
1	8.88E-05	0.002527329	1	1
1	0.016010399	0.008993315	1	1
1	0.000836272	0.008984346	1	1
1	0.002936977	0.008221734	1	1
0	-0.002129445	0.002545489	0	0
0	-0.005504759	0.004249005	0	0
0	0.003461476	0.004528512	1	1
0	0.021805434	0.013920852	1	1
1	0.002960424	0.010738453	1	1
0	-0.001861176	0.012506603	0	0
0	-0.000146486	0.00244407	0	0
-1	-0.004352497	0.002114922	0	0
-1	-0.004227442	0.002393058	0	0
-1	-0.003269473	0.000592493	0	0
0	0.004605249	0.004846741	1	1
0	-0.008411939	0.006556211	0	0
0	0.001776656	0.0068466	1	1
0	0.011978124	0.010195032	1	0
0	-0.015705333	0.014000379	0	1
0	0.000901114	0.013933461	1	0
0	-0.005342829	0.008387912	0	1
0	-0.008464604	0.004768804	0	0
0	0.003852922	0.006403499	1	1
0	0.001398536	0.006519547	1	1
1	0.002436191	0.001232062	1	1
1	0.001193269	0.000666298	1	1
1	0.009069892	0.00423462	1	1
1	0.0070497	0.00409105	1	1
0	-0.004187929	0.007143007	0	0
0	-0.003077075	0.006192332	0	1
0	0.018825618	0.012978092	1	0
0	0.030110223	0.016874374	1	1
0	-0.004470416	0.017634569	0	0
0	-0.001539258	0.019175079	0	0
-1	-0.002537763	0.001490182	0	0
0	0.000157528	0.001362637	1	1
0	-0.008389252	0.004369438	0	0
0	0.001510434	0.00536783	1	1
0	-0.00358187	0.004950526	0	0
0	-0.006273537	0.003953202	0	0
-1	-0.000568153	0.002854207	0	0
0	0.000208643	0.00353962	1	1
0	0.001272757	0.000924184	1	1
1	0.004770546	0.002386693	1	1
0	-0.007876098	0.006530361	0	0
0	0.003795153	0.007036892	1	1
0	0.001680693	0.006218538	1	1
1	0.006913317	0.002632307	1	1
0	-0.00054149	0.003827371	0	0
0	-0.000377153	0.004257388	0	0
-1	-0.006443963	0.003456211	0	0
-1	-0.016708659	0.008255183	0	0
-1	-0.000695764	0.008111911	0	0
-1	-0.006625096	0.008095761	0	0
0	0.00753073	0.00710891	1	1
0	-0.001752924	0.007191566	0	0
0	0.002836618	0.004641925	1	1
0	0.007493939	0.004623473	1	0
0	-0.004694451	0.006150399	0	1
0	-0.016909518	0.012201731	0	0
0	0.00635659	0.011637906	1	1
0	-0.003042506	0.011704335	0	0
0	0.004178415	0.004919843	1	1
0	0.002740114	0.003822065	1	1
1	0.012476639	0.005255618	1	1
1	0.003852611	0.005329344	1	1
0	-0.001980911	0.00727352	0	0
0	0.000799998	0.002917815	1	0
0	0.000968919	0.001656476	1	1
0	-0.008460759	0.005396125	0	0
0	0.013255519	0.010889414	1	1
0	-0.001532519	0.011092665	0	0
0	0.000711649	0.007969431	1	1
0	0.002754173	0.002144136	1	1
1	0.011972089	0.005999158	1	1
0	-3.86E-05	0.006285251	0	0
0	-0.003756552	0.008220604	0	0
-1	-0.002712531	0.001917594	0	0
-1	-0.001664824	0.001045865	0	0
-1	-0.00115265	0.000795115	0	0
0	0.006824967	0.004760624	1	1
0	-0.007650973	0.007250556	0	1
0	0.009521952	0.009235222	1	0
0	-0.003245084	0.008919253	0	1
0	0.00072149	0.006534257	1	0
0	0.004328798	0.003788361	1	1
0	-0.005360236	0.004896894	0	0
0	0.011201742	0.008320796	1	1
0	0.007848145	0.008756018	1	1
1	0.003813041	0.003699585	1	1
0	-0.000110779	0.003979592	0	0
0	-8.16E-05	0.002257053	0	0
0	0.002026481	0.001225622	1	1
0	-0.005552096	0.003911626	0	0
0	0.006920344	0.006284193	1	1
0	0.007918956	0.007505867	1	1
1	0.001836603	0.003261816	1	1
1	0.004031968	0.003080133	1	1
1	0.009332882	0.003853862	1	1
1	0.003913327	0.003095301	1	1
1	0.008192177	0.002857194	1	1
0	-0.007306315	0.008004084	0	0
0	0.007642736	0.008793741	1	1
0	-0.010123309	0.00954849	0	0
0	-0.016871874	0.012663212	0	0
-1	-0.002957275	0.006958343	0	0
0	0.004798867	0.010980246	1	1
0	-0.00161404	0.004145025	0	0
0	0.006789351	0.004391363	1	1
0	-0.024192117	0.016022057	0	0
0	-0.001214368	0.016082536	0	0
-1	-0.007662171	0.011851795	0	0
-1	-0.011399991	0.005152546	0	0
0	0.001676431	0.006735152	1	1
0	-0.005095591	0.006539604	0	0
0	-0.005983815	0.004189841	0	1
0	0.008908874	0.008353704	1	0
0	-0.000859657	0.00756608	0	1
0	-0.008415101	0.008685515	0	0
0	0.004474543	0.006476642	1	1
0	-0.001808933	0.006445495	0	0
0	-0.004372224	0.004551883	0	0
-1	-0.001250799	0.001664595	0	0
0	0.003735869	0.004089648	1	1
0	0.009712756	0.005489225	1	1
1	0.007803173	0.003052667	1	1
0	-0.00015438	0.005233379	0	0
0	-0.005974244	0.006916294	0	0
0	0.004848148	0.005416338	1	1
0	-0.001673653	0.005449054	0	0
0	-0.007078049	0.005971817	0	0
-1	-0.005062228	0.002731101	0	0
0	0.000690254	0.004031152	1	1
0	-0.000138558	0.003109676	0	1
0	0.00208167	0.001121931	1	0
0	0.003911182	0.002028009	1	1
0	-0.003018533	0.003591196	0	0
0	0.007689327	0.005430679	1	1
0	0.002739285	0.005359006	1	1
1	0.000109985	0.003848432	1	1
1	0.003403231	0.001741623	1	1
1	0.003572381	0.001952018	1	1
0	-0.006927473	0.006013858	0	0
0	0.002591775	0.005799778	1	1
0	-0.002232295	0.004759769	0	0
0	0.005232226	0.003785118	1	1
0	0.003842414	0.003969734	1	1
1	0.00506435	0.000758605	1	1
1	0.006676451	0.001421488	1	1
0	-0.000139686	0.003562316	0	0
0	-0.004100937	0.005451351	0	0
0	0.005617075	0.004886573	1	1
0	-0.005664166	0.006112144	0	0
0	0.014599116	0.010153358	1	1
0	0.003292629	0.010154321	1	1
1	0.001992638	0.006933613	1	1
0	-0.004710926	0.004295048	0	0
0	0.000152592	0.003463556	1	1
0	-0.007953711	0.004080066	0	0
0	0.00191224	0.005262216	1	1
0	0.001630556	0.005616561	1	0
0	-0.006748708	0.004921101	0	1
0	-0.002107653	0.004197731	0	0
0	0.00543196	0.006147545	1	1
0	0.00217033	0.003781207	1	0
0	-0.001514204	0.003475227	0	1
0	-0.006318268	0.004256586	0	0
0	0.000277215	0.003410489	1	1
0	0.008813002	0.00758634	1	0
0	-0.000407738	0.005137296	0	1
0	0.002010594	0.004780919	1	0
0	0.005159312	0.002791499	1	1
0	-0.010254171	0.008143652	0	0
0	0.001102789	0.007989695	1	1
0	0.004852722	0.007866181	1	0
0	-0.004702353	0.004814235	0	1
0	0.003457921	0.005161314	1	0
0	0.007978093	0.006426712	1	1
0	-0.003312701	0.005682654	0	0
0	-0.002366275	0.006263435	0	0
-1	-0.001331485	0.000990936	0	0
-1	-0.008204456	0.003705691	0	0
0	0.005612845	0.006908681	1	1
0	0.013842392	0.011140817	1	1
1	0.00289875	0.005698758	1	1
1	0.000972241	0.006941608	1	1
0	-0.003503718	0.003284743	0	0
0	0.003477408	0.003536623	1	1
0	-0.002242981	0.003720404	0	0
0	0.00146106	0.002901391	1	1
0	-0.007984399	0.00475921	0	0
0	-0.001882344	0.0047894	0	0
-1	-0.004942267	0.003051032	0	0
-1	-0.004870936	0.00174642	0	0
0	0.004548045	0.005458759	1	1
0	0.001513311	0.004807727	1	1
0	-0.01024805	0.007815195	0	0
0	0.002831497	0.007201178	1	1
0	0.001223171	0.007132673	1	1
1	0.00044613	0.001216586	1	1
0	-0.0020214	0.001694095	0	0
0	-0.003830624	0.002146805	0	0
-1	-0.003924734	0.001072756	0	0
-1	-0.002561228	0.000761508	0	0
-1	-0.006414137	0.001953679	0	0
-1	-0.007017693	0.002417618	0	0
-1	-0.001869738	0.002814169	0	0
-1	-0.004424029	0.002574003	0	0
0	0.005676123	0.005251627	1	1
0	0.008559974	0.00681804	1	1
1	0.004080784	0.002270273	1	1
1	0.008665408	0.002617028	1	1
0	-0.005449231	0.007200266	0	0
0	-0.003475959	0.007643403	0	0
0	0.001688143	0.003685644	1	1
0	0.002170925	0.003130184	1	1
1	0.003797829	0.001105341	1	1
0	-7.91E-06	0.00190953	0	0
0	0.017958003	0.00946721	1	1
0	-0.001498598	0.010828632	0	0
0	0.00357714	0.010092338	1	1
0	0.001389596	0.002545916	1	0
0	-0.003210875	0.003464747	0	1
0	-0.005092087	0.003334554	0	0
0	0.006955755	0.006481381	1	1
0	0.011735353	0.008671388	1	1
1	0.007670567	0.002578049	1	1
1	0.004266159	0.00373946	1	1
0	-0.000497991	0.004103097	0	0
0	0.002204013	0.002389225	1	1
0	-0.013111444	0.008174791	0	0
0	-0.001840325	0.007936813	0	0
-1	-0.002842757	0.006238175	0	0
0	0.009919457	0.007096613	1	1
0	-0.002018001	0.007142096	0	0
0	0.011690701	0.007456191	1	1
0	0.000665421	0.007265054	1	1
1	0.009063369	0.005758837	1	1
1	0.01247868	0.00607924	1	1
1	0.001805653	0.005450571	1	1
0	-0.007768929	0.010128769	0	0
0	0.006215103	0.007149231	1	1
0	-0.000553365	0.006993207	0	0
0	-0.004350226	0.005351861	0	0
-1	-0.008453437	0.003951026	0	0
0	0.010965628	0.010234841	1	1
0	0.000113999	0.009731897	1	1
0	-0.001138604	0.006656317	0	0
0	-0.000613387	0.000629015	0	1
0	0.004686171	0.003222038	1	0
0	-0.003264948	0.004048382	0	1
0	0.007679217	0.005656167	1	0
0	0.004386723	0.005614911	1	1
0	-0.010676613	0.009786735	0	0
0	0.000988984	0.00790079	1	1
0	0.017061035	0.013927037	1	1
1	0.004862985	0.008387602	1	1
0	-0.005146023	0.011121497	0	0
0	0.003988363	0.005543498	1	0
0	-0.006387018	0.005666063	0	1
0	-0.003809753	0.005402182	0	0
0	0.001836865	0.004206322	1	1
0	0.002612121	0.003505371	1	1
1	0.004294	0.001256135	1	1
1	0.008697352	0.003142406	1	1
0	-0.002527674	0.005655764	0	0
0	-0.008781546	0.008856486	0	0
-1	-0.005431261	0.003129594	0	0
0	0.00518268	0.007290174	1	1
0	0.001453823	0.005384616	1	1
0	-0.000313192	0.002805689	0	0
0	-0.004053343	0.002811878	0	0
-1	-0.018453165	0.009577771	0	0
0	0.012977311	0.015733578	1	1
0	0.003078342	0.016070004	1	1
0	-0.001250898	0.007293534	0	0
0	0.005364508	0.003359873	1	1
0	0.000913074	0.003372972	1	1
1	0.004381403	0.002338485	1	1
1	0.00302163	0.001747584	1	1
1	0.001010154	0.00169609	1	1
0	-0.005708758	0.004571825	0	0
0	0.016362623	0.011313619	1	0
0	0.012371059	0.011761223	1	1
0	-0.002127222	0.00972974	0	0
0	-6.18E-05	0.007842648	0	0
-1	-0.003183814	0.001587922	0	0
0	0.002209653	0.002707887	1	1
0	0.003936261	0.003714076	1	1
1	0.002972241	0.00086526	1	1
0	-0.001969512	0.003168291	0	0
0	-0.005086077	0.004063463	0	0
-1	-0.001013559	0.002129641	0	0
-1	-9.00E-05	0.002658307	0	0
0	0.003212216	0.002221658	1	1
0	0.001217322	0.001662979	1	0
0	-0.003292219	0.003332247	0	1
0	0.000350161	0.002392866	1	0
0	0.003091982	0.003202669	1	1
0	-0.002869188	0.002983771	0	0
0	0.00269282	0.003332437	1	1
0	-0.001201764	0.002854354	0	0
0	-2.27E-05	0.001997169	0	0
-1	-0.005195493	0.002711014	0	0
0	0.000783201	0.003244273	1	1
0	0.000109506	0.003274692	1	1
1	0.000350309	0.000341381	1	1
1	0.00365273	0.001979832	1	1
1	0.011913537	0.005956162	1	1
1	0.0019721	0.005321304	1	1
1	0.003296542	0.005398131	1	1
1	0.0026307	0.000662225	1	1
1	0.002056784	0.000620447	1	1
0	-0.001926931	0.002482316	0	0
0	-9.64E-05	0.001994035	0	1
0	0.007946142	0.005252164	1	0
0	-0.003273978	0.005783178	0	1
0	-0.001118601	0.005954078	0	0
0	0.001004902	0.002139459	1	1
0	0.007275164	0.004364263	1	1
1	0.00443343	0.003139704	1	1
1	0.004180642	0.001718304	1	1
1	0.007109519	0.001622944	1	1
0	-0.003044729	0.005226424	0	0
0	-0.000749154	0.005325053	0	0
-1	-0.002519718	0.001202788	0	0
0	0.000128158	0.001348816	1	1
0	-0.001109895	0.001324866	0	1
0	0.007060815	0.004403692	1	0
0	0.0082959	0.005111342	1	1
0	-0.001539324	0.005357541	0	0
0	0.006890825	0.005319356	1	1
0	0.008835202	0.005514811	1	1
1	0.003930557	0.002469796	1	1
0	-0.006957798	0.00808322	0	0
0	-0.006264748	0.006096185	0	0
0	0.007693947	0.008266389	1	1
0	0.003858356	0.007211497	1	1
1	0.005577149	0.001921234	1	1
1	0.01782603	0.007616706	1	1
1	0.002338975	0.008168738	1	1
0	-0.029608049	0.024188335	0	0
0	0.000440425	0.017921717	1	1
0	-0.013219593	0.015044869	0	0
0	0.001450883	0.0081939	1	1
0	-0.000510525	0.007964404	0	0
0	-0.011755428	0.007126261	0	0
-1	-0.001987669	0.006110631	0	0
0	0.005182564	0.008502127	1	1
0	0.005303324	0.004175033	1	0
0	-0.0060268	0.00650687	0	1
0	-0.011146961	0.00841823	0	0
0	0.00813947	0.009990543	1	1
0	0.016516172	0.014185582	1	0
0	-0.0131425	0.015290129	0	1
0	0.008485125	0.015339973	1	0
0	-0.005911247	0.011009849	0	1
0	-0.011250396	0.010208271	0	0
0	0.001114233	0.00620145	1	1
0	0.012555669	0.011906016	1	0
0	-0.001199307	0.007364988	0	1
0	0.009269022	0.007183167	1	0
0	-0.003257275	0.006717257	0	1
0	-0.003220615	0.007221501	0	0
0	0.002989529	0.003596058	1	1
0	-0.015397315	0.009353377	0	0
0	0.006937725	0.011919999	1	1
0	0.002975319	0.011917133	1	1
1	0.014028364	0.005599816	1	1
1	0.005869573	0.005731672	1	1
1	0.004236861	0.005245715	1	1
1	0.002407133	0.001732154	1	1
1	0.005172817	0.001406706	1	1
1	0.007004106	0.00231426	1	1
1	0.004419715	0.001329152	1	1
0	-0.00052923	0.003828017	0	0
0	0.004616407	0.002915714	1	1
0	5.64E-05	0.002817037	1	1
1	0.007865519	0.003922853	1	1
0	-0.002431999	0.005372977	0	0

