0	-0.016686	0.0256	0
-1	-0.0038804	0.0083863	0
0	0.0017736	0.0094579	1
0	-0.0042996	0.0033918	0
0	-0.010827	0.0063017	0
-1	-0.02141	0.0086348	0
-1	-0.0074786	0.0072719	0
0	0.020486	0.021336	1
0	-0.0082689	0.016378	0
0	-0.0018178	0.015088	0
-1	-0.011203	0.0048011	0
0	0.0047164	0.008002	1
0	-0.0014855	0.008024	1
0	0.0018102	0.003103	0
0	-0.020015	0.011765	1
0	0.0039488	0.013261	0
0	0.030173	0.025102	1
0	-0.03079	0.03058	0
0	-0.0060357	0.03066	0
-1	-0.021937	0.012543	0
0	0.010326	0.016132	1
0	-0.010345	0.016343	0
0	-0.0085804	0.011459	0
-1	-0.0026428	0.0040353	0
-1	-0.0094021	0.0036882	0
-1	-0.0019906	0.0041037	0
0	0.036352	0.024558	1
0	0.0067454	0.020096	1
0	-0.0033126	0.02062	0
0	0.0049627	0.0053669	1
0	-0.028025	0.017163	0
0	-0.0035221	0.01713	0
-1	-0.024215	0.013185	0
-1	-0.0050188	0.011539	0
0	0.02743	0.026104	1
0	0.018924	0.016825	1
1	0.0099869	0.0087222	1
1	0.0021986	0.0083691	1
1	0.019394	0.0086105	1
0	-0.0050609	0.01256	0
0	0.00082365	0.012764	1
0	0.01663	0.011217	1
1	0.00069647	0.0091627	1
1	0.0070874	0.0080186	1
0	-0.0099502	0.008607	0
0	-0.0031211	0.0085745	1
0	0.0087766	0.009477	0
0	-0.01892	0.013894	1
0	-0.0017003	0.013984	0
0	0.020482	0.019753	1
0	-0.0020071	0.012897	0
0	-0.027165	0.023836	0
-1	-0.0030336	0.014238	0
-1	-0.020856	0.012515	0
0	0.0012239	0.011714	1
0	-8.05e-05	0.012389	0
0	-0.0097606	0.0060009	1
0	0.0019001	0.0062396	0
0	-0.0073197	0.00615	1
0	0.0013035	0.0051595	0
0	0.013698	0.010565	1
0	-0.033371	0.024398	0
0	0.024624	0.030817	1
0	-0.01018	0.029191	0
0	-0.014046	0.021298	0
-1	-0.0020029	0.0061488	0
0	0.0047251	0.0095102	1
0	-0.0012776	0.0036929	0
0	-0.0085307	0.0066377	0
-1	-0.010294	0.0047786	0
-1	-0.022505	0.0076102	0
-1	-0.010095	0.0071081	0
-1	-0.023646	0.0075157	0
0	0.021078	0.022933	1
0	-0.0023932	0.022371	0
0	-0.0030783	0.013753	0
-1	-0.015969	0.007648	0
0	0.00095335	0.0088393	1
0	0.007611	0.012157	0
0	-0.0099442	0.0088625	1
0	-0.013127	0.011168	0
0	0.0012538	0.0075534	1
0	0.0014862	0.0083705	1
1	0.014874	0.0077976	1
0	-0.020032	0.01761	0
0	-0.009727	0.017935	0
0	0.0062423	0.013239	1
0	0.034039	0.022148	1
1	0.033261	0.015829	1
0	-0.004797	0.022201	0
0	-0.00016012	0.020764	0
-1	-0.016791	0.0085824	0
-1	-0.020331	0.01077	0
0	0.049006	0.03905	1
0	-0.01561	0.038741	1
0	0.019057	0.032337	0
0	0.014479	0.018833	1
0	-0.01732	0.019813	0
0	0.0014386	0.015985	1
0	-0.014313	0.010075	0
0	0.023569	0.01903	1
0	0.0079839	0.01904	0
0	-0.00070628	0.0123	1
0	-0.018516	0.013509	0
0	0.028597	0.023789	1
0	0.00039158	0.023709	1
1	0.0017357	0.015911	1
0	-0.00064729	0.0011948	0
0	-0.0038981	0.002828	0
0	0.010904	0.007779	1
0	-0.0053106	0.0089813	0
0	0.0004022	0.0082241	1
0	0.0014268	0.0036304	1
1	0.0085567	0.0044418	1
1	0.013671	0.0061494	1
1	0.0033802	0.0051452	1
1	0.016023	0.0067239	1
1	0.0032288	0.0073434	1
1	0.0022171	0.0076954	1
0	-0.010637	0.0077298	0
0	-0.00029991	0.0068119	0
0	0.017688	0.014334	1
0	-0.0064293	0.012535	0
0	-0.015642	0.017212	0
-1	-0.0068827	0.005193	0
0	0.012593	0.014453	1
0	0.010816	0.010768	0
0	-0.0037158	0.0089473	1
0	0.010047	0.0081773	0
0	-0.028332	0.019444	1
0	-0.0075083	0.019213	0
0	0.014685	0.021512	1
0	0.0024738	0.011116	0
0	-0.017323	0.016153	1
0	0.0012923	0.011104	0
0	-0.0015612	0.010026	1
0	-0.011925	0.0069549	0
0	0.00097926	0.0068357	1
0	-0.003248	0.0065785	0
0	-0.028361	0.015861	0
-1	-0.012841	0.012673	0
0	0.0048217	0.016603	1
0	0.023598	0.018222	1
1	0.0027857	0.011473	1
0	-0.0097943	0.016864	0
0	0.0098752	0.0099616	1
0	9.92e-05	0.0098348	1
1	0.02	0.0099507	1
1	0.0038943	0.010566	1
0	-0.0024841	0.011587	0
0	-0.012494	0.0082609	0
0	0.02283	0.018206	1
0	-0.0014808	0.018074	0
0	0.011856	0.012174	1
0	-0.0079183	0.010086	0
0	-0.00044896	0.0099854	1
0	0.0081079	0.0080192	0
0	0.0020944	0.0043941	1
0	-0.0020255	0.0050961	0
0	0.02183	0.012751	1
0	0.0029924	0.012577	1
1	0.0090506	0.0096168	1
1	0.00069959	0.0043147	1
0	-0.0031864	0.0062528	0
0	-0.01905	0.010463	0
-1	-0.00011289	0.010163	0
-1	-0.0076358	0.0095352	0
-1	-0.0081117	0.0044871	0
0	0.00070349	0.0049578	1
0	-0.016322	0.0085144	1
0	0.01526	0.015807	0
0	-0.015287	0.017943	1
0	0.0051477	0.015562	0
0	0.015577	0.0157	1
0	-0.004057	0.0098231	0
0	-0.008258	0.012723	0
-1	-0.0085386	0.0025104	0
0	0.016163	0.014181	1
0	0.01383	0.013638	0
0	-0.0032405	0.010594	1
0	-0.0038679	0.010041	0
0	0.00036474	0.0022842	1
0	-0.028093	0.015355	0
0	-7.42e-05	0.016305	0
-1	-0.00056275	0.016038	0
-1	-0.0059514	0.0032613	0
-1	-0.0070215	0.0034617	0
0	0.013445	0.01152	1
0	-0.0070712	0.011831	1
0	0.015928	0.012623	0
0	-0.0078353	0.013505	1
0	0.00298	0.011898	0
0	0.0051245	0.0069465	1
0	-0.0087517	0.0074697	0
0	-0.0023489	0.006945	0
-1	-0.015835	0.0067458	0
-1	-0.02216	0.010119	0
-1	-0.00065133	0.011054	0
-1	-0.0031447	0.011764	0
-1	-0.0087733	0.0041606	0
0	0.014791	0.012306	1
0	0.0014746	0.011816	1
1	0.0014116	0.0077067	1
0	-0.0015393	0.0017222	0
0	-0.014017	0.0081897	1
0	0.01738	0.015808	0
0	-0.022879	0.021154	1
0	-0.0038617	0.02014	0
0	0.0078364	0.015502	1
0	0.0097338	0.007363	1
1	0.00059203	0.0048245	1
0	-0.02077	0.015655	0
0	0.0060298	0.014167	1
0	5.8e-05	0.01407	1
1	0.0041336	0.0030515	1
0	-0.010667	0.0076452	0
0	-0.013771	0.009568	0
0	0.0044643	0.0097564	1
0	-0.0066962	0.0091938	0
0	-0.0053346	0.0060886	1
0	0.0006901	0.0039308	0
0	-0.0056702	0.0035792	1
0	-0.0012287	0.0032625	0
0	0.011029	0.0086492	1
0	-0.010078	0.010599	0
0	0.0080775	0.01143	1
0	0.01354	0.012364	1
1	0.0013665	0.0060975	1
1	0.00038931	0.0073269	1
1	0.0091639	0.0048088	1
0	-0.004955	0.0071286	0
0	-0.019927	0.014548	0
0	0.0021642	0.011276	1
0	-0.010776	0.0111	0
0	-0.0051252	0.0064875	0
-1	-0.0026685	0.0041575	0
-1	-0.005053	0.001398	0
0	0.0051742	0.0053509	1
0	-0.0078273	0.0068475	1
0	0.0028794	0.0069395	0
0	-0.011519	0.0074788	1
0	-0.020864	0.011961	0
0	0.0045822	0.012872	1
0	-0.010543	0.012799	0
0	-0.0015532	0.0076075	0
-1	-0.0029394	0.0048401	0
0	0.010658	0.0074826	1
0	-0.010752	0.010835	1
0	-0.002055	0.010768	0
0	0.008155	0.0094637	1
0	0.044801	0.024639	1
1	0.0040955	0.022421	1
0	-0.0063524	0.027027	0
0	0.0035382	0.0058778	0
0	-0.0093144	0.0067304	1
0	0.0074311	0.0087631	0
0	-0.024543	0.015993	1
0	-0.010391	0.016022	0
0	0.0049212	0.014736	1
0	-0.022389	0.013688	0
0	0.0014162	0.014859	1
0	0.007485	0.01579	0
0	-0.0024238	0.004996	1
0	-0.011429	0.0094606	0
0	0.030587	0.022122	1
0	0.018382	0.021614	0
0	-0.010056	0.020855	1
0	0.022074	0.017582	0
0	0.0017068	0.016256	1
0	-0.0092895	0.015914	0
0	0.00086861	0.0061211	1
0	-0.0041961	0.0050791	0
0	0.001438	0.0031016	1
0	0.0011487	0.0031726	1
1	0.015334	0.0081075	1
0	-0.0015453	0.0090681	0
0	0.00391	0.0086136	1
0	-0.012603	0.0084132	0
0	-0.0018598	0.0083802	0
-1	-0.0071671	0.0053715	0
-1	-0.018911	0.0087258	0
-1	-0.005365	0.0073561	0
0	0.0018024	0.010519	1
0	0.00667	0.006054	1
1	0.019097	0.0089183	1
1	0.0038688	0.0081052	1
0	-0.0021198	0.010939	0
0	-0.0042009	0.0041896	0
-1	-0.0020504	0.001222	0
-1	-0.018404	0.0088864	0
-1	-0.0019996	0.0094566	0
0	0.0048775	0.011961	1
0	-0.017501	0.011463	0
0	0.0048227	0.012905	1
0	-0.013265	0.011857	0
0	-0.0074671	0.0092361	0
-1	-0.0010334	0.0061186	0
-1	-0.0046483	0.003225	0
0	0.013867	0.0098141	1
0	-0.0079047	0.011743	0
0	0.0069482	0.011124	1
0	-0.0077896	0.0085423	0
0	-0.011473	0.0097476	0
-1	-0.0099877	0.001853	0
-1	-0.0063311	0.0026461	0
0	0.011334	0.011402	1
0	-0.014399	0.013162	0
0	0.010726	0.014685	1
0	0.035848	0.025124	0
0	-0.0019385	0.019233	1
0	0.019586	0.018954	0
0	0.010811	0.010823	1
0	-0.0055261	0.012744	0
0	0.0041045	0.0082121	1
0	-0.011081	0.0076835	0
0	0.05049	0.032076	1
0	0.004597	0.031997	1
1	0.00059999	0.027722	1
1	0.0012626	0.0021422	1
1	0.0057821	0.0028201	1
0	-0.0053757	0.0056123	0
0	0.003887	0.0059705	1
0	0.028212	0.017348	1
1	0.0037657	0.014079	1
0	-0.0053019	0.017335	0
0	0.014505	0.0099154	1
0	0.017298	0.012321	1
1	0.00057869	0.0089563	1
1	0.0045872	0.008729	1
0	-0.0042035	0.004401	0
0	0.00031679	0.0043959	0
0	0.0017576	0.0031103	1
0	-0.018707	0.011422	0
0	0.038055	0.028747	1
0	0.0070333	0.028422	0
0	-0.0072307	0.023154	1
0	-0.0094409	0.0089419	0
0	0.016719	0.014508	1
0	0.0059566	0.013148	0
0	-0.0053621	0.011042	1
0	0.0040664	0.0060633	0
0	-0.0094728	0.0069415	1
0	-0.0042939	0.0068316	0
0	0.031182	0.022129	1
0	0.009054	0.017918	1
1	0.0047984	0.014165	1
0	-0.00068062	0.0048801	0
0	0.021006	0.011277	1
0	0.0017169	0.011889	1
1	0.0086062	0.0097747	1
1	0.0015009	0.0040413	1
0	-0.0057532	0.0071798	0
0	0.0042973	0.0051874	0
0	-0.012361	0.008388	1
0	-0.018944	0.011979	0
0	0.0063412	0.013118	1
0	-0.034074	0.020419	0
0	-0.0053437	0.020798	1
0	0.0032196	0.019535	0
0	-0.014342	0.0087816	1
0	0.010547	0.01279	0
0	0.030312	0.022376	1
0	-0.0016796	0.016143	0
0	-0.046132	0.038391	1
0	0.030282	0.038377	0
0	0.010443	0.039652	1
0	-0.011592	0.020946	0
0	-0.004791	0.011283	0
-1	-0.0055851	0.0037183	0
-1	-0.014176	0.0052045	0
-1	-0.011007	0.0043445	0
0	0.0026825	0.0089598	1
0	0.0022097	0.0077708	1
0	-0.014717	0.0099121	0
0	0.009035	0.012229	1
0	0.03369	0.024205	1
1	0.0018466	0.016701	1
1	0.0012696	0.018553	1
0	-0.0019898	0.0020686	0
0	-0.014561	0.0083594	0
0	0.0032931	0.0091718	1
0	-0.032603	0.017948	0
0	-0.0016885	0.019447	0
-1	-0.00075749	0.018123	0
-1	-0.0027274	0.00098546	0
-1	-0.0011422	0.0010442	0
-1	-0.0045298	0.001695	0
0	0.0069288	0.0058866	1
0	-0.001655	0.0059616	0
0	-0.0029896	0.0053826	0
-1	-0.0063643	0.0024272	0
-1	-0.010272	0.0036443	0
0	0.0093441	0.010383	1
0	-0.00045536	0.0098079	1
0	0.0025951	0.0050147	0
0	0.027985	0.015614	1
0	-0.0012471	0.015885	0
0	-0.032086	0.03004	1
0	0.018824	0.025645	0
0	-0.0111	0.025586	1
0	-0.0083351	0.016537	0
0	0.00095207	0.0063132	1
0	0.017664	0.013175	1
1	0.013266	0.0086627	1
1	0.0015677	0.0083194	1
1	0.0050831	0.0060021	1
0	-0.0059029	0.0056104	0
0	0.0051626	0.0063659	0
0	-0.0039633	0.0059089	1
0	-0.01479	0.0099884	0
0	0.0054505	0.010128	1
0	0.018261	0.016664	1
1	0.015411	0.0067263	1
1	0.0067746	0.0059814	1
1	0.002008	0.006794	1
1	0.0012161	0.0030068	1
0	-0.013438	0.0086979	0
0	0.0055675	0.0099571	1
0	0.00090866	0.0099055	1
1	0.017222	0.0084029	1
0	-0.00068069	0.0099092	0
0	-0.0031182	0.011107	0
-1	-0.010587	0.0051618	0
-1	-0.0014618	0.0048615	0
-1	-0.014197	0.0065638	0
-1	-0.0019995	0.0072026	0
-1	-0.012767	0.0066679	0
-1	-0.017283	0.0078521	0
-1	-0.033903	0.011131	0
0	0.0070127	0.020577	1
0	-0.0053501	0.020985	0
0	0.0062026	0.0069157	1
0	-0.0074336	0.0073456	0
0	-0.033031	0.019918	0
-1	-0.0017575	0.016661	0
-1	-0.06308	0.030663	0
-1	-0.0026667	0.035145	0
0	0.00133	0.036089	1
0	-0.0034866	0.002577	0
0	0.018466	0.011538	1
0	0.005762	0.011021	1
1	0.0039127	0.0079226	1
0	-0.0081684	0.0075656	0
0	0.0082357	0.0085023	1
0	0.0021917	0.0082961	0
0	-0.028394	0.019638	1
0	-0.00043908	0.016951	0
0	0.028391	0.028394	1
0	0.046141	0.023508	0
0	-0.022057	0.035381	1
0	0.014033	0.034118	0
0	0.0045724	0.018713	1
0	-0.015105	0.014864	0
0	-0.016431	0.011762	0
-1	-0.024428	0.005044	0
0	0.0053459	0.015409	1
0	0.028908	0.026728	1
0	-0.0073703	0.018407	0
0	-0.0050997	0.020321	0
-1	-0.006109	0.0011376	0
-1	-0.021601	0.0092492	0
0	0.0061674	0.013915	1
0	0.001658	0.014902	1
1	0.023867	0.011739	1
1	0.00084619	0.013063	1
1	0.013826	0.011541	1
1	0.0067198	0.0064995	1
0	-0.0056766	0.00987	0
0	-0.0016838	0.0063276	0
0	0.004054	0.0048913	1
0	0.029212	0.016434	1
1	0.0026692	0.014941	1
0	-0.0042347	0.017658	0
0	-0.011707	0.0071898	0
-1	-0.0075121	0.0037454	0
0	0.011844	0.012562	1
0	-0.0081323	0.011358	0
0	-0.0016779	0.010194	0
-1	-0.0020185	0.0036321	0
-1	-0.0073787	0.0031976	0
0	0.021291	0.015242	1
0	0.0022521	0.01459	1
0	-0.0054766	0.013776	0
0	-0.004188	0.0041406	0
-1	-0.0018979	0.0018125	0
0	0.0027788	0.0035509	1
0	0.014722	0.0085706	0
0	-0.0016139	0.0084538	1
0	-0.0038116	0.010126	0
0	0.0068496	0.0056291	1
0	0.035131	0.020124	1
1	0.014046	0.014698	1
1	0.0032325	0.016222	1
1	0.0098957	0.0054551	1
0	-0.0074019	0.0087245	0
0	-0.0042227	0.0092073	0
-1	-0.020606	0.0086879	0
0	0.0021382	0.011734	1
0	0.016353	0.018643	1
0	-0.011487	0.013921	0
0	-0.0060805	0.014763	0
-1	-0.018357	0.0061528	0
0	0.0044161	0.011398	1
0	0.0058748	0.013589	1
1	0.013603	0.0049371	1
1	0.0048202	0.0047954	1
0	-0.0098876	0.011869	0
0	0.016132	0.013047	0
0	0.0016326	0.013038	1
0	-0.0020303	0.0096049	0
0	-0.018703	0.010839	0
-1	-0.0033204	0.009276	0
0	0.0052707	0.012146	1
0	0.01866	0.011077	1
0	-0.01029	0.014489	0
0	-0.011202	0.016984	0
-1	-0.0074344	0.0019658	0
-1	-0.01331	0.0029765	0
-1	-0.0011019	0.0061053	0
0	0.0025782	0.0083166	1
0	0.014932	0.008399	1
0	-0.014019	0.014527	0
0	0.0047352	0.014685	1
0	-0.001891	0.0095106	0
0	0.0013947	0.0033131	1
0	-0.012669	0.007357	0
0	-0.005532	0.0070321	0
-1	-0.013928	0.0045281	0
0	0.0034403	0.0086859	1
0	0.010411	0.012534	1
0	-0.022171	0.017157	0
0	0.0071587	0.017946	1
0	0.020061	0.021642	1
1	0.033253	0.013048	1
0	-0.006892	0.020462	0
0	0.0052608	0.020587	1
0	-0.0061282	0.0068067	0
0	-0.0049917	0.0062732	0
-1	-0.0038908	0.0011188	0
-1	-0.00050657	0.0023374	0
0	0.011334	0.0079945	1
0	0.010375	0.0065769	1
0	-0.00024185	0.0064245	0
0	-0.0082618	0.0093484	1
0	0.0099182	0.009111	0
0	0.013247	0.011577	1
0	-0.0028039	0.0084712	0
0	-0.006446	0.010478	0
-1	-0.00057905	0.0029619	0
0	0.00099964	0.0039232	1
0	-0.016533	0.0096987	0
0	-0.0011356	0.0095657	0
-1	-0.0014025	0.0088135	0
-1	-0.016089	0.0085572	0
-1	-0.0048735	0.0076759	0
0	0.00036072	0.008404	1
0	-0.010529	0.0054464	1
0	-0.023268	0.011826	0
0	0.0028356	0.013053	1
0	0.0015977	0.014726	1
1	0.0073681	0.0030379	1
0	-0.017257	0.012879	0
0	0.016841	0.017601	1
0	-0.0017452	0.017072	0
0	0.013294	0.0098675	1
0	-0.0034549	0.0092164	0
0	-0.013437	0.013508	0
-1	-0.022761	0.0096548	0
-1	-0.00028589	0.011292	0
0	0.0017471	0.013601	1
0	-0.0087827	0.0055858	0
0	-0.0078165	0.0058205	0
-1	-0.0050661	0.0019284	0
0	0.0087387	0.0088714	1
0	-0.001767	0.0072091	1
0	0.0013128	0.0054006	0
0	-0.015078	0.0087113	1
0	-0.0057379	0.008222	0
0	0.0098892	0.012615	1
0	0.025779	0.015759	0
0	-0.005308	0.015545	1
0	0.0061786	0.015719	0
0	-0.013252	0.009769	1
0	0.001778	0.010188	0
0	0.0035678	0.0092378	1
0	-0.01137	0.008157	0
0	0.004554	0.0089227	1
0	0.024882	0.01817	1
1	0.0079514	0.010889	1
1	0.0024895	0.011675	1
0	-0.0051064	0.0065579	0
0	0.0070321	0.0061329	0
0	0.0070004	0.006999	1
0	-0.012636	0.011346	0
0	0.011488	0.01283	1
0	-0.0091915	0.013048	0
0	-0.01012	0.012216	0
-1	-0.021985	0.0071332	0
-1	-0.025559	0.0080816	0
0	0.0025488	0.015301	1
0	-0.0042988	0.014657	1
0	0.011541	0.0079439	0
0	0.0052318	0.0079742	1
0	-0.0027849	0.0071798	0
0	-0.0092891	0.0072736	1
0	0.0044594	0.0068776	0
0	-0.0024245	0.0068743	1
0	-0.032545	0.019681	0
0	0.0051816	0.019952	1
0	0.0025941	0.021074	1
1	0.012393	0.0050779	1
0	-0.0081716	0.010286	0
0	0.0095156	0.011136	1
0	-0.0022911	0.0090075	0
0	-0.0080725	0.0089644	0
-1	-0.015984	0.006874	0
0	0.034418	0.027106	1
0	0.0082222	0.025208	1
0	-0.00096942	0.018362	0
0	-0.001559	0.0054849	0
-1	-0.0070657	0.0033624	0
-1	-0.0017349	0.0031297	0
-1	-0.0026301	0.0028546	0
0	0.007832	0.0057992	1
0	0.008141	0.0061315	1
0	-0.0072086	0.0087743	0
0	0.0094503	0.0092632	1
0	0.023725	0.015482	1
1	0.00058105	0.011677	1
1	0.015697	0.011751	1
0	-0.001359	0.0093379	0
0	-0.00090722	0.0097196	0
-1	-0.017257	0.009312	0
0	0.001377	0.010163	1
0	-0.0034624	0.0096691	0
0	-0.00014383	0.0024748	0
-1	-0.016736	0.00878	0
0	0.0043662	0.011113	1
0	-0.00096959	0.010973	0
0	-0.0019137	0.0033862	0
-1	-0.010336	0.0051566	0
-1	-0.015158	0.0067032	0
0	0.011007	0.013925	1
0	8.8e-05	0.013142	1
0	-0.0010145	0.0066454	0
0	0.0003988	0.0007427	1
0	-0.0092754	0.0052254	0
0	-0.00085153	0.0052617	0
-1	-0.00074456	0.0048947	0
0	0.021622	0.012944	1
0	-0.0023853	0.013412	0
0	-0.0011403	0.013516	0
-1	-0.013023	0.0065306	0
0	0.00087217	0.0075089	1
0	-0.014357	0.0084339	0
0	0.00029785	0.0086317	1
0	0.009519	0.012041	0
0	-0.0023597	0.0062342	1
0	0.0082314	0.0065183	0
0	0.0035235	0.0053064	1
0	-0.0040353	0.0061883	0
0	0.010278	0.0071605	1
0	-0.0065411	0.0090741	0
0	0.0006032	0.0084413	1
0	-0.0030327	0.0035724	0
0	-0.01007	0.0054263	1
0	0.010492	0.01045	0
0	-0.007384	0.011177	1
0	-0.00020612	0.0089956	0
0	0.012646	0.010148	1
0	-0.00023134	0.0074274	0
0	-0.0034062	0.0085007	1
0	0.010602	0.0073446	0
0	0.0071775	0.0073026	1
0	-0.010124	0.01111	0
0	-0.0043463	0.0088083	0
-1	-0.015429	0.005543	0
0	0.004617	0.010042	1
0	-0.0012262	0.010309	0
0	0.0050185	0.0034952	1
0	-0.0053384	0.0052149	0
0	0.0073639	0.0067592	1
0	0.00054907	0.0063568	1
1	0.0069108	0.0038105	1
0	-0.00025865	0.0039269	0
0	0.0029151	0.0035926	0
0	0.0042932	0.0023342	1
0	-0.00068343	0.0025696	0
0	-0.0011062	0.0030027	1
0	0.0019207	0.0016392	0
0	-0.014566	0.0087761	1
0	-0.0027272	0.0085005	0
0	0.002408	0.0087046	1
0	0.011057	0.0069662	1
1	0.0014827	0.0052808	1
0	-0.0018897	0.0067162	0
0	-0.0063569	0.0039325	0
0	0.0032776	0.0048215	1
0	0.00099809	0.0050351	1
1	0.012187	0.0059126	1
1	0.0023396	0.0061094	1
1	0.017831	0.0078403	1
1	0.010474	0.0077491	1
1	0.02807	0.0088372	1
1	0.0032144	0.012781	1
0	-0.0040148	0.01683	0
0	0.012162	0.0081035	1
0	-0.0088714	0.011013	0
0	0.019842	0.014865	1
0	-0.0026393	0.015104	0
0	-0.0025872	0.012965	0
-1	-0.015132	0.0072277	0
0	0.0015768	0.0086976	1
0	0.01468	0.014942	1
0	-0.003509	0.0093841	0
0	0.00078488	0.0095072	1
0	-0.0097291	0.0052863	0
0	0.01057	0.010152	1
0	0.0058967	0.01063	1
1	8.84e-05	0.0052508	1
0	-0.003634	0.0048033	0
0	-0.0050293	0.0026456	1
0	0.0047234	0.0052743	0
0	-0.0095123	0.0072786	1
0	-0.0080116	0.0078218	0
0	0.0015103	0.0059779	1
0	-0.0070115	0.0052327	0
0	0.011686	0.009361	1
0	0.0072831	0.0097752	1
1	0.013221	0.0030823	1
1	0.0093779	0.0030116	1
1	0.0072151	0.0030419	1
1	0.0094963	0.0012842	1
0	-0.0016495	0.005888	0
0	-0.0052306	0.0076804	0
-1	-0.0036918	0.0017965	0
0	0.0061524	0.0061759	1
0	-0.00047983	0.0050201	1
0	-0.019867	0.013521	0
0	0.0052579	0.013166	1
0	0.0030525	0.013913	1
1	0.006871	0.0019169	1
0	-0.019087	0.014015	0
0	0.0086342	0.015521	0
0	0.017671	0.019154	1
0	-0.0020026	0.0098474	0
0	9.44e-05	0.010804	1
0	0.0043493	0.0032364	1
1	0.0013032	0.0021925	1
1	0.011175	0.0050551	1
1	0.0014445	0.0056592	1
0	-0.0061121	0.0086663	0
0	-0.0047998	0.0040376	0
-1	-0.0034176	0.0013474	0
0	0.0070752	0.0064939	1
0	-0.0079022	0.0076869	1
0	-0.0010923	0.007499	0
0	0.0053159	0.0066101	1
0	-0.0086853	0.007009	0
0	-0.0060615	0.0074427	0
-1	-0.0093854	0.0017523	0
-1	-0.0021829	0.0036048	0
-1	-0.0091521	0.0040927	0
0	0.020187	0.015329	1
0	0.014371	0.015535	1
1	0.0071592	0.0065264	1
1	0.015958	0.0046896	1
1	0.0016824	0.0072021	1
1	0.00024676	0.0086864	1
0	-0.0038676	0.0028807	0
0	0.0010466	0.0026368	1
0	-0.0015642	0.0024587	0
0	0.02541	0.014877	1
0	-0.002775	0.015935	0
0	0.013957	0.014175	1
0	-0.0056161	0.010576	0
0	0.00051943	0.010011	1
0	-0.0054202	0.0034872	0
0	-0.010004	0.005276	0
-1	-0.0016526	0.0041821	0
-1	-4.73e-05	0.0053454	0
0	0.018273	0.01107	1
0	0.02547	0.013156	1
1	0.013702	0.0059325	1
1	0.013949	0.006724	1
1	0.011557	0.0013154	1
1	0.019724	0.0041988	1
1	0.0039127	0.0079072	1
1	0.036928	0.016513	1
1	0.014915	0.016811	1
1	0.046099	0.016027	1
1	0.0066165	0.020817	1
1	0.040958	0.021466	1
0	-0.044874	0.043201	0
0	0.036898	0.048426	1
0	-0.011963	0.041145	0
0	0.0032108	0.025009	1
0	0.0075159	0.010232	1
1	0.026784	0.012553	1
1	0.017315	0.0096345	1
0	-0.0043653	0.015969	0
0	0.01113	0.011169	1
0	0.003343	0.0077476	0
0	-0.020492	0.016476	1
0	-0.028431	0.016536	0
0	0.032513	0.033133	1
0	0.033105	0.035358	1
1	0.0027918	0.017333	1
1	0.00060484	0.018166	1
1	0.022027	0.011788	1
1	0.030515	0.015414	1
0	-0.00013181	0.015823	0
0	0.00074978	0.017445	1
0	-0.023198	0.013579	0
0	-0.0035232	0.012773	0
-1	-0.0093438	0.010107	0
0	0.00013092	0.0047785	1
0	-0.0033067	0.0047964	1
0	0.029037	0.017765	0
0	0.0086096	0.016357	1
0	-0.077023	0.056272	0
0	0.012238	0.05052	1
0	0.044953	0.063135	1
1	0.0052749	0.021186	1
1	0.0011548	0.024185	1
1	0.010152	0.0045039	1
0	-0.009163	0.009665	0
0	-0.013877	0.012732	0
-1	-0.012345	0.0024047	0
-1	-0.013617	0.0008198	0
-1	-0.023419	0.00606	0
0	0.024893	0.025538	1
0	-0.01038	0.024994	0
0	-0.010236	0.020323	0
-1	-0.016196	0.0034001	0
0	0.010113	0.013795	1
0	0.018237	0.017999	1
1	0.0079778	0.0054131	1
1	0.002548	0.0079675	1
1	0.0078307	0.0030933	1
1	0.0085451	0.0032757	1
1	0.0065267	0.0010235	1
0	-0.012375	0.01154	0
0	0.025173	0.018774	1
0	0.0018338	0.018958	1
1	0.0079573	0.012101	1
0	-0.025927	0.018057	0
0	0.0065338	0.019165	0
0	-0.0097654	0.01623	1
0	-0.0050968	0.0083938	0
0	0.017027	0.014313	1
0	-0.0048449	0.012701	0
0	0.0011475	0.011302	1
0	0.019347	0.012599	1
1	0.0069082	0.0093015	1
1	0.024328	0.0089719	1
1	0.013884	0.0087672	1
1	0.023672	0.0058497	1
0	-0.0016432	0.012766	0
0	0.013759	0.012757	1
0	0.020421	0.011317	1
1	0.00024924	0.010278	1
0	-0.0082154	0.014712	0
0	0.0024338	0.0056247	1
0	0.0054937	0.0071961	1
1	0.029327	0.014723	1
0	-0.0090456	0.019373	0
0	0.017945	0.019709	1
0	0.00021339	0.013715	1
1	0.011094	0.0089419	1
1	0.02146	0.010624	1
1	0.0083943	0.0068976	1
0	-0.0078356	0.014676	0
0	0.019305	0.013657	1
0	0.017643	0.015213	1
1	0.0038701	0.0084724	1
0	-0.012994	0.015345	0
0	0.030371	0.02186	0
0	0.018298	0.022381	1
0	-0.016148	0.02414	0
0	0.021504	0.020875	1
0	0.026119	0.023186	1
1	0.00022786	0.01381	1
0	-0.0080681	0.017833	0
0	0.022317	0.015706	1
0	-0.013672	0.019365	0
0	0.0068475	0.018054	1
0	-0.005119	0.010307	0
0	0.0079686	0.0072542	1
0	-0.039873	0.024725	0
0	-0.0094652	0.024212	0
-1	-0.018281	0.015645	0
0	0.019756	0.01991	1
0	0.028986	0.025054	1
1	0.012129	0.0084414	1
0	-0.0061044	0.01755	0
0	-0.0037428	0.0099157	0
-1	-0.017723	0.0074833	0
-1	-0.0091674	0.0070481	0
0	0.034115	0.02779	1
0	0.0050093	0.022066	1
1	0.018099	0.014577	1
1	0.022797	0.0092179	1
1	0.029923	0.0059534	1
1	0.019496	0.0053292	1
0	-0.0033642	0.017026	0
0	-0.067051	0.04485	0
0	0.0014108	0.038223	1
0	0.048618	0.058159	1
1	0.016881	0.024066	1
0	-0.0035414	0.026283	0
0	0.0073548	0.010219	1
0	0.009482	0.0069864	1
1	0.023554	0.008803	1
0	-0.0067784	0.015179	0
0	-0.0015703	0.016219	0
-1	-0.00047466	0.0033681	0
0	0.0053763	0.0037348	1
0	-0.021358	0.014054	1
0	-0.029945	0.018421	0
0	0.014613	0.02364	1
0	-0.040531	0.029264	0
0	-0.059527	0.03851	1
0	0.032141	0.048382	0
0	0.019649	0.049712	1
0	-0.035575	0.036035	0
0	-0.078684	0.049291	0
-1	-0.033356	0.025554	0
0	0.067147	0.074635	1
0	-0.04918	0.063091	0
0	-0.034098	0.063259	0
-1	-0.05406	0.010406	0
0	0.028982	0.043346	1
0	-0.017641	0.041625	1
0	-0.067454	0.048227	0
0	0.064042	0.066389	1
0	0.053604	0.073093	1
1	0.02563	0.019862	1
0	-0.023662	0.03912	0
0	-0.035356	0.032367	0
0	0.0077141	0.022272	1
0	0.03856	0.037126	1
1	0.0021944	0.019598	1
1	0.0012979	0.021259	1
0	-0.0021243	0.0022791	0
0	0.022527	0.013355	1
0	-0.017533	0.020207	0
0	-0.085614	0.054673	0
-1	-0.0020007	0.044474	0
0	0.031301	0.060235	1
0	-0.029252	0.030327	0
0	0.0003381	0.030279	1
0	0.0032856	0.017995	1
1	0.031056	0.016948	1
0	-0.020582	0.025843	0
0	-0.0090641	0.027107	0
0	0.019596	0.02069	1
0	0.045411	0.02725	0
0	-0.0043312	0.024877	1
0	-0.012428	0.031319	0
0	0.014773	0.013967	1
0	-0.00047111	0.013633	0
0	0.001063	0.0083934	1
0	-0.06191	0.035923	0
0	0.015875	0.041303	1
0	-0.032086	0.039243	0
0	-0.045703	0.032346	0
-1	-0.087479	0.028865	0
-1	-0.071011	0.021043	0
-1	-0.0056656	0.043272	0
0	0.059474	0.065243	1
0	0.042628	0.033811	1
1	0.0072555	0.026651	1
0	-0.0013248	0.023298	0
0	0.0011154	0.0044211	0
0	-0.034268	0.019762	1
0	0.025698	0.030144	0
0	0.019583	0.032998	1
0	-0.012282	0.020393	0
0	-0.0030886	0.016401	0
-1	-0.019736	0.0083388	0
-1	-0.039285	0.018118	0
0	0.049812	0.046829	1
0	-0.021833	0.047216	0
0	0.0044084	0.036247	1
0	0.017525	0.02004	1
1	0.009304	0.0066284	1
0	-0.022761	0.021287	0
0	0.006733	0.017817	1
0	-0.016149	0.015477	0
0	0.0033416	0.012349	1
0	-0.019705	0.012408	0
0	0.0075814	0.014684	1
0	0.029201	0.024508	1
1	0.013238	0.011212	1
1	0.032205	0.010195	1
0	-0.00076863	0.016549	0
0	-0.0113	0.022697	0
0	0.023696	0.017954	1
0	0.013551	0.018006	1
1	3.11e-05	0.011872	1
1	0.012314	0.0074743	1
0	-0.029195	0.021323	0
0	0.014764	0.024703	1
0	0.013253	0.024955	1
1	0.0050459	0.0052295	1
1	0.0010086	0.0062393	1
0	-0.018915	0.012828	0
0	0.0023802	0.011919	1
0	0.00021793	0.011721	0
0	-0.016446	0.010302	1
0	-0.0030121	0.0088371	0
0	0.04705	0.033462	1
0	0.021339	0.025034	1
1	0.023584	0.01424	1
1	0.012385	0.005925	1
0	-0.0018514	0.012748	0
0	0.00010696	0.0077163	0
0	-0.0099983	0.0053592	1
0	-0.012932	0.0068402	0
0	0.0047755	0.0094905	1
0	-0.0015249	0.0089755	0
0	-0.011391	0.0081482	1
0	0.015984	0.013864	0
0	-0.00015629	0.01376	1
0	-0.0055744	0.011215	0
0	0.00014654	0.0032191	1
0	0.0073843	0.0064942	0
0	-0.0058652	0.0066342	1
0	-0.053849	0.032217	0
0	0.0026483	0.03046	1
0	0.0070912	0.033974	1
1	0.036264	0.018261	1
1	0.0073483	0.016769	1
0	-0.019126	0.027704	0
0	0.0027246	0.014141	1
0	-0.017515	0.012177	0
0	0.0035661	0.011936	1
0	-0.0035369	0.010726	0
0	-0.0041456	0.0042875	1
0	0.028619	0.018744	0
0	-0.0045617	0.019038	1
0	-0.0024226	0.01857	0
0	0.019116	0.013096	1
0	0.0032003	0.011172	1
1	0.026025	0.011705	1
1	0.0027833	0.0133	1
0	-0.0026698	0.015239	0
0	-0.0095645	0.0061879	0
0	0.002298	0.0059573	1
0	-0.028808	0.015698	0
0	0.0091855	0.020242	1
0	0.00087988	0.019974	0
0	-0.0090779	0.0091441	1
0	-0.070204	0.038489	0
0	0.002799	0.039172	1
0	0.017544	0.046986	0
0	-0.069334	0.046491	1
0	0.020392	0.051001	0
0	-0.050307	0.047278	1
0	0.0072859	0.03761	0
0	-0.018606	0.028845	1
0	0.020815	0.020031	0
0	-0.031922	0.027424	1
0	0.0038477	0.026922	0
0	0.029514	0.030856	1
0	-0.015125	0.022403	0
0	-0.029307	0.030696	1
0	0.010421	0.020133	0
0	0.0049559	0.021533	1
0	-0.060207	0.039294	0
0	-0.0034552	0.035444	0
-1	-0.026137	0.028566	0
0	0.032354	0.02949	1
0	-0.015288	0.031114	1
0	0.020779	0.024848	0
0	-0.0042852	0.018485	1
0	0.01225	0.012743	0
0	-0.0070257	0.010428	1
0	-0.0057629	0.010783	0
0	0.030655	0.021399	1
0	0.0086532	0.01834	0
0	-0.0031404	0.017152	1
0	-0.00069096	0.0062236	0
0	0.022048	0.013889	1
0	-0.0094618	0.016262	0
0	0.0065353	0.015755	1
0	-0.061359	0.035494	0
0	0.010032	0.040246	1
0	-0.023935	0.035709	0
0	0.018495	0.022456	1
0	0.041164	0.033046	1
1	0.0023236	0.019511	1
1	0.011597	0.020285	1
1	0.0035392	0.0050402	1
1	0.00091148	0.0055682	1
0	-0.011507	0.0080365	0
0	-0.019128	0.010115	0
0	0.0017025	0.01054	1
0	0.015708	0.017529	1
1	0.0029651	0.0077471	1
1	0.0049597	0.0068541	1
1	0.011058	0.0042164	1
1	0.015287	0.0051918	1
1	0.024427	0.0068329	1
0	-0.0072782	0.016319	0
0	0.003193	0.016154	0
0	-0.016761	0.0099811	1
0	0.0050191	0.012082	0
0	-0.0087841	0.011019	1
0	-0.010827	0.0086199	0
0	0.025792	0.020578	1
0	0.00056276	0.018741	1
1	0.0011808	0.014391	1
1	0.013222	0.0071371	1
0	-0.002132	0.00808	0
0	-0.014809	0.014037	0
-1	-0.0073412	0.0063718	0
0	0.013928	0.01491	1
0	-0.0036067	0.011356	1
0	0.013339	0.0099578	0
0	0.0044306	0.0084764	1
0	-0.0011051	0.0072872	0
0	-0.013373	0.0091116	1
0	0.003051	0.0085395	0
0	-0.017685	0.010942	1
0	-0.0064224	0.010381	0
0	0.0045245	0.011105	1
0	-0.0040537	0.0057595	0
0	0.0054174	0.0052295	1
0	-0.0041646	0.0055004	0
0	-0.0016867	0.0049737	0
-1	-0.0012118	0.0015856	0
0	0.01799	0.011226	1
0	-0.0012696	0.011103	1
0	0.0013896	0.010437	0
0	-0.026003	0.015106	1
0	-0.020678	0.014524	0
0	0.0011384	0.014381	1
0	0.0044638	0.013657	1
1	0.0023777	0.0016806	1
0	-0.0049189	0.0049266	0
0	0.0066245	0.0058385	1
0	-0.0030013	0.0061858	0
0	-0.0058263	0.0065276	0
-1	-0.0018057	0.0020646	0
0	0.0051331	0.005544	1
0	0.0029238	0.0035448	0
0	-0.0076639	0.0068403	1
0	-0.0014134	0.0053225	0
0	0.0016279	0.0047373	1
0	-0.00055806	0.0015684	0
0	0.0013747	0.0011957	1
0	0.033538	0.019152	0
0	-0.0028427	0.019899	1
0	0.0020724	0.019739	0
0	0.007019	0.0049309	1
0	-0.0033048	0.0051634	0
0	-0.00054738	0.0053453	0
-1	-0.0041107	0.0018686	0
-1	-0.030863	0.01657	0
0	0.0031438	0.017911	1
0	0.013131	0.023064	1
0	-0.0069632	0.010047	0
0	0.00507	0.010112	1
0	0.00074268	0.0060952	0
0	-0.00204	0.0035829	1
0	0.008898	0.0056847	0
0	-0.0053096	0.0074407	1
0	-0.012883	0.011058	0
0	0.014097	0.013916	1
0	0.0050825	0.013735	1
1	0.0047794	0.0052945	1
1	0.00080282	0.0023882	1
1	8.88e-05	0.0025273	1
1	0.01601	0.0089933	1
1	0.00083627	0.0089843	1
1	0.002937	0.0082217	1
0	-0.0021294	0.0025455	0
0	-0.0055048	0.004249	0
0	0.0034615	0.0045285	1
0	0.021805	0.013921	1
1	0.0029604	0.010738	1
0	-0.0018612	0.012507	0
0	-0.00014649	0.0024441	0
-1	-0.0043525	0.0021149	0
-1	-0.0042274	0.0023931	0
-1	-0.0032695	0.00059249	0
0	0.0046052	0.0048467	1
0	-0.0084119	0.0065562	0
0	0.0017767	0.0068466	1
0	0.011978	0.010195	0
0	-0.015705	0.014	1
0	0.00090111	0.013933	0
0	-0.0053428	0.0083879	1
0	-0.0084646	0.0047688	0
0	0.0038529	0.0064035	1
0	0.0013985	0.0065195	1
1	0.0024362	0.0012321	1
1	0.0011933	0.0006663	1
1	0.0090699	0.0042346	1
1	0.0070497	0.004091	1
0	-0.0041879	0.007143	0
0	-0.0030771	0.0061923	1
0	0.018826	0.012978	0
0	0.03011	0.016874	1
0	-0.0044704	0.017635	0
0	-0.0015393	0.019175	0
-1	-0.0025378	0.0014902	0
0	0.00015753	0.0013626	1
0	-0.0083893	0.0043694	0
0	0.0015104	0.0053678	1
0	-0.0035819	0.0049505	0
0	-0.0062735	0.0039532	0
-1	-0.00056815	0.0028542	0
0	0.00020864	0.0035396	1
0	0.0012728	0.00092418	1
1	0.0047705	0.0023867	1
0	-0.0078761	0.0065304	0
0	0.0037952	0.0070369	1
0	0.0016807	0.0062185	1
1	0.0069133	0.0026323	1
0	-0.00054149	0.0038274	0
0	-0.00037715	0.0042574	0
-1	-0.006444	0.0034562	0
-1	-0.016709	0.0082552	0
-1	-0.00069576	0.0081119	0
-1	-0.0066251	0.0080958	0
0	0.0075307	0.0071089	1
0	-0.0017529	0.0071916	0
0	0.0028366	0.0046419	1
0	0.0074939	0.0046235	0
0	-0.0046945	0.0061504	1
0	-0.01691	0.012202	0
0	0.0063566	0.011638	1
0	-0.0030425	0.011704	0
0	0.0041784	0.0049198	1
0	0.0027401	0.0038221	1
1	0.012477	0.0052556	1
1	0.0038526	0.0053293	1
0	-0.0019809	0.0072735	0
0	0.0008	0.0029178	0
0	0.00096892	0.0016565	1
0	-0.0084608	0.0053961	0
0	0.013256	0.010889	1
0	-0.0015325	0.011093	0
0	0.00071165	0.0079694	1
0	0.0027542	0.0021441	1
1	0.011972	0.0059992	1
0	-3.86e-05	0.0062853	0
0	-0.0037566	0.0082206	0
-1	-0.0027125	0.0019176	0
-1	-0.0016648	0.0010459	0
-1	-0.0011527	0.00079511	0
0	0.006825	0.0047606	1
0	-0.007651	0.0072506	1
0	0.009522	0.0092352	0
0	-0.0032451	0.0089193	1
0	0.00072149	0.0065343	0
0	0.0043288	0.0037884	1
0	-0.0053602	0.0048969	0
0	0.011202	0.0083208	1
0	0.0078481	0.008756	1
1	0.003813	0.0036996	1
0	-0.00011078	0.0039796	0
0	-8.16e-05	0.0022571	0
0	0.0020265	0.0012256	1
0	-0.0055521	0.0039116	0
0	0.0069203	0.0062842	1
0	0.007919	0.0075059	1
1	0.0018366	0.0032618	1
1	0.004032	0.0030801	1
1	0.0093329	0.0038539	1
1	0.0039133	0.0030953	1
1	0.0081922	0.0028572	1
0	-0.0073063	0.0080041	0
0	0.0076427	0.0087937	1
0	-0.010123	0.0095485	0
0	-0.016872	0.012663	0
-1	-0.0029573	0.0069583	0
0	0.0047989	0.01098	1
0	-0.001614	0.004145	0
0	0.0067894	0.0043914	1
0	-0.024192	0.016022	0
0	-0.0012144	0.016083	0
-1	-0.0076622	0.011852	0
-1	-0.0114	0.0051525	0
0	0.0016764	0.0067352	1
0	-0.0050956	0.0065396	0
0	-0.0059838	0.0041898	1
0	0.0089089	0.0083537	0
0	-0.00085966	0.0075661	1
0	-0.0084151	0.0086855	0
0	0.0044745	0.0064766	1
0	-0.0018089	0.0064455	0
0	-0.0043722	0.0045519	0
-1	-0.0012508	0.0016646	0
0	0.0037359	0.0040896	1
0	0.0097128	0.0054892	1
1	0.0078032	0.0030527	1
0	-0.00015438	0.0052334	0
0	-0.0059742	0.0069163	0
0	0.0048481	0.0054163	1
0	-0.0016737	0.0054491	0
0	-0.007078	0.0059718	0
-1	-0.0050622	0.0027311	0
0	0.00069025	0.0040312	1
0	-0.00013856	0.0031097	1
0	0.0020817	0.0011219	0
0	0.0039112	0.002028	1
0	-0.0030185	0.0035912	0
0	0.0076893	0.0054307	1
0	0.0027393	0.005359	1
1	0.00010998	0.0038484	1
1	0.0034032	0.0017416	1
1	0.0035724	0.001952	1
0	-0.0069275	0.0060139	0
0	0.0025918	0.0057998	1
0	-0.0022323	0.0047598	0
0	0.0052322	0.0037851	1
0	0.0038424	0.0039697	1
1	0.0050643	0.0007586	1
1	0.0066765	0.0014215	1
0	-0.00013969	0.0035623	0
0	-0.0041009	0.0054514	0
0	0.0056171	0.0048866	1
0	-0.0056642	0.0061121	0
0	0.014599	0.010153	1
0	0.0032926	0.010154	1
1	0.0019926	0.0069336	1
0	-0.0047109	0.004295	0
0	0.00015259	0.0034636	1
0	-0.0079537	0.0040801	0
0	0.0019122	0.0052622	1
0	0.0016306	0.0056166	0
0	-0.0067487	0.0049211	1
0	-0.0021077	0.0041977	0
0	0.005432	0.0061475	1
0	0.0021703	0.0037812	0
0	-0.0015142	0.0034752	1
0	-0.0063183	0.0042566	0
0	0.00027721	0.0034105	1
0	0.008813	0.0075863	0
0	-0.00040774	0.0051373	1
0	0.0020106	0.0047809	0
0	0.0051593	0.0027915	1
0	-0.010254	0.0081437	0
0	0.0011028	0.0079897	1
0	0.0048527	0.0078662	0
0	-0.0047024	0.0048142	1
0	0.0034579	0.0051613	0
0	0.0079781	0.0064267	1
0	-0.0033127	0.0056827	0
0	-0.0023663	0.0062634	0
-1	-0.0013315	0.00099094	0
-1	-0.0082045	0.0037057	0
0	0.0056128	0.0069087	1
0	0.013842	0.011141	1
1	0.0028987	0.0056988	1
1	0.00097224	0.0069416	1
0	-0.0035037	0.0032847	0
0	0.0034774	0.0035366	1
0	-0.002243	0.0037204	0
0	0.0014611	0.0029014	1
0	-0.0079844	0.0047592	0
0	-0.0018823	0.0047894	0
-1	-0.0049423	0.003051	0
-1	-0.0048709	0.0017464	0
0	0.004548	0.0054588	1
0	0.0015133	0.0048077	1
0	-0.010248	0.0078152	0
0	0.0028315	0.0072012	1
0	0.0012232	0.0071327	1
1	0.00044613	0.0012166	1
0	-0.0020214	0.0016941	0
0	-0.0038306	0.0021468	0
-1	-0.0039247	0.0010728	0
-1	-0.0025612	0.00076151	0
-1	-0.0064141	0.0019537	0
-1	-0.0070177	0.0024176	0
-1	-0.0018697	0.0028142	0
-1	-0.004424	0.002574	0
0	0.0056761	0.0052516	1
0	0.00856	0.006818	1
1	0.0040808	0.0022703	1
1	0.0086654	0.002617	1
0	-0.0054492	0.0072003	0
0	-0.003476	0.0076434	0
0	0.0016881	0.0036856	1
0	0.0021709	0.0031302	1
1	0.0037978	0.0011053	1
0	-7.91e-06	0.0019095	0
0	0.017958	0.0094672	1
0	-0.0014986	0.010829	0
0	0.0035771	0.010092	1
0	0.0013896	0.0025459	0
0	-0.0032109	0.0034647	1
0	-0.0050921	0.0033346	0
0	0.0069558	0.0064814	1
0	0.011735	0.0086714	1
1	0.0076706	0.002578	1
1	0.0042662	0.0037395	1
0	-0.00049799	0.0041031	0
0	0.002204	0.0023892	1
0	-0.013111	0.0081748	0
0	-0.0018403	0.0079368	0
-1	-0.0028428	0.0062382	0
0	0.0099195	0.0070966	1
0	-0.002018	0.0071421	0
0	0.011691	0.0074562	1
0	0.00066542	0.0072651	1
1	0.0090634	0.0057588	1
1	0.012479	0.0060792	1
1	0.0018057	0.0054506	1
0	-0.0077689	0.010129	0
0	0.0062151	0.0071492	1
0	-0.00055336	0.0069932	0
0	-0.0043502	0.0053519	0
-1	-0.0084534	0.003951	0
0	0.010966	0.010235	1
0	0.000114	0.0097319	1
0	-0.0011386	0.0066563	0
0	-0.00061339	0.00062902	1
0	0.0046862	0.003222	0
0	-0.0032649	0.0040484	1
0	0.0076792	0.0056562	0
0	0.0043867	0.0056149	1
0	-0.010677	0.0097867	0
0	0.00098898	0.0079008	1
0	0.017061	0.013927	1
1	0.004863	0.0083876	1
0	-0.005146	0.011121	0
0	0.0039884	0.0055435	0
0	-0.006387	0.0056661	1
0	-0.0038098	0.0054022	0
0	0.0018369	0.0042063	1
0	0.0026121	0.0035054	1
1	0.004294	0.0012561	1
1	0.0086974	0.0031424	1
0	-0.0025277	0.0056558	0
0	-0.0087815	0.0088565	0
-1	-0.0054313	0.0031296	0
0	0.0051827	0.0072902	1
0	0.0014538	0.0053846	1
0	-0.00031319	0.0028057	0
0	-0.0040533	0.0028119	0
-1	-0.018453	0.0095778	0
0	0.012977	0.015734	1
0	0.0030783	0.01607	1
0	-0.0012509	0.0072935	0
0	0.0053645	0.0033599	1
0	0.00091307	0.003373	1
1	0.0043814	0.0023385	1
1	0.0030216	0.0017476	1
1	0.0010102	0.0016961	1
0	-0.0057088	0.0045718	0
0	0.016363	0.011314	0
0	0.012371	0.011761	1
0	-0.0021272	0.0097297	0
0	-6.18e-05	0.0078426	0
-1	-0.0031838	0.0015879	0
0	0.0022097	0.0027079	1
0	0.0039363	0.0037141	1
1	0.0029722	0.00086526	1
0	-0.0019695	0.0031683	0
0	-0.0050861	0.0040635	0
-1	-0.0010136	0.0021296	0
-1	-9e-05	0.0026583	0
0	0.0032122	0.0022217	1
0	0.0012173	0.001663	0
0	-0.0032922	0.0033322	1
0	0.00035016	0.0023929	0
0	0.003092	0.0032027	1
0	-0.0028692	0.0029838	0
0	0.0026928	0.0033324	1
0	-0.0012018	0.0028544	0
0	-2.27e-05	0.0019972	0
-1	-0.0051955	0.002711	0
0	0.0007832	0.0032443	1
0	0.00010951	0.0032747	1
1	0.00035031	0.00034138	1
1	0.0036527	0.0019798	1
1	0.011914	0.0059562	1
1	0.0019721	0.0053213	1
1	0.0032965	0.0053981	1
1	0.0026307	0.00066223	1
1	0.0020568	0.00062045	1
0	-0.0019269	0.0024823	0
0	-9.64e-05	0.001994	1
0	0.0079461	0.0052522	0
0	-0.003274	0.0057832	1
0	-0.0011186	0.0059541	0
0	0.0010049	0.0021395	1
0	0.0072752	0.0043643	1
1	0.0044334	0.0031397	1
1	0.0041806	0.0017183	1
1	0.0071095	0.0016229	1
0	-0.0030447	0.0052264	0
0	-0.00074915	0.0053251	0
-1	-0.0025197	0.0012028	0
0	0.00012816	0.0013488	1
0	-0.0011099	0.0013249	1
0	0.0070608	0.0044037	0
0	0.0082959	0.0051113	1
0	-0.0015393	0.0053575	0
0	0.0068908	0.0053194	1
0	0.0088352	0.0055148	1
1	0.0039306	0.0024698	1
0	-0.0069578	0.0080832	0
0	-0.0062647	0.0060962	0
0	0.0076939	0.0082664	1
0	0.0038584	0.0072115	1
1	0.0055771	0.0019212	1
1	0.017826	0.0076167	1
1	0.002339	0.0081687	1
0	-0.029608	0.024188	0
0	0.00044042	0.017922	1
0	-0.01322	0.015045	0
0	0.0014509	0.0081939	1
0	-0.00051052	0.0079644	0
0	-0.011755	0.0071263	0
-1	-0.0019877	0.0061106	0
0	0.0051826	0.0085021	1
0	0.0053033	0.004175	0
0	-0.0060268	0.0065069	1
0	-0.011147	0.0084182	0
0	0.0081395	0.0099905	1
0	0.016516	0.014186	0
0	-0.013142	0.01529	1
0	0.0084851	0.01534	0
0	-0.0059112	0.01101	1
0	-0.01125	0.010208	0
0	0.0011142	0.0062014	1
0	0.012556	0.011906	0
0	-0.0011993	0.007365	1
0	0.009269	0.0071832	0
0	-0.0032573	0.0067173	1
0	-0.0032206	0.0072215	0
0	0.0029895	0.0035961	1
0	-0.015397	0.0093534	0
0	0.0069377	0.01192	1
0	0.0029753	0.011917	1
1	0.014028	0.0055998	1
1	0.0058696	0.0057317	1
1	0.0042369	0.0052457	1
1	0.0024071	0.0017322	1
1	0.0051728	0.0014067	1
1	0.0070041	0.0023143	1
1	0.0044197	0.0013292	1
0	-0.00052923	0.003828	0
0	0.0046164	0.0029157	1
0	5.64e-05	0.002817	1
1	0.0078655	0.0039229	1
0	-0.002432	0.005373	0

